"","docID","negative","positive","polarity"
"1",2,3,4,1
"2",3,5,5,0
"3",4,1,2,1
"4",5,3,4,1
"5",6,3,2,-1
"6",7,1,2,1
"7",8,2,2,0
"8",9,1,3,2
"9",10,1,2,1
"10",12,4,5,1
"11",13,0,2,2
"12",14,0,1,1
"13",15,0,7,7
"14",18,1,1,0
"15",19,0,1,1
"16",21,1,1,0
"17",22,1,1,0
"18",23,0,1,1
"19",24,10,9,-1
"20",26,1,1,0
"21",27,0,1,1
"22",28,8,12,4
"23",29,6,10,4
"24",30,2,4,2
"25",31,1,0,-1
"26",32,4,0,-4
"27",33,0,1,1
"28",34,0,2,2
"29",36,2,1,-1
"30",39,3,0,-3
"31",40,4,10,6
"32",42,0,1,1
"33",43,1,2,1
"34",44,1,1,0
"35",45,2,0,-2
"36",47,1,3,2
"37",49,2,0,-2
"38",50,0,1,1
"39",51,1,5,4
"40",52,0,1,1
"41",53,0,1,1
"42",54,1,0,-1
"43",55,0,1,1
"44",56,1,2,1
"45",57,0,1,1
"46",58,3,0,-3
"47",59,0,1,1
"48",60,1,3,2
"49",61,0,1,1
"50",62,2,0,-2
"51",64,2,1,-1
"52",65,0,2,2
"53",67,0,1,1
"54",68,2,1,-1
"55",69,0,1,1
"56",71,1,0,-1
"57",72,0,1,1
"58",73,4,2,-2
"59",74,0,1,1
"60",76,1,2,1
"61",77,8,12,4
"62",78,2,2,0
"63",79,1,0,-1
"64",81,0,1,1
"65",83,1,0,-1
"66",84,1,0,-1
"67",86,1,1,0
"68",87,1,1,0
"69",88,3,4,1
"70",89,0,2,2
"71",92,2,0,-2
"72",94,3,1,-2
"73",95,4,3,-1
"74",96,0,1,1
"75",97,3,3,0
"76",98,1,1,0
"77",100,1,2,1
"78",101,1,1,0
"79",103,1,3,2
"80",104,2,1,-1
"81",105,1,1,0
"82",107,0,1,1
"83",108,3,15,12
"84",109,0,1,1
"85",110,6,3,-3
"86",112,3,2,-1
"87",113,0,1,1
"88",114,1,0,-1
"89",115,12,8,-4
"90",116,1,1,0
"91",118,7,15,8
"92",119,3,7,4
"93",121,3,3,0
"94",122,0,2,2
"95",123,2,8,6
"96",125,0,2,2
"97",126,0,3,3
"98",127,2,2,0
"99",128,0,3,3
"100",129,0,1,1
"101",130,1,6,5
"102",131,0,2,2
"103",132,2,4,2
"104",133,3,3,0
"105",134,0,2,2
"106",136,0,2,2
"107",137,1,1,0
"108",138,0,1,1
"109",139,1,5,4
"110",141,4,2,-2
"111",143,2,0,-2
"112",144,1,7,6
"113",146,1,1,0
"114",147,3,4,1
"115",148,1,1,0
"116",149,1,2,1
"117",150,0,1,1
"118",153,1,2,1
"119",154,1,0,-1
"120",158,1,1,0
"121",159,0,1,1
"122",160,0,2,2
"123",161,1,1,0
"124",162,0,1,1
"125",163,0,1,1
"126",164,1,0,-1
"127",166,1,1,0
"128",167,3,5,2
"129",168,0,2,2
"130",169,0,1,1
"131",170,0,2,2
"132",172,1,0,-1
"133",173,0,1,1
"134",175,3,3,0
"135",176,1,1,0
"136",177,2,3,1
"137",179,1,0,-1
"138",181,1,2,1
"139",182,2,1,-1
"140",183,0,2,2
"141",184,4,0,-4
"142",188,4,5,1
"143",189,0,1,1
"144",191,0,1,1
"145",192,1,0,-1
"146",193,1,3,2
"147",195,1,1,0
"148",197,1,2,1
"149",198,4,2,-2
"150",199,2,1,-1
"151",200,2,0,-2
"152",202,7,5,-2
"153",203,0,1,1
"154",204,5,11,6
"155",206,5,1,-4
"156",208,2,5,3
"157",209,1,0,-1
"158",210,0,2,2
"159",211,4,4,0
"160",212,2,0,-2
"161",213,1,0,-1
"162",214,1,2,1
"163",215,1,0,-1
"164",216,0,4,4
"165",217,2,2,0
"166",218,0,2,2
"167",219,0,5,5
"168",220,2,4,2
"169",221,5,2,-3
"170",222,2,1,-1
"171",223,0,1,1
"172",225,0,1,1
"173",227,9,10,1
"174",228,4,5,1
"175",229,0,4,4
"176",230,2,0,-2
"177",232,3,4,1
"178",234,0,1,1
"179",235,10,8,-2
"180",236,2,5,3
"181",237,2,1,-1
"182",238,1,1,0
"183",239,2,4,2
"184",240,9,10,1
"185",241,1,2,1
"186",242,0,1,1
"187",243,0,1,1
"188",244,0,2,2
"189",245,0,5,5
"190",246,1,1,0
"191",247,1,1,0
"192",248,3,9,6
"193",249,1,0,-1
"194",250,1,1,0
"195",251,4,0,-4
"196",252,1,3,2
"197",253,2,2,0
"198",254,0,1,1
"199",256,0,1,1
"200",258,6,2,-4
"201",259,0,1,1
"202",260,0,2,2
"203",261,2,0,-2
"204",262,0,2,2
"205",263,0,2,2
"206",264,4,9,5
"207",266,0,5,5
"208",267,0,1,1
"209",268,3,1,-2
"210",269,1,0,-1
"211",270,1,0,-1
"212",271,1,1,0
"213",274,3,3,0
"214",275,0,1,1
"215",277,1,4,3
"216",278,0,4,4
"217",279,3,2,-1
"218",280,11,11,0
"219",281,0,1,1
"220",282,1,1,0
"221",283,0,1,1
"222",284,0,1,1
"223",286,4,2,-2
"224",287,1,5,4
"225",288,0,3,3
"226",289,2,2,0
"227",291,0,2,2
"228",292,0,4,4
"229",293,6,5,-1
"230",295,0,2,2
"231",296,1,0,-1
"232",297,1,1,0
"233",298,1,0,-1
"234",299,2,1,-1
"235",300,10,9,-1
"236",301,1,1,0
"237",303,2,2,0
"238",304,1,0,-1
"239",306,9,10,1
"240",307,1,2,1
"241",308,2,2,0
"242",311,2,0,-2
"243",312,2,0,-2
"244",314,1,0,-1
"245",315,2,4,2
"246",317,8,12,4
"247",318,2,3,1
"248",319,0,1,1
"249",320,4,1,-3
"250",322,1,1,0
"251",324,1,1,0
"252",326,26,12,-14
"253",327,0,1,1
"254",328,0,2,2
"255",329,2,1,-1
"256",330,0,1,1
"257",331,2,1,-1
"258",333,1,1,0
"259",334,1,2,1
"260",336,1,0,-1
"261",337,1,2,1
"262",340,1,2,1
"263",341,0,2,2
"264",342,0,1,1
"265",343,1,0,-1
"266",344,1,1,0
"267",347,0,2,2
"268",349,1,1,0
"269",352,3,0,-3
"270",353,3,4,1
"271",354,1,2,1
"272",355,0,2,2
"273",357,3,1,-2
"274",358,2,0,-2
"275",361,3,8,5
"276",363,1,4,3
"277",365,1,0,-1
"278",366,22,20,-2
"279",367,6,5,-1
"280",368,1,1,0
"281",369,2,0,-2
"282",370,1,2,1
"283",372,2,3,1
"284",373,2,1,-1
"285",374,2,0,-2
"286",375,4,0,-4
"287",376,1,2,1
"288",377,0,10,10
"289",378,6,12,6
"290",379,11,7,-4
"291",380,1,1,0
"292",381,0,1,1
"293",382,6,16,10
"294",383,0,1,1
"295",384,5,3,-2
"296",386,0,2,2
"297",387,2,1,-1
"298",388,2,3,1
"299",389,0,5,5
"300",390,1,5,4
"301",391,2,2,0
"302",393,2,6,4
"303",394,1,3,2
"304",397,4,20,16
"305",398,1,0,-1
"306",401,1,1,0
"307",403,2,8,6
"308",404,1,3,2
"309",405,1,1,0
"310",406,1,1,0
"311",407,3,7,4
"312",408,1,7,6
"313",409,1,1,0
"314",410,3,3,0
"315",411,2,2,0
"316",412,8,5,-3
"317",413,10,11,1
"318",414,1,1,0
"319",415,8,13,5
"320",416,1,1,0
"321",418,2,4,2
"322",419,0,2,2
"323",420,0,2,2
"324",421,1,0,-1
"325",422,3,3,0
"326",423,1,3,2
"327",424,1,1,0
"328",425,1,3,2
"329",426,0,1,1
"330",427,0,1,1
"331",428,6,6,0
"332",429,7,4,-3
"333",430,1,1,0
"334",431,0,1,1
"335",432,7,8,1
"336",433,1,0,-1
"337",434,1,1,0
"338",435,5,6,1
"339",436,1,1,0
"340",437,1,0,-1
"341",439,1,11,10
"342",440,0,9,9
"343",441,1,4,3
"344",442,2,1,-1
"345",443,4,6,2
"346",444,0,8,8
"347",445,1,11,10
"348",446,2,0,-2
"349",447,0,1,1
"350",448,4,0,-4
"351",449,0,1,1
"352",450,3,0,-3
"353",451,1,1,0
"354",452,2,1,-1
"355",453,1,0,-1
"356",455,8,11,3
"357",456,1,1,0
"358",457,1,1,0
"359",458,2,0,-2
"360",459,1,1,0
"361",460,10,11,1
"362",461,1,0,-1
"363",462,4,10,6
"364",463,0,6,6
"365",464,1,1,0
"366",465,0,1,1
"367",466,0,5,5
"368",467,1,2,1
"369",468,4,9,5
"370",469,5,9,4
"371",471,1,1,0
"372",472,4,6,2
"373",473,3,9,6
"374",474,0,1,1
"375",475,2,1,-1
"376",476,7,12,5
"377",477,1,1,0
"378",478,2,1,-1
"379",479,1,1,0
"380",480,9,14,5
"381",482,13,6,-7
"382",483,7,1,-6
"383",485,0,4,4
"384",486,1,1,0
"385",487,0,5,5
"386",488,0,1,1
"387",489,1,1,0
"388",490,1,11,10
"389",491,1,0,-1
"390",493,3,9,6
"391",494,0,5,5
"392",495,1,9,8
"393",496,0,1,1
"394",497,4,8,4
"395",498,6,0,-6
"396",500,1,1,0
"397",501,2,2,0
"398",502,1,1,0
"399",503,5,2,-3
"400",505,0,1,1
"401",506,0,2,2
"402",507,7,9,2
"403",509,2,5,3
"404",510,1,7,6
"405",511,8,4,-4
"406",512,7,12,5
"407",513,1,0,-1
"408",514,2,8,6
"409",515,1,6,5
"410",516,1,5,4
"411",517,1,0,-1
"412",518,1,1,0
"413",519,0,7,7
"414",521,4,4,0
"415",522,1,6,5
"416",523,1,1,0
"417",524,6,11,5
"418",525,1,1,0
"419",526,8,6,-2
"420",527,4,13,9
"421",528,1,1,0
"422",529,4,8,4
"423",530,2,7,5
"424",531,1,1,0
"425",532,0,1,1
"426",533,1,1,0
"427",534,1,9,8
"428",535,0,4,4
"429",536,0,2,2
"430",537,1,1,0
"431",538,1,1,0
"432",539,3,0,-3
"433",540,2,3,1
"434",542,0,1,1
"435",543,3,5,2
"436",544,0,3,3
"437",545,0,2,2
"438",546,1,0,-1
"439",548,0,1,1
"440",549,21,33,12
"441",550,1,1,0
"442",551,1,4,3
"443",552,4,1,-3
"444",553,1,9,8
"445",554,7,9,2
"446",555,1,6,5
"447",556,0,5,5
"448",557,1,0,-1
"449",558,1,0,-1
"450",559,1,1,0
"451",560,1,1,0
"452",561,0,2,2
"453",562,2,1,-1
"454",563,0,5,5
"455",564,0,3,3
"456",565,0,5,5
"457",566,1,1,0
"458",567,0,1,1
"459",568,1,2,1
"460",569,4,5,1
"461",570,0,2,2
"462",573,5,6,1
"463",574,1,6,5
"464",575,6,10,4
"465",576,0,1,1
"466",577,1,8,7
"467",579,2,6,4
"468",580,1,0,-1
"469",582,3,2,-1
"470",583,10,11,1
"471",584,1,8,7
"472",585,7,12,5
"473",586,6,7,1
"474",587,1,1,0
"475",588,8,8,0
"476",589,5,5,0
"477",590,1,6,5
"478",591,8,18,10
"479",592,0,5,5
"480",593,15,9,-6
"481",594,2,23,21
"482",596,4,5,1
"483",597,1,3,2
"484",598,1,2,1
"485",599,0,2,2
"486",600,2,3,1
"487",601,3,10,7
"488",602,3,13,10
"489",603,0,1,1
"490",604,0,5,5
"491",605,1,4,3
"492",606,1,6,5
"493",607,1,1,0
"494",608,1,1,0
"495",610,3,4,1
"496",611,17,17,0
"497",612,1,0,-1
"498",613,1,2,1
"499",614,1,1,0
"500",616,0,1,1
"501",617,1,1,0
"502",618,9,7,-2
"503",619,2,7,5
"504",620,0,6,6
"505",622,0,1,1
"506",624,1,9,8
"507",625,0,5,5
"508",626,1,2,1
"509",627,0,3,3
"510",628,0,3,3
"511",629,0,3,3
"512",630,9,13,4
"513",631,0,1,1
"514",633,0,1,1
"515",634,0,4,4
"516",635,2,7,5
"517",636,1,8,7
"518",637,1,0,-1
"519",638,2,0,-2
"520",639,1,5,4
"521",640,8,15,7
"522",641,1,1,0
"523",642,2,5,3
"524",644,12,50,38
"525",645,1,1,0
"526",646,1,6,5
"527",647,1,3,2
"528",648,1,1,0
"529",650,1,1,0
"530",651,2,5,3
"531",652,0,2,2
"532",653,1,1,0
"533",654,0,1,1
"534",656,2,0,-2
"535",659,2,0,-2
"536",660,2,0,-2
"537",662,0,2,2
"538",663,2,8,6
"539",664,2,0,-2
"540",665,0,2,2
"541",666,2,0,-2
"542",667,1,0,-1
"543",668,2,4,2
"544",669,1,0,-1
"545",670,0,1,1
"546",671,2,2,0
"547",672,0,1,1
"548",674,0,4,4
"549",678,0,1,1
"550",679,1,0,-1
"551",680,1,0,-1
"552",681,2,3,1
"553",682,3,1,-2
"554",684,0,2,2
"555",685,2,0,-2
"556",686,7,5,-2
"557",687,2,3,1
"558",688,0,2,2
"559",689,2,1,-1
"560",690,1,0,-1
"561",691,2,1,-1
"562",693,2,2,0
"563",694,1,0,-1
"564",695,0,3,3
"565",696,2,4,2
"566",697,4,1,-3
"567",698,0,1,1
"568",699,3,3,0
"569",700,4,0,-4
"570",702,2,2,0
"571",703,1,1,0
"572",705,1,0,-1
"573",707,0,5,5
"574",708,1,1,0
"575",709,0,2,2
"576",711,1,0,-1
"577",714,1,0,-1
"578",715,3,7,4
"579",716,2,0,-2
"580",718,1,3,2
"581",719,3,2,-1
"582",720,2,2,0
"583",721,1,4,3
"584",724,1,1,0
"585",725,1,3,2
"586",728,1,0,-1
"587",729,0,1,1
"588",730,31,14,-17
"589",731,1,8,7
"590",732,1,1,0
"591",733,0,1,1
"592",734,1,6,5
"593",736,2,7,5
"594",737,0,2,2
"595",739,4,8,4
"596",740,1,0,-1
"597",742,0,1,1
"598",743,1,0,-1
"599",744,1,2,1
"600",746,2,7,5
"601",748,0,1,1
"602",749,0,1,1
"603",750,1,0,-1
"604",752,0,1,1
"605",753,1,1,0
"606",754,1,4,3
"607",755,1,2,1
"608",756,1,4,3
"609",757,2,3,1
"610",758,1,0,-1
"611",761,4,8,4
"612",762,2,1,-1
"613",763,0,1,1
"614",764,0,4,4
"615",765,1,1,0
"616",766,6,5,-1
"617",767,0,2,2
"618",769,3,0,-3
"619",770,0,4,4
"620",771,0,4,4
"621",772,11,8,-3
"622",773,2,7,5
"623",774,0,1,1
"624",777,1,0,-1
"625",779,8,7,-1
"626",780,0,1,1
"627",781,1,3,2
"628",782,1,0,-1
"629",783,1,0,-1
"630",784,2,3,1
"631",785,0,5,5
"632",786,2,6,4
"633",787,1,0,-1
"634",788,0,1,1
"635",790,3,3,0
"636",791,1,3,2
"637",792,2,5,3
"638",793,4,1,-3
"639",795,1,2,1
"640",796,10,4,-6
"641",797,3,0,-3
"642",798,1,0,-1
"643",799,2,3,1
"644",800,1,0,-1
"645",801,0,1,1
"646",802,1,3,2
"647",804,0,5,5
"648",805,2,0,-2
"649",806,0,1,1
"650",807,2,2,0
"651",809,0,2,2
"652",810,2,5,3
"653",811,1,3,2
"654",812,0,2,2
"655",813,1,0,-1
"656",814,1,0,-1
"657",816,2,2,0
"658",817,2,0,-2
"659",818,0,2,2
"660",820,2,3,1
"661",821,8,6,-2
"662",822,3,2,-1
"663",823,0,1,1
"664",824,2,0,-2
"665",826,0,4,4
"666",827,0,1,1
"667",828,1,0,-1
"668",829,2,1,-1
"669",831,1,2,1
"670",832,3,0,-3
"671",833,1,0,-1
"672",835,1,0,-1
"673",836,2,1,-1
"674",837,0,1,1
"675",838,3,1,-2
"676",841,0,1,1
"677",842,1,2,1
"678",843,2,1,-1
"679",844,1,5,4
"680",845,1,0,-1
"681",846,1,1,0
"682",847,3,0,-3
"683",848,3,0,-3
"684",849,6,1,-5
"685",850,5,4,-1
"686",851,1,0,-1
"687",852,3,4,1
"688",853,0,1,1
"689",855,2,6,4
"690",856,4,1,-3
"691",857,1,0,-1
"692",858,1,0,-1
"693",863,3,1,-2
"694",864,0,2,2
"695",865,2,3,1
"696",867,3,7,4
"697",869,0,1,1
"698",870,2,4,2
"699",872,2,2,0
"700",873,2,2,0
"701",874,3,5,2
"702",875,0,1,1
"703",876,2,1,-1
"704",877,2,4,2
"705",878,3,4,1
"706",879,5,12,7
"707",881,2,0,-2
"708",882,1,1,0
"709",883,1,0,-1
"710",884,3,1,-2
"711",885,1,3,2
"712",888,2,0,-2
"713",889,3,1,-2
"714",890,2,3,1
"715",891,0,1,1
"716",892,2,2,0
"717",893,5,1,-4
"718",895,0,1,1
"719",896,0,3,3
"720",898,2,1,-1
"721",899,4,0,-4
"722",900,3,4,1
"723",902,7,7,0
"724",904,1,5,4
"725",905,1,0,-1
"726",906,4,6,2
"727",907,0,2,2
"728",908,1,3,2
"729",909,2,0,-2
"730",910,3,1,-2
"731",911,4,1,-3
"732",912,5,5,0
"733",913,2,1,-1
"734",914,2,1,-1
"735",915,1,2,1
"736",916,1,2,1
"737",917,6,4,-2
"738",918,1,1,0
"739",919,1,26,25
"740",920,1,1,0
"741",921,1,0,-1
"742",922,1,1,0
"743",923,3,1,-2
"744",924,0,1,1
"745",926,1,1,0
"746",927,0,1,1
"747",928,2,0,-2
"748",929,5,4,-1
"749",931,4,3,-1
"750",933,1,0,-1
"751",934,2,3,1
"752",937,2,4,2
"753",938,2,1,-1
"754",939,2,6,4
"755",941,7,2,-5
"756",942,24,10,-14
"757",944,0,2,2
"758",945,1,0,-1
"759",946,1,1,0
"760",947,1,0,-1
"761",948,8,10,2
"762",949,2,1,-1
"763",951,0,3,3
"764",952,2,3,1
"765",953,1,0,-1
"766",954,11,6,-5
"767",955,0,2,2
"768",956,1,2,1
"769",957,2,1,-1
"770",958,2,1,-1
"771",959,3,3,0
"772",960,1,2,1
"773",961,1,2,1
"774",964,1,0,-1
"775",965,2,3,1
"776",966,0,1,1
"777",967,3,1,-2
"778",968,0,1,1
"779",969,2,1,-1
"780",970,1,1,0
"781",971,3,5,2
"782",972,1,1,0
"783",973,3,9,6
"784",974,1,3,2
"785",975,1,6,5
"786",976,4,2,-2
"787",978,5,8,3
"788",980,5,3,-2
"789",981,1,0,-1
"790",982,1,0,-1
"791",983,1,2,1
"792",985,2,0,-2
"793",986,4,2,-2
"794",987,0,1,1
"795",988,2,2,0
"796",989,4,2,-2
"797",990,1,0,-1
"798",991,0,1,1
"799",993,1,0,-1
"800",995,3,1,-2
"801",996,2,3,1
"802",997,4,7,3
"803",998,2,2,0
"804",999,0,3,3
"805",1000,0,5,5
"806",1001,1,2,1
"807",1003,2,1,-1
"808",1004,3,1,-2
"809",1005,1,0,-1
"810",1006,84,75,-9
"811",1007,0,1,1
"812",1008,1,1,0
"813",1009,0,2,2
"814",1010,0,2,2
"815",1011,21,6,-15
"816",1012,0,1,1
"817",1013,17,8,-9
"818",1014,5,6,1
"819",1015,1,3,2
"820",1016,0,2,2
"821",1017,1,0,-1
"822",1018,0,2,2
"823",1019,0,4,4
"824",1020,1,1,0
"825",1021,2,2,0
"826",1022,2,9,7
"827",1023,6,4,-2
"828",1024,1,2,1
"829",1025,0,2,2
"830",1026,1,0,-1
"831",1027,6,8,2
"832",1028,0,1,1
"833",1029,2,0,-2
"834",1030,0,2,2
"835",1031,1,0,-1
"836",1032,2,0,-2
"837",1034,1,2,1
"838",1035,2,7,5
"839",1036,3,1,-2
"840",1037,0,1,1
"841",1038,2,2,0
"842",1040,0,3,3
"843",1041,0,1,1
"844",1042,1,3,2
"845",1043,4,3,-1
"846",1044,2,1,-1
"847",1045,24,7,-17
"848",1046,1,1,0
"849",1047,0,2,2
"850",1048,2,1,-1
"851",1049,2,3,1
"852",1050,2,2,0
"853",1051,1,1,0
"854",1053,1,0,-1
"855",1054,1,0,-1
"856",1055,0,1,1
"857",1056,2,9,7
"858",1058,9,3,-6
"859",1059,1,2,1
"860",1060,2,3,1
"861",1061,1,1,0
"862",1062,0,5,5
"863",1063,12,4,-8
"864",1064,0,1,1
"865",1065,12,8,-4
"866",1066,16,6,-10
"867",1067,13,7,-6
"868",1068,2,2,0
"869",1069,1,5,4
"870",1070,1,6,5
"871",1071,1,1,0
"872",1072,2,0,-2
"873",1073,35,30,-5
"874",1075,1,3,2
"875",1076,3,6,3
"876",1077,5,4,-1
"877",1078,5,0,-5
"878",1079,1,2,1
"879",1080,0,1,1
"880",1081,0,1,1
"881",1082,1,1,0
"882",1083,1,1,0
"883",1085,3,1,-2
"884",1086,4,4,0
"885",1089,4,5,1
"886",1090,1,1,0
"887",1091,2,4,2
"888",1092,1,3,2
"889",1093,2,0,-2
"890",1094,8,1,-7
"891",1095,2,2,0
"892",1096,1,1,0
"893",1097,0,2,2
"894",1098,1,4,3
"895",1099,1,1,0
"896",1100,4,2,-2
"897",1101,1,1,0
"898",1102,1,1,0
"899",1103,0,3,3
"900",1104,1,1,0
"901",1105,0,1,1
"902",1106,0,3,3
"903",1107,4,5,1
"904",1108,6,6,0
"905",1109,0,2,2
"906",1110,0,3,3
"907",1112,1,3,2
"908",1115,0,1,1
"909",1116,8,8,0
"910",1117,0,3,3
"911",1118,2,6,4
"912",1119,1,2,1
"913",1120,2,4,2
"914",1121,5,5,0
"915",1122,6,5,-1
"916",1125,0,5,5
"917",1126,13,22,9
"918",1128,0,5,5
"919",1129,0,2,2
"920",1130,2,0,-2
"921",1132,4,1,-3
"922",1133,0,1,1
"923",1134,0,1,1
"924",1135,1,2,1
"925",1136,2,2,0
"926",1137,3,5,2
"927",1138,7,5,-2
"928",1139,6,5,-1
"929",1140,1,2,1
"930",1142,1,0,-1
"931",1143,0,1,1
"932",1145,1,0,-1
"933",1146,1,3,2
"934",1148,0,4,4
"935",1149,4,4,0
"936",1150,2,5,3
"937",1151,4,6,2
"938",1152,0,1,1
"939",1153,3,4,1
"940",1155,0,3,3
"941",1157,0,5,5
"942",1158,2,4,2
"943",1161,2,3,1
"944",1162,1,0,-1
"945",1163,1,3,2
"946",1164,3,1,-2
"947",1165,0,2,2
"948",1166,1,0,-1
"949",1167,3,4,1
"950",1168,1,1,0
"951",1169,2,0,-2
"952",1170,3,5,2
"953",1171,2,2,0
"954",1173,1,1,0
"955",1174,9,8,-1
"956",1175,1,2,1
"957",1176,1,4,3
"958",1178,1,0,-1
"959",1179,1,0,-1
"960",1180,0,1,1
"961",1181,1,0,-1
"962",1182,2,6,4
"963",1186,8,5,-3
"964",1187,0,5,5
"965",1188,7,5,-2
"966",1189,0,2,2
"967",1190,2,8,6
"968",1191,0,8,8
"969",1192,4,6,2
"970",1193,0,1,1
"971",1194,0,2,2
"972",1195,9,9,0
"973",1196,7,10,3
"974",1197,2,4,2
"975",1198,2,2,0
"976",1199,2,4,2
"977",1201,1,0,-1
"978",1202,1,3,2
"979",1203,4,0,-4
"980",1204,3,0,-3
"981",1205,1,0,-1
"982",1206,0,2,2
"983",1207,0,1,1
"984",1209,0,1,1
"985",1210,4,5,1
"986",1211,1,3,2
"987",1213,1,2,1
"988",1216,3,2,-1
"989",1217,1,1,0
"990",1218,1,4,3
"991",1219,1,6,5
"992",1220,2,3,1
"993",1221,1,0,-1
"994",1222,3,0,-3
"995",1223,1,1,0
"996",1224,3,3,0
"997",1225,0,1,1
"998",1226,6,7,1
"999",1227,4,7,3
"1000",1228,1,0,-1
"1001",1230,0,1,1
"1002",1231,0,2,2
"1003",1232,0,1,1
"1004",1233,2,8,6
"1005",1234,0,1,1
"1006",1235,2,0,-2
"1007",1237,3,1,-2
"1008",1238,3,1,-2
"1009",1239,0,2,2
"1010",1240,2,1,-1
"1011",1241,4,8,4
"1012",1243,0,1,1
"1013",1244,0,2,2
"1014",1245,2,2,0
"1015",1247,0,1,1
"1016",1248,15,8,-7
"1017",1250,1,1,0
"1018",1252,1,4,3
"1019",1253,0,1,1
"1020",1254,0,2,2
"1021",1255,1,0,-1
"1022",1256,1,5,4
"1023",1258,4,3,-1
"1024",1259,2,1,-1
"1025",1260,5,3,-2
"1026",1261,0,3,3
"1027",1262,2,2,0
"1028",1263,3,1,-2
"1029",1267,1,0,-1
"1030",1268,1,6,5
"1031",1269,4,1,-3
"1032",1270,2,2,0
"1033",1271,1,0,-1
"1034",1272,5,1,-4
"1035",1273,2,0,-2
"1036",1275,6,14,8
"1037",1276,1,1,0
"1038",1277,0,1,1
"1039",1278,3,0,-3
"1040",1279,1,0,-1
"1041",1280,2,0,-2
"1042",1281,0,1,1
"1043",1283,0,3,3
"1044",1284,1,1,0
"1045",1285,2,2,0
"1046",1286,2,2,0
"1047",1287,8,6,-2
"1048",1288,0,2,2
"1049",1289,0,2,2
"1050",1290,8,9,1
"1051",1291,1,1,0
"1052",1292,6,15,9
"1053",1293,1,1,0
"1054",1294,1,1,0
"1055",1295,0,2,2
"1056",1296,2,4,2
"1057",1297,0,1,1
"1058",1298,0,1,1
"1059",1300,4,4,0
"1060",1301,0,2,2
"1061",1302,2,1,-1
"1062",1303,0,2,2
"1063",1304,1,4,3
"1064",1305,5,7,2
"1065",1306,1,1,0
"1066",1307,3,4,1
"1067",1308,0,1,1
"1068",1309,2,2,0
"1069",1310,2,8,6
"1070",1311,2,4,2
"1071",1314,0,4,4
"1072",1315,8,4,-4
"1073",1317,2,0,-2
"1074",1318,0,2,2
"1075",1319,2,0,-2
"1076",1321,0,3,3
"1077",1322,4,1,-3
"1078",1323,1,11,10
"1079",1325,6,2,-4
"1080",1326,3,1,-2
"1081",1327,1,0,-1
"1082",1328,0,6,6
"1083",1329,8,6,-2
"1084",1330,8,6,-2
"1085",1331,0,1,1
"1086",1332,3,1,-2
"1087",1333,1,5,4
"1088",1334,7,0,-7
"1089",1335,5,4,-1
"1090",1336,2,1,-1
"1091",1338,1,0,-1
"1092",1339,1,0,-1
"1093",1340,0,1,1
"1094",1341,4,4,0
"1095",1342,4,2,-2
"1096",1343,1,2,1
"1097",1344,1,0,-1
"1098",1345,1,2,1
"1099",1346,3,0,-3
"1100",1347,1,0,-1
"1101",1348,5,5,0
"1102",1350,0,2,2
"1103",1351,0,3,3
"1104",1352,1,1,0
"1105",1353,1,2,1
"1106",1354,5,3,-2
"1107",1355,0,2,2
"1108",1357,1,1,0
"1109",1358,0,2,2
"1110",1359,11,6,-5
"1111",1360,2,12,10
"1112",1361,0,4,4
"1113",1362,1,1,0
"1114",1363,4,4,0
"1115",1365,14,9,-5
"1116",1367,6,1,-5
"1117",1368,3,6,3
"1118",1369,5,2,-3
"1119",1370,8,2,-6
"1120",1371,2,3,1
"1121",1372,2,5,3
"1122",1374,1,4,3
"1123",1375,0,1,1
"1124",1376,7,3,-4
"1125",1377,0,1,1
"1126",1378,0,1,1
"1127",1379,1,2,1
"1128",1380,0,1,1
"1129",1381,14,5,-9
"1130",1382,1,0,-1
"1131",1384,0,5,5
"1132",1385,2,7,5
"1133",1386,2,2,0
"1134",1387,0,1,1
"1135",1389,0,1,1
"1136",1390,3,10,7
"1137",1391,2,0,-2
"1138",1392,3,6,3
"1139",1393,0,1,1
"1140",1394,0,1,1
"1141",1395,4,4,0
"1142",1396,0,1,1
"1143",1397,0,1,1
"1144",1398,3,2,-1
"1145",1399,11,5,-6
"1146",1400,1,9,8
"1147",1402,0,5,5
"1148",1403,2,0,-2
"1149",1404,0,1,1
"1150",1405,2,0,-2
"1151",1406,2,0,-2
"1152",1407,0,1,1
"1153",1409,0,1,1
"1154",1410,1,0,-1
"1155",1411,2,4,2
"1156",1413,0,1,1
"1157",1414,1,0,-1
"1158",1415,0,2,2
"1159",1416,3,4,1
"1160",1417,1,1,0
"1161",1418,2,1,-1
"1162",1419,5,2,-3
"1163",1420,1,1,0
"1164",1421,1,2,1
"1165",1422,0,1,1
"1166",1423,0,1,1
"1167",1424,6,0,-6
"1168",1425,7,9,2
"1169",1426,4,9,5
"1170",1427,15,9,-6
"1171",1428,3,7,4
"1172",1429,1,1,0
"1173",1430,1,1,0
"1174",1431,1,0,-1
"1175",1432,1,1,0
"1176",1433,6,6,0
"1177",1434,0,2,2
"1178",1435,3,9,6
"1179",1437,3,7,4
"1180",1438,1,7,6
"1181",1439,2,4,2
"1182",1440,0,1,1
"1183",1441,5,4,-1
"1184",1443,2,3,1
"1185",1444,4,7,3
"1186",1446,12,15,3
"1187",1447,1,1,0
"1188",1448,2,1,-1
"1189",1449,0,1,1
"1190",1450,1,3,2
"1191",1451,7,1,-6
"1192",1452,1,3,2
"1193",1453,1,0,-1
"1194",1454,2,3,1
"1195",1455,1,1,0
"1196",1456,3,2,-1
"1197",1457,14,4,-10
"1198",1458,1,1,0
"1199",1459,2,11,9
"1200",1460,1,0,-1
"1201",1461,1,3,2
"1202",1462,0,1,1
"1203",1463,7,16,9
"1204",1465,1,5,4
"1205",1466,0,2,2
"1206",1467,1,1,0
"1207",1468,3,1,-2
"1208",1469,0,1,1
"1209",1470,1,1,0
"1210",1472,1,1,0
"1211",1473,10,14,4
"1212",1474,1,1,0
"1213",1476,3,1,-2
"1214",1478,0,1,1
"1215",1479,3,3,0
"1216",1480,5,1,-4
"1217",1481,8,15,7
"1218",1482,5,1,-4
"1219",1483,2,1,-1
"1220",1484,2,4,2
"1221",1486,1,3,2
"1222",1487,2,4,2
"1223",1488,10,2,-8
"1224",1490,2,0,-2
"1225",1491,1,1,0
"1226",1492,8,3,-5
"1227",1493,0,2,2
"1228",1495,0,1,1
"1229",1496,1,1,0
"1230",1498,1,0,-1
"1231",1499,1,0,-1
"1232",1500,6,6,0
"1233",1501,1,3,2
"1234",1502,14,11,-3
"1235",1504,1,1,0
"1236",1505,2,2,0
"1237",1506,4,3,-1
"1238",1507,2,4,2
"1239",1508,0,3,3
"1240",1509,0,1,1
"1241",1510,3,1,-2
"1242",1511,2,4,2
"1243",1512,1,1,0
"1244",1513,0,1,1
"1245",1514,1,5,4
"1246",1516,8,8,0
"1247",1518,6,10,4
"1248",1519,1,0,-1
"1249",1520,2,1,-1
"1250",1521,2,5,3
"1251",1522,3,2,-1
"1252",1524,0,2,2
"1253",1525,7,3,-4
"1254",1526,1,1,0
"1255",1527,2,4,2
"1256",1529,2,0,-2
"1257",1530,1,0,-1
"1258",1531,2,0,-2
"1259",1532,1,0,-1
"1260",1533,4,3,-1
"1261",1534,0,1,1
"1262",1535,0,1,1
"1263",1536,1,2,1
"1264",1538,0,2,2
"1265",1539,8,5,-3
"1266",1540,2,1,-1
"1267",1541,1,2,1
"1268",1542,3,6,3
"1269",1544,1,0,-1
"1270",1545,0,2,2
"1271",1546,1,2,1
"1272",1548,0,1,1
"1273",1549,9,5,-4
"1274",1550,0,1,1
"1275",1552,4,3,-1
"1276",1553,0,3,3
"1277",1554,2,0,-2
"1278",1555,1,0,-1
"1279",1556,4,1,-3
"1280",1557,1,0,-1
"1281",1558,0,1,1
"1282",1559,0,2,2
"1283",1560,2,0,-2
"1284",1561,2,0,-2
"1285",1562,0,3,3
"1286",1563,20,8,-12
"1287",1564,1,4,3
"1288",1565,1,0,-1
"1289",1566,0,1,1
"1290",1567,0,3,3
"1291",1568,1,6,5
"1292",1569,1,2,1
"1293",1572,0,1,1
"1294",1573,3,1,-2
"1295",1575,0,1,1
"1296",1576,0,1,1
"1297",1577,1,4,3
"1298",1578,1,1,0
"1299",1580,1,2,1
"1300",1581,0,2,2
"1301",1582,8,4,-4
"1302",1584,0,1,1
"1303",1585,4,7,3
"1304",1587,1,3,2
"1305",1588,1,4,3
"1306",1589,2,3,1
"1307",1590,0,2,2
"1308",1591,1,0,-1
"1309",1592,1,0,-1
"1310",1593,5,2,-3
"1311",1594,3,3,0
"1312",1595,1,1,0
"1313",1596,6,7,1
"1314",1597,1,0,-1
"1315",1598,2,0,-2
"1316",1599,7,2,-5
"1317",1600,1,1,0
"1318",1601,0,1,1
"1319",1602,0,1,1
"1320",1603,1,1,0
"1321",1604,5,2,-3
"1322",1605,4,4,0
"1323",1608,0,1,1
"1324",1610,0,5,5
"1325",1611,2,1,-1
"1326",1612,1,4,3
"1327",1613,1,0,-1
"1328",1614,2,6,4
"1329",1615,4,0,-4
"1330",1616,11,7,-4
"1331",1617,2,0,-2
"1332",1618,7,24,17
"1333",1619,2,1,-1
"1334",1620,1,1,0
"1335",1621,1,2,1
"1336",1622,0,2,2
"1337",1623,2,1,-1
"1338",1624,0,2,2
"1339",1625,4,8,4
"1340",1627,1,0,-1
"1341",1628,4,4,0
"1342",1629,0,2,2
"1343",1630,22,15,-7
"1344",1631,0,1,1
"1345",1632,1,4,3
"1346",1633,0,7,7
"1347",1634,17,17,0
"1348",1636,5,59,54
"1349",1638,0,5,5
"1350",1639,2,2,0
"1351",1640,1,9,8
"1352",1642,1,11,10
"1353",1643,0,3,3
"1354",1644,8,14,6
"1355",1645,3,5,2
"1356",1646,0,11,11
"1357",1647,1,2,1
"1358",1648,6,16,10
"1359",1650,9,5,-4
"1360",1651,3,9,6
"1361",1652,0,1,1
"1362",1653,11,4,-7
"1363",1654,0,1,1
"1364",1655,16,13,-3
"1365",1656,2,0,-2
"1366",1657,3,4,1
"1367",1658,2,2,0
"1368",1659,2,2,0
"1369",1660,3,5,2
"1370",1661,0,3,3
"1371",1662,3,1,-2
"1372",1663,2,2,0
"1373",1664,1,0,-1
"1374",1665,3,2,-1
"1375",1666,1,1,0
"1376",1667,2,2,0
"1377",1668,5,19,14
"1378",1669,1,0,-1
"1379",1670,5,1,-4
"1380",1671,4,6,2
"1381",1673,0,8,8
"1382",1674,1,8,7
"1383",1675,1,1,0
"1384",1676,1,8,7
"1385",1677,2,5,3
"1386",1678,174,95,-79
"1387",1679,0,1,1
"1388",1680,0,1,1
"1389",1681,3,12,9
"1390",1682,12,28,16
"1391",1683,7,12,5
"1392",1684,0,3,3
"1393",1685,2,0,-2
"1394",1686,22,12,-10
"1395",1687,17,18,1
"1396",1688,11,6,-5
"1397",1689,1,0,-1
"1398",1691,1,0,-1
"1399",1692,2,0,-2
"1400",1693,1,2,1
"1401",1694,2,0,-2
"1402",1695,104,54,-50
"1403",1696,1,0,-1
"1404",1697,2,2,0
"1405",1698,1,0,-1
"1406",1699,2,2,0
"1407",1700,0,1,1
"1408",1701,3,3,0
"1409",1702,2,1,-1
"1410",1703,4,1,-3
"1411",1704,3,4,1
"1412",1706,7,2,-5
"1413",1707,5,3,-2
"1414",1708,14,12,-2
"1415",1709,6,9,3
"1416",1710,2,2,0
"1417",1711,2,9,7
"1418",1712,4,4,0
"1419",1714,3,5,2
"1420",1715,1,11,10
"1421",1717,3,3,0
"1422",1718,4,5,1
"1423",1719,6,15,9
"1424",1720,0,1,1
"1425",1721,1,11,10
"1426",1723,20,17,-3
"1427",1724,1,0,-1
"1428",1725,2,5,3
"1429",1726,1,0,-1
"1430",1727,0,2,2
"1431",1728,2,0,-2
"1432",1729,6,19,13
"1433",1730,3,11,8
"1434",1731,5,35,30
"1435",1732,6,11,5
"1436",1733,0,2,2
"1437",1734,3,2,-1
"1438",1735,2,2,0
"1439",1736,4,0,-4
"1440",1737,13,28,15
"1441",1739,2,5,3
"1442",1740,4,15,11
"1443",1743,9,8,-1
"1444",1744,4,17,13
"1445",1745,1,4,3
"1446",1746,167,124,-43
"1447",1749,0,1,1
"1448",1750,4,7,3
"1449",1751,17,21,4
"1450",1752,3,2,-1
"1451",1753,2,8,6
"1452",1754,3,2,-1
"1453",1755,1,1,0
"1454",1756,116,77,-39
"1455",1757,2,3,1
"1456",1758,8,20,12
"1457",1759,1,0,-1
"1458",1760,10,12,2
"1459",1761,0,1,1
"1460",1762,0,1,1
"1461",1763,6,1,-5
"1462",1765,1,7,6
"1463",1766,7,22,15
"1464",1767,1,10,9
"1465",1769,8,12,4
"1466",1770,0,3,3
"1467",1771,0,2,2
"1468",1772,1,1,0
"1469",1773,115,86,-29
"1470",1774,1,6,5
"1471",1775,0,1,1
"1472",1777,4,13,9
"1473",1778,170,121,-49
"1474",1779,9,30,21
"1475",1781,24,50,26
"1476",1782,2,7,5
"1477",1783,0,1,1
"1478",1784,3,2,-1
"1479",1785,1,4,3
"1480",1786,1,4,3
"1481",1787,0,21,21
"1482",1788,17,14,-3
"1483",1789,3,3,0
"1484",1790,4,2,-2
"1485",1791,1,4,3
"1486",1792,2,6,4
"1487",1793,3,5,2
"1488",1794,0,2,2
"1489",1795,3,2,-1
"1490",1796,5,5,0
"1491",1797,3,4,1
"1492",1798,1,3,2
"1493",1799,0,2,2
"1494",1800,8,18,10
"1495",1801,18,9,-9
"1496",1802,0,3,3
"1497",1803,3,17,14
"1498",1804,1,1,0
"1499",1805,1,5,4
"1500",1806,0,1,1
"1501",1807,0,2,2
"1502",1808,1,2,1
"1503",1809,2,0,-2
"1504",1810,6,4,-2
"1505",1812,2,12,10
"1506",1813,2,0,-2
"1507",1815,5,5,0
"1508",1816,1,0,-1
"1509",1817,0,1,1
"1510",1818,0,9,9
"1511",1819,5,19,14
"1512",1820,1,11,10
"1513",1822,7,8,1
"1514",1823,1,1,0
"1515",1824,6,2,-4
"1516",1825,2,2,0
"1517",1826,9,32,23
"1518",1827,1,9,8
"1519",1828,2,2,0
"1520",1829,0,1,1
"1521",1830,4,0,-4
"1522",1831,5,3,-2
"1523",1832,2,1,-1
"1524",1833,1,2,1
"1525",1834,0,1,1
"1526",1835,1,2,1
"1527",1836,6,5,-1
"1528",1838,0,8,8
"1529",1839,4,13,9
"1530",1840,0,4,4
"1531",1841,0,2,2
"1532",1842,1,16,15
"1533",1843,0,2,2
"1534",1844,0,3,3
"1535",1845,6,8,2
"1536",1846,6,11,5
"1537",1847,1,11,10
"1538",1848,2,7,5
"1539",1849,2,1,-1
"1540",1850,15,10,-5
"1541",1851,4,6,2
"1542",1852,12,19,7
"1543",1853,121,97,-24
"1544",1855,0,2,2
"1545",1857,1,2,1
"1546",1858,0,2,2
"1547",1859,1,2,1
"1548",1861,2,3,1
"1549",1862,4,13,9
"1550",1864,5,10,5
"1551",1865,0,2,2
"1552",1866,3,4,1
"1553",1867,9,20,11
"1554",1868,5,11,6
"1555",1869,2,7,5
"1556",1870,5,2,-3
"1557",1871,1,2,1
"1558",1872,5,9,4
"1559",1873,3,4,1
"1560",1874,2,8,6
"1561",1875,1,4,3
"1562",1876,2,2,0
"1563",1878,0,1,1
"1564",1879,0,2,2
"1565",1880,1,0,-1
"1566",1881,1,1,0
"1567",1882,8,9,1
"1568",1883,6,2,-4
"1569",1884,2,2,0
"1570",1885,0,9,9
"1571",1886,14,12,-2
"1572",1888,4,3,-1
"1573",1889,0,1,1
"1574",1890,0,1,1
"1575",1891,6,2,-4
"1576",1892,1,2,1
"1577",1894,1,1,0
"1578",1895,1,0,-1
"1579",1896,1,12,11
"1580",1897,1,2,1
"1581",1898,35,18,-17
"1582",1899,0,1,1
"1583",1900,0,2,2
"1584",1901,4,5,1
"1585",1902,1,4,3
"1586",1903,1,0,-1
"1587",1904,0,9,9
"1588",1905,14,8,-6
"1589",1906,1,1,0
"1590",1907,1,1,0
"1591",1908,3,4,1
"1592",1909,1,4,3
"1593",1910,2,11,9
"1594",1911,1,4,3
"1595",1912,1,1,0
"1596",1913,13,11,-2
"1597",1914,0,7,7
"1598",1916,0,1,1
"1599",1917,0,2,2
"1600",1918,5,2,-3
"1601",1919,0,1,1
"1602",1920,0,10,10
"1603",1921,1,0,-1
"1604",1922,7,2,-5
"1605",1923,3,5,2
"1606",1924,8,10,2
"1607",1925,3,0,-3
"1608",1926,0,2,2
"1609",1927,2,0,-2
"1610",1928,0,3,3
"1611",1930,4,3,-1
"1612",1931,1,4,3
"1613",1932,0,2,2
"1614",1934,22,13,-9
"1615",1935,0,3,3
"1616",1936,1,0,-1
"1617",1937,1,0,-1
"1618",1938,6,1,-5
"1619",1939,3,2,-1
"1620",1940,5,0,-5
"1621",1941,1,0,-1
"1622",1942,21,11,-10
"1623",1943,18,17,-1
"1624",1944,0,1,1
"1625",1945,3,1,-2
"1626",1947,1,0,-1
"1627",1948,1,7,6
"1628",1949,2,2,0
"1629",1950,17,15,-2
"1630",1951,2,9,7
"1631",1952,11,22,11
"1632",1953,5,1,-4
"1633",1954,9,12,3
"1634",1955,3,6,3
"1635",1956,1,0,-1
"1636",1957,15,14,-1
"1637",1958,1,0,-1
"1638",1959,0,4,4
"1639",1960,137,77,-60
"1640",1961,4,13,9
"1641",1962,2,1,-1
"1642",1963,2,1,-1
"1643",1964,5,28,23
"1644",1965,3,4,1
"1645",1966,5,2,-3
"1646",1967,6,5,-1
"1647",1969,2,6,4
"1648",1970,0,3,3
"1649",1971,0,3,3
"1650",1972,2,8,6
"1651",1973,1,0,-1
"1652",1975,1,2,1
"1653",1976,3,3,0
"1654",1978,1,0,-1
"1655",1979,9,7,-2
"1656",1981,151,93,-58
"1657",1982,2,3,1
"1658",1984,3,3,0
"1659",1985,1,1,0
"1660",1986,1,0,-1
"1661",1987,4,8,4
"1662",1988,2,8,6
"1663",1990,0,1,1
"1664",1991,4,3,-1
"1665",1992,3,0,-3
"1666",1993,9,17,8
"1667",1994,1,0,-1
"1668",1995,5,0,-5
"1669",1996,0,1,1
"1670",1998,2,9,7
"1671",1999,1,0,-1
"1672",2000,3,0,-3
"1673",2001,0,1,1
"1674",2002,1,1,0
"1675",2003,2,5,3
"1676",2005,1,2,1
"1677",2006,1,0,-1
"1678",2008,6,14,8
"1679",2009,0,4,4
"1680",2010,16,12,-4
"1681",2011,2,0,-2
"1682",2012,5,7,2
"1683",2014,0,1,1
"1684",2015,0,3,3
"1685",2016,5,5,0
"1686",2017,6,9,3
"1687",2018,1,4,3
"1688",2019,3,3,0
"1689",2020,3,5,2
"1690",2021,155,113,-42
"1691",2022,2,1,-1
"1692",2023,1,9,8
"1693",2024,0,1,1
"1694",2027,3,0,-3
"1695",2028,4,1,-3
"1696",2029,2,2,0
"1697",2030,2,0,-2
"1698",2031,0,1,1
"1699",2032,2,3,1
"1700",2033,1,0,-1
"1701",2034,2,2,0
"1702",2035,2,2,0
"1703",2036,0,2,2
"1704",2037,0,2,2
"1705",2038,2,4,2
"1706",2040,1,4,3
"1707",2041,3,9,6
"1708",2042,3,6,3
"1709",2043,0,1,1
"1710",2044,1,4,3
"1711",2046,1,1,0
"1712",2047,2,2,0
"1713",2048,3,1,-2
"1714",2049,1,0,-1
"1715",2050,18,13,-5
"1716",2052,2,4,2
"1717",2053,8,3,-5
"1718",2054,0,1,1
"1719",2055,3,1,-2
"1720",2056,1,1,0
"1721",2057,1,1,0
"1722",2058,2,3,1
"1723",2059,8,6,-2
"1724",2060,2,2,0
"1725",2061,0,3,3
"1726",2063,3,2,-1
"1727",2065,1,0,-1
"1728",2066,1,0,-1
"1729",2067,2,1,-1
"1730",2068,1,2,1
"1731",2069,1,3,2
"1732",2071,1,9,8
"1733",2072,10,4,-6
"1734",2073,1,3,2
"1735",2074,0,1,1
"1736",2075,3,1,-2
"1737",2076,7,5,-2
"1738",2077,0,2,2
"1739",2078,1,1,0
"1740",2079,0,1,1
"1741",2081,2,0,-2
"1742",2082,1,4,3
"1743",2083,3,3,0
"1744",2084,4,1,-3
"1745",2085,1,1,0
"1746",2086,15,6,-9
"1747",2087,0,1,1
"1748",2088,0,1,1
"1749",2089,2,5,3
"1750",2090,0,3,3
"1751",2091,1,0,-1
"1752",2092,1,0,-1
"1753",2093,1,0,-1
"1754",2096,4,6,2
"1755",2097,3,0,-3
"1756",2098,3,0,-3
"1757",2099,13,12,-1
"1758",2100,8,4,-4
"1759",2101,0,2,2
"1760",2102,6,6,0
"1761",2103,1,1,0
"1762",2104,10,6,-4
"1763",2105,0,3,3
"1764",2106,1,1,0
"1765",2107,2,2,0
"1766",2108,0,1,1
"1767",2109,1,4,3
"1768",2110,2,2,0
"1769",2111,6,2,-4
"1770",2112,0,2,2
"1771",2113,1,2,1
"1772",2114,0,1,1
"1773",2118,9,11,2
"1774",2120,5,4,-1
"1775",2121,2,2,0
"1776",2122,6,2,-4
"1777",2124,0,1,1
"1778",2125,0,1,1
"1779",2127,2,1,-1
"1780",2128,1,1,0
"1781",2130,4,0,-4
"1782",2131,1,0,-1
"1783",2132,3,1,-2
"1784",2134,0,1,1
"1785",2135,3,2,-1
"1786",2136,0,1,1
"1787",2137,1,2,1
"1788",2138,1,0,-1
"1789",2140,2,0,-2
"1790",2141,0,4,4
"1791",2142,1,1,0
"1792",2144,0,1,1
"1793",2145,3,3,0
"1794",2146,8,3,-5
"1795",2147,3,1,-2
"1796",2148,7,4,-3
"1797",2149,2,3,1
"1798",2151,1,3,2
"1799",2153,0,5,5
"1800",2154,5,2,-3
"1801",2156,2,2,0
"1802",2157,2,0,-2
"1803",2158,8,3,-5
"1804",2159,2,2,0
"1805",2160,4,1,-3
"1806",2161,5,1,-4
"1807",2162,8,8,0
"1808",2163,2,3,1
"1809",2164,7,8,1
"1810",2165,2,1,-1
"1811",2167,36,16,-20
"1812",2168,6,2,-4
"1813",2170,1,1,0
"1814",2171,5,8,3
"1815",2172,0,1,1
"1816",2173,1,0,-1
"1817",2174,2,1,-1
"1818",2175,1,0,-1
"1819",2176,0,1,1
"1820",2177,0,2,2
"1821",2178,3,1,-2
"1822",2179,1,0,-1
"1823",2180,2,7,5
"1824",2181,1,1,0
"1825",2182,0,3,3
"1826",2183,1,0,-1
"1827",2184,31,24,-7
"1828",2185,1,5,4
"1829",2186,1,3,2
"1830",2187,6,2,-4
"1831",2188,2,1,-1
"1832",2189,1,6,5
"1833",2190,2,1,-1
"1834",2191,0,2,2
"1835",2192,2,1,-1
"1836",2194,2,2,0
"1837",2197,1,0,-1
"1838",2198,1,1,0
"1839",2199,1,2,1
"1840",2200,4,1,-3
"1841",2201,1,2,1
"1842",2203,0,2,2
"1843",2204,0,1,1
"1844",2205,1,1,0
"1845",2208,1,2,1
"1846",2209,9,4,-5
"1847",2210,0,3,3
"1848",2211,3,0,-3
"1849",2212,1,3,2
"1850",2213,4,3,-1
"1851",2214,1,2,1
"1852",2216,1,1,0
"1853",2217,1,1,0
"1854",2218,1,7,6
"1855",2219,1,4,3
"1856",2220,3,3,0
"1857",2221,0,2,2
"1858",2222,3,1,-2
"1859",2223,2,3,1
"1860",2224,1,0,-1
"1861",2225,2,2,0
"1862",2226,0,2,2
"1863",2227,1,2,1
"1864",2228,0,2,2
"1865",2229,1,3,2
"1866",2230,6,6,0
"1867",2231,2,1,-1
"1868",2232,1,0,-1
"1869",2233,6,3,-3
"1870",2234,1,2,1
"1871",2235,1,3,2
"1872",2237,1,1,0
"1873",2238,2,4,2
"1874",2239,1,2,1
"1875",2241,2,2,0
"1876",2242,0,2,2
"1877",2243,1,2,1
"1878",2244,4,5,1
"1879",2245,4,1,-3
"1880",2246,2,0,-2
"1881",2247,0,2,2
"1882",2250,2,1,-1
"1883",2251,3,3,0
"1884",2252,2,2,0
"1885",2253,3,1,-2
"1886",2254,3,2,-1
"1887",2255,0,2,2
"1888",2256,0,5,5
"1889",2257,2,0,-2
"1890",2258,1,0,-1
"1891",2259,2,0,-2
"1892",2260,7,1,-6
"1893",2261,2,2,0
"1894",2262,1,1,0
"1895",2263,3,1,-2
"1896",2264,4,2,-2
"1897",2265,4,2,-2
"1898",2266,3,1,-2
"1899",2267,4,2,-2
"1900",2268,1,1,0
"1901",2269,64,45,-19
"1902",2270,2,2,0
"1903",2272,0,2,2
"1904",2275,2,0,-2
"1905",2276,0,2,2
"1906",2277,9,7,-2
"1907",2280,1,4,3
"1908",2281,1,3,2
"1909",2282,1,2,1
"1910",2283,4,1,-3
"1911",2284,3,1,-2
"1912",2285,5,3,-2
"1913",2286,8,5,-3
"1914",2287,1,2,1
"1915",2288,1,1,0
"1916",2289,4,2,-2
"1917",2290,1,1,0
"1918",2291,3,1,-2
"1919",2292,1,0,-1
"1920",2293,2,1,-1
"1921",2295,8,6,-2
"1922",2297,0,1,1
"1923",2298,4,1,-3
"1924",2299,2,0,-2
"1925",2300,3,1,-2
"1926",2303,1,1,0
"1927",2305,1,0,-1
"1928",2306,1,1,0
"1929",2307,1,3,2
"1930",2308,7,2,-5
"1931",2310,0,2,2
"1932",2311,3,2,-1
"1933",2312,2,0,-2
"1934",2313,0,2,2
"1935",2314,2,2,0
"1936",2315,3,0,-3
"1937",2316,3,0,-3
"1938",2317,3,3,0
"1939",2318,1,1,0
"1940",2319,3,1,-2
"1941",2320,2,3,1
"1942",2321,1,2,1
"1943",2323,3,1,-2
"1944",2324,1,4,3
"1945",2325,3,4,1
"1946",2326,1,2,1
"1947",2327,5,3,-2
"1948",2328,0,1,1
"1949",2329,0,2,2
"1950",2330,1,2,1
"1951",2331,2,0,-2
"1952",2332,2,0,-2
"1953",2334,3,0,-3
"1954",2335,1,1,0
"1955",2336,3,3,0
"1956",2337,0,1,1
"1957",2339,0,2,2
"1958",2340,1,0,-1
"1959",2341,1,0,-1
"1960",2343,6,3,-3
"1961",2344,2,0,-2
"1962",2345,0,2,2
"1963",2346,1,0,-1
"1964",2350,0,2,2
"1965",2351,0,1,1
"1966",2354,1,1,0
"1967",2355,1,2,1
"1968",2356,9,5,-4
"1969",2357,2,0,-2
"1970",2358,2,1,-1
"1971",2359,2,2,0
"1972",2360,1,0,-1
"1973",2363,4,2,-2
"1974",2365,1,1,0
"1975",2367,1,1,0
"1976",2368,9,5,-4
"1977",2370,0,1,1
"1978",2372,1,1,0
"1979",2373,0,2,2
"1980",2374,0,1,1
"1981",2375,79,40,-39
"1982",2376,1,1,0
"1983",2377,1,2,1
"1984",2378,6,5,-1
"1985",2380,1,2,1
"1986",2382,3,3,0
"1987",2383,7,3,-4
"1988",2384,0,2,2
"1989",2385,0,1,1
"1990",2386,4,1,-3
"1991",2387,12,10,-2
"1992",2388,2,1,-1
"1993",2389,2,0,-2
"1994",2390,0,2,2
"1995",2391,1,0,-1
"1996",2392,1,0,-1
"1997",2393,1,0,-1
"1998",2395,0,1,1
"1999",2396,0,1,1
"2000",2397,2,3,1
"2001",2398,2,2,0
"2002",2400,6,5,-1
"2003",2402,1,4,3
"2004",2404,17,15,-2
"2005",2405,0,2,2
"2006",2406,2,4,2
"2007",2408,23,15,-8
"2008",2409,1,3,2
"2009",2410,2,3,1
"2010",2411,0,1,1
"2011",2412,5,5,0
"2012",2413,3,1,-2
"2013",2414,3,1,-2
"2014",2415,3,2,-1
"2015",2416,3,1,-2
"2016",2417,3,2,-1
"2017",2418,6,5,-1
"2018",2419,1,1,0
"2019",2420,3,4,1
"2020",2422,0,1,1
"2021",2424,1,2,1
"2022",2425,0,1,1
"2023",2426,2,3,1
"2024",2427,2,1,-1
"2025",2430,2,0,-2
"2026",2431,2,1,-1
"2027",2432,0,1,1
"2028",2433,0,3,3
"2029",2434,4,1,-3
"2030",2435,3,4,1
"2031",2436,3,0,-3
"2032",2437,2,1,-1
"2033",2438,6,6,0
"2034",2439,6,6,0
"2035",2443,0,1,1
"2036",2444,3,2,-1
"2037",2445,0,2,2
"2038",2446,0,1,1
"2039",2448,2,3,1
"2040",2449,1,1,0
"2041",2450,5,1,-4
"2042",2451,1,0,-1
"2043",2452,1,1,0
"2044",2453,8,2,-6
"2045",2454,0,6,6
"2046",2455,8,6,-2
"2047",2456,5,0,-5
"2048",2457,1,1,0
"2049",2458,22,11,-11
"2050",2463,0,1,1
"2051",2466,1,0,-1
"2052",2467,0,2,2
"2053",2468,0,1,1
"2054",2469,0,2,2
"2055",2470,0,3,3
"2056",2471,0,1,1
"2057",2472,0,1,1
"2058",2474,1,0,-1
"2059",2475,3,0,-3
"2060",2476,3,7,4
"2061",2477,1,2,1
"2062",2478,1,5,4
"2063",2479,2,7,5
"2064",2481,0,9,9
"2065",2482,1,1,0
"2066",2485,0,1,1
"2067",2486,9,7,-2
"2068",2487,1,2,1
"2069",2488,6,7,1
"2070",2489,1,1,0
"2071",2490,0,1,1
"2072",2491,0,3,3
"2073",2492,0,4,4
"2074",2493,0,3,3
"2075",2494,3,6,3
"2076",2495,1,10,9
"2077",2496,0,3,3
"2078",2497,13,15,2
"2079",2498,0,2,2
"2080",2499,0,8,8
"2081",2500,1,3,2
"2082",2501,3,5,2
"2083",2502,1,0,-1
"2084",2503,2,4,2
"2085",2504,0,1,1
"2086",2505,1,1,0
"2087",2506,0,1,1
"2088",2507,0,1,1
"2089",2508,11,5,-6
"2090",2509,3,5,2
"2091",2510,0,1,1
"2092",2511,16,22,6
"2093",2512,2,4,2
"2094",2513,6,11,5
"2095",2514,0,1,1
"2096",2515,2,3,1
"2097",2516,0,1,1
"2098",2517,6,9,3
"2099",2518,0,1,1
"2100",2519,6,25,19
"2101",2520,0,1,1
"2102",2521,16,31,15
"2103",2522,5,5,0
"2104",2524,1,3,2
"2105",2525,0,1,1
"2106",2526,2,3,1
"2107",2527,0,4,4
"2108",2528,0,5,5
"2109",2529,0,1,1
"2110",2530,16,18,2
"2111",2531,0,4,4
"2112",2532,6,2,-4
"2113",2533,6,26,20
"2114",2534,0,1,1
"2115",2535,0,4,4
"2116",2536,35,29,-6
"2117",2537,11,5,-6
"2118",2538,0,7,7
"2119",2539,15,3,-12
"2120",2540,1,0,-1
"2121",2541,1,9,8
"2122",2542,2,0,-2
"2123",2543,0,1,1
"2124",2544,5,14,9
"2125",2545,3,11,8
"2126",2546,0,1,1
"2127",2547,7,6,-1
"2128",2548,1,2,1
"2129",2549,1,2,1
"2130",2550,0,3,3
"2131",2552,8,2,-6
"2132",2553,1,0,-1
"2133",2554,2,5,3
"2134",2555,2,4,2
"2135",2556,0,1,1
"2136",2557,2,3,1
"2137",2558,0,1,1
"2138",2559,0,1,1
"2139",2560,0,1,1
"2140",2561,6,5,-1
"2141",2562,19,34,15
"2142",2563,1,1,0
"2143",2564,9,17,8
"2144",2565,0,1,1
"2145",2566,2,4,2
"2146",2567,18,19,1
"2147",2568,0,1,1
"2148",2569,2,4,2
"2149",2570,2,11,9
"2150",2571,2,3,1
"2151",2572,2,3,1
"2152",2573,1,4,3
"2153",2574,2,1,-1
"2154",2575,3,0,-3
"2155",2576,0,1,1
"2156",2577,0,1,1
"2157",2578,17,9,-8
"2158",2579,7,3,-4
"2159",2580,2,3,1
"2160",2581,0,1,1
"2161",2582,8,38,30
"2162",2583,0,5,5
"2163",2584,29,40,11
"2164",2585,0,1,1
"2165",2586,21,16,-5
"2166",2587,41,41,0
"2167",2588,0,1,1
"2168",2589,0,1,1
"2169",2590,2,0,-2
"2170",2591,14,6,-8
"2171",2592,0,1,1
"2172",2593,0,1,1
"2173",2594,2,3,1
"2174",2595,2,5,3
"2175",2596,21,38,17
"2176",2597,13,6,-7
"2177",2598,0,1,1
"2178",2599,0,2,2
"2179",2600,14,23,9
"2180",2601,0,1,1
"2181",2602,1,2,1
"2182",2603,0,1,1
"2183",2604,0,1,1
"2184",2605,0,5,5
"2185",2606,6,6,0
"2186",2607,2,3,1
"2187",2608,2,1,-1
"2188",2609,14,16,2
"2189",2610,2,3,1
"2190",2611,8,25,17
"2191",2612,0,1,1
"2192",2613,23,24,1
"2193",2614,0,1,1
"2194",2615,2,3,1
"2195",2616,23,8,-15
"2196",2617,2,4,2
"2197",2618,2,5,3
"2198",2619,6,16,10
"2199",2620,2,1,-1
"2200",2621,0,1,1
"2201",2622,0,1,1
"2202",2623,0,1,1
"2203",2624,8,9,1
"2204",2625,2,1,-1
"2205",2626,0,1,1
"2206",2627,0,1,1
"2207",2628,0,4,4
"2208",2629,0,1,1
"2209",2630,2,4,2
"2210",2631,5,5,0
"2211",2632,0,1,1
"2212",2633,0,1,1
"2213",2634,9,10,1
"2214",2635,0,1,1
"2215",2636,22,25,3
"2216",2637,14,36,22
"2217",2638,0,3,3
"2218",2639,2,3,1
"2219",2640,0,1,1
"2220",2641,7,10,3
"2221",2642,1,7,6
"2222",2643,0,1,1
"2223",2645,8,4,-4
"2224",2647,2,1,-1
"2225",2648,3,11,8
"2226",2649,6,11,5
"2227",2650,1,3,2
"2228",2652,0,2,2
"2229",2653,2,6,4
"2230",2654,2,4,2
"2231",2655,0,1,1
"2232",2656,0,1,1
"2233",2657,13,8,-5
"2234",2658,5,5,0
"2235",2659,3,1,-2
"2236",2660,2,1,-1
"2237",2661,0,1,1
"2238",2662,12,20,8
"2239",2663,0,1,1
"2240",2664,0,7,7
"2241",2665,0,1,1
"2242",2666,0,1,1
"2243",2667,2,5,3
"2244",2668,0,1,1
"2245",2669,0,3,3
"2246",2670,3,0,-3
"2247",2671,0,4,4
"2248",2672,0,1,1
"2249",2673,0,1,1
"2250",2674,1,1,0
"2251",2675,1,3,2
"2252",2676,0,1,1
"2253",2677,3,3,0
"2254",2678,0,1,1
"2255",2679,2,0,-2
"2256",2680,1,5,4
"2257",2681,0,5,5
"2258",2682,14,23,9
"2259",2683,1,0,-1
"2260",2684,0,3,3
"2261",2685,2,3,1
"2262",2686,2,0,-2
"2263",2687,0,1,1
"2264",2688,0,1,1
"2265",2689,1,2,1
"2266",2690,2,4,2
"2267",2691,0,1,1
"2268",2692,10,22,12
"2269",2693,2,8,6
"2270",2694,0,1,1
"2271",2695,6,14,8
"2272",2696,0,1,1
"2273",2700,0,7,7
"2274",2701,2,7,5
"2275",2702,0,1,1
"2276",2703,0,4,4
"2277",2704,3,8,5
"2278",2705,0,1,1
"2279",2706,4,0,-4
"2280",2707,3,4,1
"2281",2708,0,1,1
"2282",2710,13,25,12
"2283",2712,0,1,1
"2284",2713,0,1,1
"2285",2714,2,2,0
"2286",2715,1,2,1
"2287",2716,0,2,2
"2288",2717,0,1,1
"2289",2718,17,31,14
"2290",2720,3,2,-1
"2291",2721,3,15,12
"2292",2722,3,4,1
"2293",2723,0,7,7
"2294",2725,0,2,2
"2295",2726,1,1,0
"2296",2729,1,2,1
"2297",2730,0,1,1
"2298",2731,3,0,-3
"2299",2732,0,4,4
"2300",2733,1,2,1
"2301",2734,0,1,1
"2302",2735,1,3,2
"2303",2736,5,8,3
"2304",2737,1,0,-1
"2305",2738,2,2,0
"2306",2739,4,1,-3
"2307",2741,0,5,5
"2308",2742,0,3,3
"2309",2743,1,1,0
"2310",2745,0,1,1
"2311",2746,0,8,8
"2312",2747,2,8,6
"2313",2748,0,2,2
"2314",2749,0,11,11
"2315",2750,5,11,6
"2316",2751,0,8,8
"2317",2752,0,1,1
"2318",2753,0,1,1
"2319",2755,0,3,3
"2320",2756,3,7,4
"2321",2757,0,1,1
"2322",2758,1,1,0
"2323",2759,1,0,-1
"2324",2761,0,3,3
"2325",2762,0,3,3
"2326",2763,1,2,1
"2327",2764,2,2,0
"2328",2765,1,13,12
"2329",2766,9,7,-2
"2330",2768,0,1,1
"2331",2769,2,7,5
"2332",2770,3,3,0
"2333",2771,1,1,0
"2334",2772,1,2,1
"2335",2774,14,15,1
"2336",2775,2,0,-2
"2337",2776,3,7,4
"2338",2777,0,1,1
"2339",2778,0,1,1
"2340",2779,1,2,1
"2341",2780,0,7,7
"2342",2781,2,1,-1
"2343",2782,0,2,2
"2344",2783,0,6,6
"2345",2784,0,2,2
"2346",2785,1,8,7
"2347",2786,0,1,1
"2348",2787,0,1,1
"2349",2788,1,1,0
"2350",2789,0,1,1
"2351",2790,2,0,-2
"2352",2791,1,2,1
"2353",2792,1,0,-1
"2354",2793,0,1,1
"2355",2794,1,4,3
"2356",2795,2,5,3
"2357",2796,2,2,0
"2358",2797,3,2,-1
"2359",2798,1,2,1
"2360",2800,1,0,-1
"2361",2802,0,6,6
"2362",2803,2,5,3
"2363",2804,0,1,1
"2364",2805,0,2,2
"2365",2806,5,7,2
"2366",2807,2,5,3
"2367",2808,8,5,-3
"2368",2809,19,34,15
"2369",2810,1,1,0
"2370",2811,2,4,2
"2371",2812,10,5,-5
"2372",2814,2,0,-2
"2373",2815,2,0,-2
"2374",2816,2,6,4
"2375",2817,0,4,4
"2376",2818,0,1,1
"2377",2819,2,0,-2
"2378",2820,9,3,-6
"2379",2821,4,1,-3
"2380",2822,1,1,0
"2381",2823,3,4,1
"2382",2824,0,2,2
"2383",2825,1,1,0
"2384",2826,6,12,6
"2385",2827,2,4,2
"2386",2828,0,1,1
"2387",2829,2,0,-2
"2388",2830,1,0,-1
"2389",2832,0,5,5
"2390",2833,1,8,7
"2391",2834,0,9,9
"2392",2835,4,11,7
"2393",2836,3,4,1
"2394",2837,0,2,2
"2395",2838,0,4,4
"2396",2839,4,4,0
"2397",2840,2,2,0
"2398",2841,1,4,3
"2399",2842,5,5,0
"2400",2843,0,2,2
"2401",2844,4,4,0
"2402",2845,1,1,0
"2403",2846,61,63,2
"2404",2847,28,9,-19
"2405",2848,4,8,4
"2406",2849,0,2,2
"2407",2851,1,0,-1
"2408",2852,1,0,-1
"2409",2853,2,2,0
"2410",2854,3,1,-2
"2411",2855,0,2,2
"2412",2856,0,5,5
"2413",2857,2,3,1
"2414",2858,3,2,-1
"2415",2859,1,1,0
"2416",2860,2,2,0
"2417",2861,2,2,0
"2418",2862,1,2,1
"2419",2863,1,1,0
"2420",2864,1,1,0
"2421",2865,2,5,3
"2422",2866,4,3,-1
"2423",2867,2,3,1
"2424",2868,0,3,3
"2425",2869,1,1,0
"2426",2870,1,3,2
"2427",2871,1,3,2
"2428",2872,2,2,0
"2429",2873,7,10,3
"2430",2874,0,1,1
"2431",2875,3,3,0
"2432",2876,2,1,-1
"2433",2877,4,4,0
"2434",2878,2,1,-1
"2435",2879,5,1,-4
"2436",2880,1,5,4
"2437",2881,0,1,1
"2438",2883,1,2,1
"2439",2884,5,6,1
"2440",2885,73,58,-15
"2441",2886,22,8,-14
"2442",2887,7,5,-2
"2443",2889,1,0,-1
"2444",2890,1,2,1
"2445",2891,0,2,2
"2446",2892,1,3,2
"2447",2893,1,0,-1
"2448",2894,0,3,3
"2449",2895,7,4,-3
"2450",2896,1,0,-1
"2451",2897,0,2,2
"2452",2899,0,1,1
"2453",2900,0,6,6
"2454",2901,1,0,-1
"2455",2902,1,1,0
"2456",2903,0,7,7
"2457",2904,31,7,-24
"2458",2905,2,5,3
"2459",2906,2,4,2
"2460",2907,0,2,2
"2461",2909,2,1,-1
"2462",2910,31,7,-24
"2463",2912,1,2,1
"2464",2913,6,7,1
"2465",2914,0,1,1
"2466",2915,1,2,1
"2467",2917,1,0,-1
"2468",2918,2,0,-2
"2469",2922,1,0,-1
"2470",2925,1,0,-1
"2471",2926,1,0,-1
"2472",2927,3,2,-1
"2473",2928,3,1,-2
"2474",2930,12,7,-5
"2475",2931,2,4,2
"2476",2932,1,1,0
"2477",2933,1,1,0
"2478",2934,1,4,3
"2479",2935,2,4,2
"2480",2936,1,0,-1
"2481",2937,0,1,1
"2482",2938,6,2,-4
"2483",2939,0,1,1
"2484",2940,24,9,-15
"2485",2941,1,1,0
"2486",2942,1,1,0
"2487",2943,3,0,-3
"2488",2944,1,0,-1
"2489",2945,5,10,5
"2490",2946,6,4,-2
"2491",2947,0,1,1
"2492",2948,10,9,-1
"2493",2950,1,0,-1
"2494",2952,1,0,-1
"2495",2953,2,6,4
"2496",2955,1,0,-1
"2497",2956,10,8,-2
"2498",2957,1,2,1
"2499",2958,1,0,-1
"2500",2959,0,2,2
"2501",2960,1,2,1
"2502",2961,11,9,-2
"2503",2963,1,0,-1
"2504",2964,2,4,2
"2505",2965,1,1,0
"2506",2966,3,0,-3
"2507",2967,2,0,-2
"2508",2968,3,2,-1
"2509",2969,1,2,1
"2510",2970,0,1,1
"2511",2971,7,4,-3
"2512",2972,3,4,1
"2513",2973,0,1,1
"2514",2974,4,4,0
"2515",2975,2,1,-1
"2516",2976,2,8,6
"2517",2977,1,1,0
"2518",2979,0,2,2
"2519",2980,0,1,1
"2520",2981,3,0,-3
"2521",2982,7,10,3
"2522",2983,1,3,2
"2523",2984,1,1,0
"2524",2985,62,44,-18
"2525",2987,5,5,0
"2526",2989,1,1,0
"2527",2990,2,4,2
"2528",2991,2,1,-1
"2529",2992,1,1,0
"2530",2993,34,23,-11
"2531",2994,2,1,-1
"2532",2995,1,3,2
"2533",2996,8,7,-1
"2534",2997,1,0,-1
"2535",2998,4,1,-3
"2536",2999,4,7,3
"2537",3000,6,8,2
"2538",3001,0,2,2
"2539",3002,4,3,-1
"2540",3003,2,1,-1
"2541",3005,6,5,-1
"2542",3007,2,1,-1
"2543",3008,1,3,2
"2544",3011,1,2,1
"2545",3012,1,1,0
"2546",3014,2,6,4
"2547",3015,2,3,1
"2548",3016,0,1,1
"2549",3018,2,1,-1
"2550",3019,1,1,0
"2551",3020,5,4,-1
"2552",3021,2,2,0
"2553",3022,2,5,3
"2554",3025,1,2,1
"2555",3028,2,0,-2
"2556",3031,2,0,-2
"2557",3032,1,3,2
"2558",3033,3,1,-2
"2559",3034,14,6,-8
"2560",3035,1,1,0
"2561",3037,9,5,-4
"2562",3038,1,2,1
"2563",3039,0,1,1
"2564",3040,1,2,1
"2565",3041,3,1,-2
"2566",3042,2,0,-2
"2567",3044,0,1,1
"2568",3045,0,1,1
"2569",3046,1,1,0
"2570",3048,3,6,3
"2571",3049,2,2,0
"2572",3050,10,6,-4
"2573",3052,1,2,1
"2574",3054,1,0,-1
"2575",3055,0,2,2
"2576",3056,0,3,3
"2577",3057,1,2,1
"2578",3058,0,1,1
"2579",3059,2,7,5
"2580",3060,1,0,-1
"2581",3061,0,2,2
"2582",3062,1,0,-1
"2583",3063,0,2,2
"2584",3064,3,3,0
"2585",3065,1,2,1
"2586",3066,1,0,-1
"2587",3068,1,1,0
"2588",3070,1,1,0
"2589",3071,0,1,1
"2590",3072,0,1,1
"2591",3074,1,2,1
"2592",3075,0,1,1
"2593",3076,0,4,4
"2594",3077,3,2,-1
"2595",3079,0,1,1
"2596",3080,0,2,2
"2597",3081,0,3,3
"2598",3082,0,1,1
"2599",3083,0,2,2
"2600",3084,1,1,0
"2601",3085,1,0,-1
"2602",3086,1,2,1
"2603",3087,0,2,2
"2604",3088,1,1,0
"2605",3089,2,1,-1
"2606",3090,0,1,1
"2607",3091,1,1,0
"2608",3092,1,1,0
"2609",3093,0,2,2
"2610",3094,1,2,1
"2611",3095,4,0,-4
"2612",3096,3,3,0
"2613",3097,0,1,1
"2614",3098,3,4,1
"2615",3099,0,1,1
"2616",3101,0,3,3
"2617",3102,1,1,0
"2618",3103,0,1,1
"2619",3105,2,1,-1
"2620",3106,0,4,4
"2621",3107,1,0,-1
"2622",3108,0,1,1
"2623",3109,0,1,1
"2624",3110,1,0,-1
"2625",3111,0,1,1
"2626",3112,0,4,4
"2627",3113,0,2,2
"2628",3114,2,3,1
"2629",3116,0,5,5
"2630",3117,1,0,-1
"2631",3118,1,1,0
"2632",3121,1,0,-1
"2633",3123,1,0,-1
"2634",3125,4,2,-2
"2635",3126,1,0,-1
"2636",3128,3,2,-1
"2637",3130,1,3,2
"2638",3131,0,2,2
"2639",3132,1,1,0
"2640",3133,0,3,3
"2641",3134,2,1,-1
"2642",3135,1,1,0
"2643",3136,0,1,1
"2644",3137,9,1,-8
"2645",3139,1,3,2
"2646",3141,1,0,-1
"2647",3142,1,0,-1
"2648",3143,1,0,-1
"2649",3145,1,2,1
"2650",3147,0,2,2
"2651",3148,0,2,2
"2652",3149,1,0,-1
"2653",3150,0,1,1
"2654",3151,1,0,-1
"2655",3152,0,1,1
"2656",3153,1,0,-1
"2657",3155,2,1,-1
"2658",3156,0,1,1
"2659",3157,1,2,1
"2660",3160,3,1,-2
"2661",3161,0,1,1
"2662",3162,1,0,-1
"2663",3165,0,1,1
"2664",3166,0,1,1
"2665",3168,0,2,2
"2666",3169,0,1,1
"2667",3170,1,0,-1
"2668",3171,5,24,19
"2669",3173,0,1,1
"2670",3176,1,0,-1
"2671",3177,0,1,1
"2672",3179,5,3,-2
"2673",3180,1,2,1
"2674",3181,0,2,2
"2675",3182,0,1,1
"2676",3183,0,2,2
"2677",3185,1,2,1
"2678",3186,0,1,1
"2679",3188,0,1,1
"2680",3189,0,1,1
"2681",3193,3,2,-1
"2682",3194,0,2,2
"2683",3195,2,0,-2
"2684",3196,1,1,0
"2685",3197,0,1,1
"2686",3198,1,1,0
"2687",3200,0,8,8
"2688",3201,2,1,-1
"2689",3202,0,4,4
"2690",3203,2,0,-2
"2691",3204,1,4,3
"2692",3205,1,2,1
"2693",3206,0,1,1
"2694",3207,0,4,4
"2695",3208,4,3,-1
"2696",3210,0,3,3
"2697",3211,1,0,-1
"2698",3213,1,0,-1
"2699",3214,3,1,-2
"2700",3216,1,1,0
"2701",3218,1,2,1
"2702",3219,3,3,0
"2703",3220,0,4,4
"2704",3221,3,2,-1
"2705",3222,0,1,1
"2706",3223,4,3,-1
"2707",3225,1,1,0
"2708",3228,0,2,2
"2709",3229,0,1,1
"2710",3230,2,4,2
"2711",3231,2,1,-1
"2712",3232,0,1,1
"2713",3233,1,2,1
"2714",3234,2,0,-2
"2715",3235,1,2,1
"2716",3236,0,1,1
"2717",3237,1,2,1
"2718",3238,8,9,1
"2719",3239,1,3,2
"2720",3240,0,1,1
"2721",3242,0,2,2
"2722",3247,1,0,-1
"2723",3248,1,1,0
"2724",3250,1,2,1
"2725",3251,10,3,-7
"2726",3252,1,3,2
"2727",3253,1,2,1
"2728",3255,0,1,1
"2729",3256,0,2,2
"2730",3257,0,1,1
"2731",3258,3,1,-2
"2732",3260,2,1,-1
"2733",3261,0,2,2
"2734",3262,1,1,0
"2735",3263,1,1,0
"2736",3264,0,1,1
"2737",3265,1,1,0
"2738",3267,0,1,1
"2739",3269,0,1,1
"2740",3270,0,1,1
"2741",3271,2,3,1
"2742",3272,0,4,4
"2743",3273,1,2,1
"2744",3275,1,0,-1
"2745",3278,4,5,1
"2746",3279,0,1,1
"2747",3280,0,1,1
"2748",3281,0,1,1
"2749",3284,0,2,2
"2750",3285,1,2,1
"2751",3286,1,1,0
"2752",3287,0,1,1
"2753",3288,3,2,-1
"2754",3289,1,1,0
"2755",3290,1,1,0
"2756",3293,9,1,-8
"2757",3294,22,18,-4
"2758",3295,3,3,0
"2759",3296,1,2,1
"2760",3297,1,0,-1
"2761",3299,6,8,2
"2762",3300,9,3,-6
"2763",3301,2,6,4
"2764",3302,0,1,1
"2765",3303,9,3,-6
"2766",3304,3,2,-1
"2767",3305,1,1,0
"2768",3306,0,1,1
"2769",3310,3,5,2
"2770",3311,0,2,2
"2771",3312,0,1,1
"2772",3314,13,3,-10
"2773",3315,3,3,0
"2774",3316,8,3,-5
"2775",3317,16,17,1
"2776",3318,3,2,-1
"2777",3319,2,2,0
"2778",3321,0,3,3
"2779",3322,6,6,0
"2780",3323,3,1,-2
"2781",3324,0,1,1
"2782",3325,1,1,0
"2783",3326,0,2,2
"2784",3328,0,2,2
"2785",3331,3,4,1
"2786",3332,5,2,-3
"2787",3334,5,3,-2
"2788",3335,0,4,4
"2789",3336,1,1,0
"2790",3337,2,3,1
"2791",3339,0,5,5
"2792",3340,1,4,3
"2793",3341,0,1,1
"2794",3342,2,0,-2
"2795",3343,2,2,0
"2796",3345,0,6,6
"2797",3346,0,1,1
"2798",3348,2,2,0
"2799",3349,1,5,4
"2800",3350,0,1,1
"2801",3351,0,2,2
"2802",3353,0,2,2
"2803",3354,1,3,2
"2804",3355,0,1,1
"2805",3356,0,1,1
"2806",3357,2,1,-1
"2807",3358,0,1,1
"2808",3360,0,1,1
"2809",3361,1,1,0
"2810",3362,0,1,1
"2811",3364,1,1,0
"2812",3365,3,2,-1
"2813",3366,1,1,0
"2814",3367,13,11,-2
"2815",3368,1,1,0
"2816",3369,0,1,1
"2817",3370,1,0,-1
"2818",3372,2,1,-1
"2819",3373,4,0,-4
"2820",3375,5,2,-3
"2821",3376,5,6,1
"2822",3378,8,10,2
"2823",3381,0,2,2
"2824",3382,1,1,0
"2825",3383,0,1,1
"2826",3384,1,4,3
"2827",3385,4,1,-3
"2828",3386,0,4,4
"2829",3387,17,7,-10
"2830",3388,1,2,1
"2831",3389,2,2,0
"2832",3390,4,2,-2
"2833",3391,14,6,-8
"2834",3392,1,3,2
"2835",3393,1,0,-1
"2836",3394,2,2,0
"2837",3396,4,5,1
"2838",3398,21,14,-7
"2839",3399,0,3,3
"2840",3401,3,2,-1
"2841",3402,2,1,-1
"2842",3403,3,2,-1
"2843",3404,0,4,4
"2844",3405,1,1,0
"2845",3406,0,1,1
"2846",3407,1,1,0
"2847",3408,5,2,-3
"2848",3409,4,1,-3
"2849",3410,1,0,-1
"2850",3412,0,1,1
"2851",3413,1,0,-1
"2852",3414,1,0,-1
"2853",3415,7,4,-3
"2854",3416,59,37,-22
"2855",3418,0,2,2
"2856",3419,0,1,1
"2857",3420,0,1,1
"2858",3421,0,2,2
"2859",3423,8,13,5
"2860",3425,1,0,-1
"2861",3427,1,0,-1
"2862",3428,1,0,-1
"2863",3429,0,2,2
"2864",3430,2,6,4
"2865",3432,0,2,2
"2866",3434,4,5,1
"2867",3435,0,1,1
"2868",3436,1,0,-1
"2869",3438,7,9,2
"2870",3439,4,2,-2
"2871",3440,0,1,1
"2872",3441,6,3,-3
"2873",3442,0,1,1
"2874",3443,1,2,1
"2875",3444,2,1,-1
"2876",3445,2,1,-1
"2877",3447,4,4,0
"2878",3449,0,1,1
"2879",3450,1,0,-1
"2880",3451,0,3,3
"2881",3452,4,5,1
"2882",3453,0,1,1
"2883",3454,0,5,5
"2884",3455,1,9,8
"2885",3457,2,0,-2
"2886",3459,0,1,1
"2887",3460,0,5,5
"2888",3461,1,1,0
"2889",3463,1,2,1
"2890",3464,0,1,1
"2891",3465,2,2,0
"2892",3466,1,0,-1
"2893",3467,2,0,-2
"2894",3468,0,1,1
"2895",3470,0,1,1
"2896",3471,0,2,2
"2897",3474,0,1,1
"2898",3475,0,2,2
"2899",3476,1,3,2
"2900",3477,1,3,2
"2901",3478,0,1,1
"2902",3479,4,6,2
"2903",3480,1,0,-1
"2904",3481,0,1,1
"2905",3482,0,1,1
"2906",3483,0,1,1
"2907",3484,4,0,-4
"2908",3486,2,0,-2
"2909",3487,0,9,9
"2910",3488,1,7,6
"2911",3489,3,1,-2
"2912",3490,1,0,-1
"2913",3491,3,1,-2
"2914",3495,3,2,-1
"2915",3496,3,1,-2
"2916",3498,4,6,2
"2917",3499,0,2,2
"2918",3501,1,3,2
"2919",3503,0,1,1
"2920",3505,2,2,0
"2921",3506,37,7,-30
"2922",3508,1,0,-1
"2923",3509,1,4,3
"2924",3510,4,6,2
"2925",3512,0,2,2
"2926",3513,0,2,2
"2927",3514,6,17,11
"2928",3515,9,6,-3
"2929",3519,2,3,1
"2930",3520,0,2,2
"2931",3521,4,1,-3
"2932",3522,1,9,8
"2933",3523,4,16,12
"2934",3524,1,1,0
"2935",3525,4,1,-3
"2936",3526,0,1,1
"2937",3527,9,22,13
"2938",3528,0,1,1
"2939",3529,2,2,0
"2940",3530,1,1,0
"2941",3532,1,9,8
"2942",3533,0,1,1
"2943",3534,1,3,2
"2944",3535,1,1,0
"2945",3536,3,4,1
"2946",3537,1,0,-1
"2947",3538,1,3,2
"2948",3539,0,1,1
"2949",3541,3,0,-3
"2950",3542,8,2,-6
"2951",3543,1,2,1
"2952",3544,3,1,-2
"2953",3546,4,0,-4
"2954",3547,0,4,4
"2955",3548,1,4,3
"2956",3550,16,17,1
"2957",3553,8,3,-5
"2958",3555,1,0,-1
"2959",3557,2,1,-1
"2960",3558,0,1,1
"2961",3561,0,3,3
"2962",3562,0,1,1
"2963",3563,6,1,-5
"2964",3565,5,2,-3
"2965",3567,2,0,-2
"2966",3569,69,61,-8
"2967",3570,4,4,0
"2968",3573,22,33,11
"2969",3574,0,2,2
"2970",3575,1,4,3
"2971",3578,1,0,-1
"2972",3579,5,3,-2
"2973",3580,1,0,-1
"2974",3583,1,0,-1
"2975",3585,0,1,1
"2976",3586,2,5,3
"2977",3588,3,1,-2
"2978",3590,4,3,-1
"2979",3591,10,14,4
"2980",3592,0,1,1
"2981",3595,0,2,2
"2982",3597,5,9,4
"2983",3598,0,1,1
"2984",3599,1,1,0
"2985",3600,1,1,0
"2986",3601,26,23,-3
"2987",3602,0,9,9
"2988",3603,4,3,-1
"2989",3604,1,2,1
"2990",3606,4,4,0
"2991",3607,5,2,-3
"2992",3609,1,3,2
"2993",3610,1,1,0
"2994",3611,0,1,1
"2995",3612,0,3,3
"2996",3613,0,1,1
"2997",3614,1,1,0
"2998",3616,0,3,3
"2999",3618,0,1,1
"3000",3619,0,1,1
"3001",3620,2,2,0
"3002",3621,0,1,1
"3003",3623,0,1,1
"3004",3624,1,1,0
"3005",3625,0,2,2
"3006",3626,1,3,2
"3007",3628,3,2,-1
"3008",3629,0,2,2
"3009",3630,0,4,4
"3010",3631,3,5,2
"3011",3632,1,2,1
"3012",3633,2,3,1
"3013",3634,5,2,-3
"3014",3635,1,1,0
"3015",3636,3,6,3
"3016",3637,1,5,4
"3017",3638,1,0,-1
"3018",3639,1,1,0
"3019",3640,0,2,2
"3020",3641,1,2,1
"3021",3643,1,3,2
"3022",3644,2,1,-1
"3023",3645,1,0,-1
"3024",3646,0,5,5
"3025",3647,1,1,0
"3026",3648,1,0,-1
"3027",3649,1,1,0
"3028",3650,0,1,1
"3029",3651,1,1,0
"3030",3652,0,2,2
"3031",3653,1,1,0
"3032",3654,1,1,0
"3033",3655,0,5,5
"3034",3656,1,2,1
"3035",3658,6,3,-3
"3036",3659,0,2,2
"3037",3660,1,2,1
"3038",3661,0,1,1
"3039",3662,5,4,-1
"3040",3663,0,2,2
"3041",3664,3,0,-3
"3042",3665,0,2,2
"3043",3666,1,1,0
"3044",3667,0,9,9
"3045",3668,1,3,2
"3046",3670,1,0,-1
"3047",3671,0,1,1
"3048",3672,1,9,8
"3049",3673,1,1,0
"3050",3674,1,0,-1
"3051",3675,1,2,1
"3052",3677,3,6,3
"3053",3678,0,1,1
"3054",3679,0,3,3
"3055",3680,18,14,-4
"3056",3684,2,1,-1
"3057",3686,1,3,2
"3058",3687,12,19,7
"3059",3688,1,0,-1
"3060",3690,0,1,1
"3061",3691,3,5,2
"3062",3692,1,0,-1
"3063",3693,2,0,-2
"3064",3694,1,1,0
"3065",3695,1,1,0
"3066",3696,1,0,-1
"3067",3698,0,2,2
"3068",3699,1,2,1
"3069",3701,1,1,0
"3070",3702,4,4,0
"3071",3704,0,2,2
"3072",3705,1,0,-1
"3073",3707,0,1,1
"3074",3710,2,4,2
"3075",3711,4,2,-2
"3076",3712,1,1,0
"3077",3713,0,8,8
"3078",3714,0,4,4
"3079",3715,2,2,0
"3080",3717,2,4,2
"3081",3719,1,0,-1
"3082",3720,1,0,-1
"3083",3722,3,2,-1
"3084",3723,3,0,-3
"3085",3725,3,3,0
"3086",3727,0,1,1
"3087",3728,1,1,0
"3088",3729,2,2,0
"3089",3730,2,1,-1
"3090",3731,0,1,1
"3091",3732,0,2,2
"3092",3736,3,0,-3
"3093",3739,5,3,-2
"3094",3740,1,0,-1
"3095",3741,1,2,1
"3096",3742,4,3,-1
"3097",3743,2,3,1
"3098",3745,1,1,0
"3099",3746,4,3,-1
"3100",3747,1,0,-1
"3101",3748,4,3,-1
"3102",3749,78,56,-22
"3103",3750,1,1,0
"3104",3751,1,5,4
"3105",3753,0,1,1
"3106",3756,1,7,6
"3107",3758,2,6,4
"3108",3759,1,8,7
"3109",3760,0,1,1
"3110",3761,2,5,3
"3111",3762,1,1,0
"3112",3763,7,19,12
"3113",3764,1,3,2
"3114",3765,1,0,-1
"3115",3766,0,3,3
"3116",3767,2,3,1
"3117",3768,1,1,0
"3118",3769,4,8,4
"3119",3770,2,2,0
"3120",3771,0,2,2
"3121",3772,1,1,0
"3122",3773,1,0,-1
"3123",3774,5,3,-2
"3124",3775,0,3,3
"3125",3776,1,1,0
"3126",3777,57,45,-12
"3127",3778,0,1,1
"3128",3779,1,1,0
"3129",3780,6,12,6
"3130",3781,0,2,2
"3131",3783,0,2,2
"3132",3785,1,1,0
"3133",3786,1,1,0
"3134",3787,4,1,-3
"3135",3788,1,0,-1
"3136",3789,0,1,1
"3137",3790,2,0,-2
"3138",3791,0,1,1
"3139",3793,0,7,7
"3140",3794,8,10,2
"3141",3795,2,2,0
"3142",3796,13,12,-1
"3143",3799,2,4,2
"3144",3800,2,1,-1
"3145",3801,1,3,2
"3146",3802,2,0,-2
"3147",3803,1,2,1
"3148",3804,0,1,1
"3149",3805,1,3,2
"3150",3807,2,0,-2
"3151",3808,18,12,-6
"3152",3809,1,1,0
"3153",3810,3,3,0
"3154",3811,0,1,1
"3155",3812,83,51,-32
"3156",3813,1,0,-1
"3157",3814,7,7,0
"3158",3815,1,3,2
"3159",3816,5,4,-1
"3160",3818,0,3,3
"3161",3819,5,3,-2
"3162",3820,6,14,8
"3163",3821,1,2,1
"3164",3822,0,1,1
"3165",3823,0,1,1
"3166",3824,2,0,-2
"3167",3825,0,1,1
"3168",3827,0,2,2
"3169",3829,0,2,2
"3170",3830,1,1,0
"3171",3831,13,6,-7
"3172",3832,1,0,-1
"3173",3833,7,6,-1
"3174",3835,0,1,1
"3175",3837,0,3,3
"3176",3839,1,2,1
"3177",3841,1,1,0
"3178",3842,2,1,-1
"3179",3843,0,2,2
"3180",3844,1,1,0
"3181",3845,0,1,1
"3182",3846,0,1,1
"3183",3847,1,1,0
"3184",3848,0,1,1
"3185",3850,0,1,1
"3186",3851,3,4,1
"3187",3852,3,1,-2
"3188",3854,1,2,1
"3189",3855,1,0,-1
"3190",3856,0,1,1
"3191",3858,0,2,2
"3192",3859,3,3,0
"3193",3860,2,3,1
"3194",3863,0,2,2
"3195",3864,0,1,1
"3196",3865,1,2,1
"3197",3866,9,7,-2
"3198",3868,2,0,-2
"3199",3869,1,1,0
"3200",3874,1,1,0
"3201",3875,1,3,2
"3202",3876,3,4,1
"3203",3877,0,3,3
"3204",3879,1,2,1
"3205",3881,1,1,0
"3206",3882,1,0,-1
"3207",3883,0,1,1
"3208",3884,0,1,1
"3209",3885,1,2,1
"3210",3886,1,0,-1
"3211",3888,4,0,-4
"3212",3889,2,3,1
"3213",3890,1,0,-1
"3214",3892,1,3,2
"3215",3893,0,5,5
"3216",3896,15,6,-9
"3217",3898,2,0,-2
"3218",3899,1,0,-1
"3219",3900,8,5,-3
"3220",3901,0,3,3
"3221",3902,0,2,2
"3222",3903,35,19,-16
"3223",3905,45,37,-8
"3224",3907,5,2,-3
"3225",3908,46,38,-8
"3226",3909,4,17,13
"3227",3910,42,35,-7
"3228",3911,3,0,-3
"3229",3912,11,8,-3
"3230",3913,5,12,7
"3231",3914,6,3,-3
"3232",3915,7,7,0
"3233",3916,2,0,-2
"3234",3917,2,0,-2
"3235",3918,34,36,2
"3236",3919,0,1,1
"3237",3920,1,1,0
"3238",3921,4,2,-2
"3239",3922,0,1,1
"3240",3923,10,1,-9
"3241",3924,0,8,8
"3242",3925,1,4,3
"3243",3926,1,13,12
"3244",3927,0,1,1
"3245",3928,5,1,-4
"3246",3929,3,10,7
"3247",3930,10,3,-7
"3248",3931,1,6,5
"3249",3932,2,4,2
"3250",3933,17,7,-10
"3251",3934,0,1,1
"3252",3935,3,0,-3
"3253",3936,13,11,-2
"3254",3937,0,1,1
"3255",3938,5,5,0
"3256",3939,40,47,7
"3257",3940,0,1,1
"3258",3941,6,15,9
"3259",3942,1,1,0
"3260",3943,4,0,-4
"3261",3944,6,7,1
"3262",3949,1,3,2
"3263",3950,0,1,1
"3264",3951,1,0,-1
"3265",3952,1,3,2
"3266",3956,0,1,1
"3267",3957,2,2,0
"3268",3958,1,0,-1
"3269",3960,0,1,1
"3270",3963,1,5,4
"3271",3964,0,1,1
"3272",3965,0,9,9
"3273",3966,0,2,2
"3274",3967,1,5,4
"3275",3969,1,3,2
"3276",3970,0,2,2
"3277",3973,2,1,-1
"3278",3974,8,6,-2
"3279",3975,2,4,2
"3280",3976,15,4,-11
"3281",3977,1,0,-1
"3282",3978,1,1,0
"3283",3979,0,2,2
"3284",3980,0,1,1
"3285",3981,1,2,1
"3286",3982,1,1,0
"3287",3983,2,2,0
"3288",3984,5,4,-1
"3289",3985,0,5,5
"3290",3986,0,2,2
"3291",3987,1,2,1
"3292",3988,10,23,13
"3293",3989,1,0,-1
"3294",3990,0,1,1
"3295",3991,0,1,1
"3296",3992,1,4,3
"3297",3993,1,1,0
"3298",3994,5,3,-2
"3299",3995,0,1,1
"3300",3996,4,1,-3
"3301",3998,1,2,1
"3302",3999,1,2,1
"3303",4000,1,1,0
"3304",4001,4,5,1
"3305",4002,0,1,1
"3306",4003,0,1,1
"3307",4004,0,1,1
"3308",4005,1,4,3
"3309",4006,0,2,2
"3310",4007,1,1,0
"3311",4008,0,8,8
"3312",4010,0,1,1
"3313",4011,0,4,4
"3314",4012,0,1,1
"3315",4013,1,4,3
"3316",4014,1,5,4
"3317",4015,0,1,1
"3318",4016,0,2,2
"3319",4017,4,2,-2
"3320",4018,0,1,1
"3321",4019,59,37,-22
"3322",4020,0,4,4
"3323",4022,1,5,4
"3324",4024,0,1,1
"3325",4025,1,0,-1
"3326",4026,16,7,-9
"3327",4027,0,5,5
"3328",4028,1,0,-1
"3329",4029,0,1,1
"3330",4030,2,0,-2
"3331",4031,2,0,-2
"3332",4033,1,1,0
"3333",4034,1,0,-1
"3334",4037,1,2,1
"3335",4039,18,6,-12
"3336",4040,1,4,3
"3337",4042,0,1,1
"3338",4043,4,1,-3
"3339",4047,0,3,3
"3340",4048,0,2,2
"3341",4049,4,1,-3
"3342",4050,4,5,1
"3343",4051,5,13,8
"3344",4052,19,8,-11
"3345",4053,0,1,1
"3346",4054,4,3,-1
"3347",4055,3,2,-1
"3348",4056,3,5,2
"3349",4057,1,0,-1
"3350",4058,3,2,-1
"3351",4059,5,3,-2
"3352",4060,1,3,2
"3353",4062,2,2,0
"3354",4064,0,1,1
"3355",4065,1,0,-1
"3356",4066,0,2,2
"3357",4067,0,1,1
"3358",4068,5,5,0
"3359",4069,2,0,-2
"3360",4070,1,0,-1
"3361",4071,18,26,8
"3362",4072,1,6,5
"3363",4075,1,2,1
"3364",4076,2,5,3
"3365",4077,2,2,0
"3366",4080,1,8,7
"3367",4081,2,3,1
"3368",4082,0,3,3
"3369",4083,8,2,-6
"3370",4084,1,2,1
"3371",4085,0,3,3
"3372",4086,4,4,0
"3373",4087,1,3,2
"3374",4088,0,1,1
"3375",4089,3,2,-1
"3376",4090,1,0,-1
"3377",4091,2,0,-2
"3378",4093,1,2,1
"3379",4094,0,1,1
"3380",4096,1,1,0
"3381",4097,0,2,2
"3382",4098,3,0,-3
"3383",4099,0,1,1
"3384",4101,1,4,3
"3385",4102,1,0,-1
"3386",4103,1,0,-1
"3387",4104,1,0,-1
"3388",4106,2,7,5
"3389",4107,0,1,1
"3390",4108,5,4,-1
"3391",4110,2,5,3
"3392",4111,0,1,1
"3393",4112,1,1,0
"3394",4113,0,1,1
"3395",4114,0,2,2
"3396",4115,0,5,5
"3397",4116,1,0,-1
"3398",4120,0,1,1
"3399",4121,1,9,8
"3400",4122,1,6,5
"3401",4125,3,4,1
"3402",4126,0,2,2
"3403",4127,1,2,1
"3404",4128,1,2,1
"3405",4129,2,2,0
"3406",4130,1,1,0
"3407",4131,1,1,0
"3408",4132,1,0,-1
"3409",4133,0,5,5
"3410",4134,0,1,1
"3411",4136,0,1,1
"3412",4137,1,1,0
"3413",4138,2,1,-1
"3414",4139,1,2,1
"3415",4140,5,3,-2
"3416",4141,3,0,-3
"3417",4142,2,0,-2
"3418",4143,5,3,-2
"3419",4144,9,7,-2
"3420",4145,0,1,1
"3421",4149,5,2,-3
"3422",4150,0,1,1
"3423",4151,1,8,7
"3424",4152,1,0,-1
"3425",4153,1,1,0
"3426",4154,2,1,-1
"3427",4155,1,0,-1
"3428",4156,0,2,2
"3429",4157,2,3,1
"3430",4159,1,0,-1
"3431",4161,4,2,-2
"3432",4162,2,1,-1
"3433",4163,3,0,-3
"3434",4164,1,3,2
"3435",4165,1,2,1
"3436",4166,1,1,0
"3437",4167,4,0,-4
"3438",4168,2,0,-2
"3439",4169,1,2,1
"3440",4170,0,1,1
"3441",4171,0,1,1
"3442",4172,1,1,0
"3443",4173,0,7,7
"3444",4176,1,3,2
"3445",4177,0,1,1
"3446",4178,0,3,3
"3447",4179,1,0,-1
"3448",4181,5,6,1
"3449",4182,1,3,2
"3450",4183,0,1,1
"3451",4185,0,1,1
"3452",4186,3,4,1
"3453",4187,2,2,0
"3454",4188,16,7,-9
"3455",4189,1,1,0
"3456",4190,0,1,1
"3457",4191,0,1,1
"3458",4192,1,1,0
"3459",4194,1,3,2
"3460",4195,1,1,0
"3461",4196,36,25,-11
"3462",4197,0,1,1
"3463",4198,6,5,-1
"3464",4199,1,0,-1
"3465",4200,1,1,0
"3466",4201,6,10,4
"3467",4202,0,2,2
"3468",4204,1,6,5
"3469",4205,1,2,1
"3470",4206,2,11,9
"3471",4207,0,2,2
"3472",4208,1,5,4
"3473",4209,25,22,-3
"3474",4210,4,9,5
"3475",4211,8,8,0
"3476",4212,21,13,-8
"3477",4213,6,5,-1
"3478",4215,37,25,-12
"3479",4216,19,6,-13
"3480",4217,0,4,4
"3481",4218,1,0,-1
"3482",4219,0,3,3
"3483",4220,16,9,-7
"3484",4221,40,42,2
"3485",4222,21,10,-11
"3486",4223,2,0,-2
"3487",4224,4,11,7
"3488",4225,0,3,3
"3489",4227,9,6,-3
"3490",4229,3,4,1
"3491",4230,0,3,3
"3492",4231,1,0,-1
"3493",4232,3,20,17
"3494",4233,24,17,-7
"3495",4235,54,48,-6
"3496",4236,59,37,-22
"3497",4237,2,4,2
"3498",4238,10,3,-7
"3499",4239,0,1,1
"3500",4240,30,13,-17
"3501",4241,1,0,-1
"3502",4242,34,24,-10
"3503",4243,26,10,-16
"3504",4244,0,1,1
"3505",4246,1,2,1
"3506",4248,3,14,11
"3507",4249,2,0,-2
"3508",4250,36,17,-19
"3509",4251,1,4,3
"3510",4252,1,2,1
"3511",4253,3,3,0
"3512",4254,2,2,0
"3513",4255,1,0,-1
"3514",4256,3,2,-1
"3515",4257,0,3,3
"3516",4258,0,1,1
"3517",4259,38,29,-9
"3518",4260,1,2,1
"3519",4261,5,10,5
"3520",4262,9,4,-5
"3521",4264,35,22,-13
"3522",4265,23,22,-1
"3523",4266,7,12,5
"3524",4267,30,28,-2
"3525",4268,1,1,0
"3526",4269,0,1,1
"3527",4271,3,3,0
"3528",4273,2,0,-2
"3529",4276,33,26,-7
"3530",4277,1,0,-1
"3531",4278,8,9,1
"3532",4279,15,8,-7
"3533",4280,2,0,-2
"3534",4281,0,1,1
"3535",4282,1,0,-1
"3536",4283,0,9,9
"3537",4284,2,3,1
"3538",4285,2,3,1
"3539",4287,1,13,12
"3540",4288,0,2,2
"3541",4289,6,9,3
"3542",4290,1,0,-1
"3543",4291,0,4,4
"3544",4292,2,3,1
"3545",4293,1,0,-1
"3546",4294,2,0,-2
"3547",4295,0,1,1
"3548",4296,24,22,-2
"3549",4297,3,2,-1
"3550",4298,8,6,-2
"3551",4299,0,1,1
"3552",4300,1,1,0
"3553",4301,1,0,-1
"3554",4302,0,2,2
"3555",4303,7,11,4
"3556",4304,1,1,0
"3557",4305,0,1,1
"3558",4306,2,0,-2
"3559",4307,38,25,-13
"3560",4308,9,8,-1
"3561",4309,0,5,5
"3562",4310,4,2,-2
"3563",4311,1,2,1
"3564",4312,2,8,6
"3565",4313,2,0,-2
"3566",4314,27,17,-10
"3567",4315,13,6,-7
"3568",4316,1,4,3
"3569",4317,10,7,-3
"3570",4318,16,13,-3
"3571",4319,0,3,3
"3572",4320,14,14,0
"3573",4321,60,47,-13
"3574",4322,1,1,0
"3575",4323,0,3,3
"3576",4324,0,3,3
"3577",4326,2,1,-1
"3578",4327,0,3,3
"3579",4328,6,2,-4
"3580",4329,11,9,-2
"3581",4330,3,0,-3
"3582",4331,1,2,1
"3583",4332,0,1,1
"3584",4333,0,9,9
"3585",4334,0,1,1
"3586",4335,2,0,-2
"3587",4336,6,3,-3
"3588",4337,0,1,1
"3589",4340,6,22,16
"3590",4341,4,1,-3
"3591",4343,1,5,4
"3592",4344,10,2,-8
"3593",4347,1,0,-1
"3594",4348,0,3,3
"3595",4350,0,1,1
"3596",4351,1,1,0
"3597",4352,0,1,1
"3598",4353,3,2,-1
"3599",4354,2,3,1
"3600",4355,4,7,3
"3601",4356,2,10,8
"3602",4357,1,14,13
"3603",4358,8,6,-2
"3604",4359,5,2,-3
"3605",4360,42,31,-11
"3606",4361,10,9,-1
"3607",4362,9,15,6
"3608",4363,106,90,-16
"3609",4365,22,21,-1
"3610",4366,1,1,0
"3611",4367,27,23,-4
"3612",4368,30,15,-15
"3613",4369,7,7,0
"3614",4370,1,0,-1
"3615",4371,1,0,-1
"3616",4373,43,27,-16
"3617",4374,9,12,3
"3618",4375,0,6,6
"3619",4377,3,3,0
"3620",4378,2,3,1
"3621",4379,2,14,12
"3622",4380,2,0,-2
"3623",4381,54,64,10
"3624",4382,1,1,0
"3625",4383,7,6,-1
"3626",4385,1,0,-1
"3627",4386,3,2,-1
"3628",4387,0,2,2
"3629",4389,48,52,4
"3630",4390,13,7,-6
"3631",4391,31,22,-9
"3632",4393,41,31,-10
"3633",4394,0,1,1
"3634",4395,13,25,12
"3635",4396,0,1,1
"3636",4397,0,3,3
"3637",4398,0,1,1
"3638",4399,1,4,3
"3639",4400,1,3,2
"3640",4401,2,1,-1
"3641",4402,0,5,5
"3642",4403,0,1,1
"3643",4404,0,1,1
"3644",4405,9,4,-5
"3645",4407,6,17,11
"3646",4408,2,2,0
"3647",4409,30,16,-14
"3648",4410,3,1,-2
"3649",4412,20,7,-13
"3650",4413,45,36,-9
"3651",4414,1,0,-1
"3652",4415,32,16,-16
"3653",4416,0,1,1
"3654",4417,5,23,18
"3655",4419,72,58,-14
"3656",4420,2,2,0
"3657",4421,3,2,-1
"3658",4422,0,19,19
"3659",4423,2,10,8
"3660",4424,1,0,-1
"3661",4425,2,12,10
"3662",4426,5,2,-3
"3663",4427,4,6,2
"3664",4428,1,4,3
"3665",4429,12,4,-8
"3666",4430,9,23,14
"3667",4431,0,2,2
"3668",4432,10,13,3
"3669",4433,7,15,8
"3670",4434,1,8,7
"3671",4435,4,3,-1
"3672",4436,10,14,4
"3673",4437,1,7,6
"3674",4438,0,3,3
"3675",4440,6,2,-4
"3676",4442,9,14,5
"3677",4443,0,2,2
"3678",4444,5,2,-3
"3679",4445,4,14,10
"3680",4448,1,2,1
"3681",4450,8,3,-5
"3682",4451,6,4,-2
"3683",4452,10,9,-1
"3684",4453,3,4,1
"3685",4454,8,6,-2
"3686",4455,1,2,1
"3687",4456,7,5,-2
"3688",4457,20,15,-5
"3689",4458,2,2,0
"3690",4459,34,20,-14
"3691",4460,2,14,12
"3692",4461,7,5,-2
"3693",4462,5,4,-1
"3694",4463,0,1,1
"3695",4464,0,1,1
"3696",4465,1,4,3
"3697",4466,0,1,1
"3698",4467,24,20,-4
"3699",4469,3,8,5
"3700",4470,4,4,0
"3701",4471,3,3,0
"3702",4472,0,1,1
"3703",4473,0,1,1
"3704",4475,9,10,1
"3705",4476,0,1,1
"3706",4477,1,2,1
"3707",4478,4,1,-3
"3708",4479,8,24,16
"3709",4480,6,35,29
"3710",4481,6,17,11
"3711",4482,3,6,3
"3712",4483,0,1,1
"3713",4484,6,5,-1
"3714",4485,30,38,8
"3715",4486,1,1,0
"3716",4487,0,2,2
"3717",4488,56,46,-10
"3718",4489,21,13,-8
"3719",4490,11,4,-7
"3720",4491,17,19,2
"3721",4492,29,20,-9
"3722",4493,1,9,8
"3723",4495,1,2,1
"3724",4496,45,36,-9
"3725",4497,2,0,-2
"3726",4498,10,4,-6
"3727",4500,0,2,2
"3728",4501,0,4,4
"3729",4502,16,13,-3
"3730",4503,2,2,0
"3731",4504,5,0,-5
"3732",4506,3,2,-1
"3733",4507,4,8,4
"3734",4508,1,1,0
"3735",4509,2,2,0
"3736",4510,2,2,0
"3737",4511,2,2,0
"3738",4513,10,5,-5
"3739",4514,1,3,2
"3740",4517,0,2,2
"3741",4518,5,8,3
"3742",4520,0,3,3
"3743",4521,1,5,4
"3744",4522,40,31,-9
"3745",4523,19,8,-11
"3746",4524,0,1,1
"3747",4525,0,1,1
"3748",4526,0,1,1
"3749",4527,40,21,-19
"3750",4528,1,0,-1
"3751",4529,12,6,-6
"3752",4530,4,0,-4
"3753",4532,3,3,0
"3754",4533,0,3,3
"3755",4534,23,21,-2
"3756",4535,9,14,5
"3757",4536,35,22,-13
"3758",4538,8,9,1
"3759",4539,5,17,12
"3760",4540,2,3,1
"3761",4541,36,36,0
"3762",4542,89,70,-19
"3763",4543,16,14,-2
"3764",4544,1,1,0
"3765",4545,18,12,-6
"3766",4546,0,7,7
"3767",4548,0,1,1
"3768",4549,6,17,11
"3769",4550,11,12,1
"3770",4551,0,1,1
"3771",4552,3,8,5
"3772",4554,35,29,-6
"3773",4555,1,1,0
"3774",4556,30,37,7
"3775",4558,6,6,0
"3776",4560,1,2,1
"3777",4561,0,1,1
"3778",4562,0,2,2
"3779",4564,5,24,19
"3780",4565,2,11,9
"3781",4566,0,1,1
"3782",4567,3,1,-2
"3783",4568,13,13,0
"3784",4569,6,5,-1
"3785",4572,0,1,1
"3786",4573,11,2,-9
"3787",4574,49,42,-7
"3788",4575,41,36,-5
"3789",4576,0,1,1
"3790",4577,3,7,4
"3791",4578,1,2,1
"3792",4579,30,25,-5
"3793",4580,1,4,3
"3794",4581,0,1,1
"3795",4582,15,6,-9
"3796",4584,1,2,1
"3797",4585,4,0,-4
"3798",4586,0,1,1
"3799",4587,2,7,5
"3800",4589,3,6,3
"3801",4590,8,6,-2
"3802",4591,0,1,1
"3803",4592,0,5,5
"3804",4593,0,1,1
"3805",4594,1,1,0
"3806",4595,3,5,2
"3807",4596,2,2,0
"3808",4597,2,0,-2
"3809",4598,10,6,-4
"3810",4599,0,1,1
"3811",4600,3,11,8
"3812",4601,0,4,4
"3813",4603,1,14,13
"3814",4604,1,4,3
"3815",4605,4,18,14
"3816",4606,5,0,-5
"3817",4607,1,1,0
"3818",4608,1,2,1
"3819",4609,4,1,-3
"3820",4610,1,1,0
"3821",4611,9,7,-2
"3822",4612,40,23,-17
"3823",4613,4,3,-1
"3824",4614,3,6,3
"3825",4615,2,2,0
"3826",4616,0,1,1
"3827",4617,3,6,3
"3828",4618,14,14,0
"3829",4619,37,24,-13
"3830",4620,3,0,-3
"3831",4621,6,4,-2
"3832",4622,0,1,1
"3833",4623,1,3,2
"3834",4624,5,16,11
"3835",4625,1,1,0
"3836",4626,2,9,7
"3837",4627,4,1,-3
"3838",4628,5,7,2
"3839",4629,1,8,7
"3840",4631,32,28,-4
"3841",4632,0,2,2
"3842",4633,2,1,-1
"3843",4634,31,17,-14
"3844",4635,4,4,0
"3845",4637,0,5,5
"3846",4638,1,4,3
"3847",4639,3,4,1
"3848",4640,19,23,4
"3849",4641,36,20,-16
"3850",4642,3,12,9
"3851",4643,1,4,3
"3852",4644,1,0,-1
"3853",4646,0,1,1
"3854",4647,0,1,1
"3855",4649,6,8,2
"3856",4650,30,16,-14
"3857",4651,2,15,13
"3858",4652,0,1,1
"3859",4653,4,9,5
"3860",4654,0,1,1
"3861",4655,1,1,0
"3862",4656,46,60,14
"3863",4657,13,13,0
"3864",4658,1,1,0
"3865",4659,28,23,-5
"3866",4661,27,62,35
"3867",4662,11,32,21
"3868",4663,3,2,-1
"3869",4664,10,10,0
"3870",4665,0,1,1
"3871",4667,1,4,3
"3872",4668,18,32,14
"3873",4669,1,4,3
"3874",4670,33,20,-13
"3875",4671,1,0,-1
"3876",4672,0,1,1
"3877",4673,3,5,2
"3878",4674,0,1,1
"3879",4675,1,0,-1
"3880",4676,24,22,-2
"3881",4678,81,69,-12
"3882",4679,0,1,1
"3883",4680,1,1,0
"3884",4681,0,4,4
"3885",4682,0,1,1
"3886",4683,1,1,0
"3887",4684,5,20,15
"3888",4685,2,0,-2
"3889",4686,41,34,-7
"3890",4687,5,2,-3
"3891",4688,5,24,19
"3892",4689,0,9,9
"3893",4690,0,8,8
"3894",4691,2,27,25
"3895",4692,1,0,-1
"3896",4693,7,19,12
"3897",4694,3,2,-1
"3898",4695,3,9,6
"3899",4696,5,3,-2
"3900",4697,7,13,6
"3901",4698,38,24,-14
"3902",4699,2,0,-2
"3903",4700,1,13,12
"3904",4701,1,6,5
"3905",4702,2,0,-2
"3906",4703,0,5,5
"3907",4704,0,1,1
"3908",4706,6,5,-1
"3909",4707,1,5,4
"3910",4708,6,1,-5
"3911",4709,1,1,0
"3912",4710,9,9,0
"3913",4713,1,13,12
"3914",4714,0,4,4
"3915",4715,4,2,-2
"3916",4716,1,9,8
"3917",4717,1,6,5
"3918",4718,4,10,6
"3919",4719,4,1,-3
"3920",4720,2,3,1
"3921",4721,3,0,-3
"3922",4722,2,7,5
"3923",4723,3,0,-3
"3924",4724,1,4,3
"3925",4725,2,4,2
"3926",4726,0,1,1
"3927",4727,2,0,-2
"3928",4728,5,9,4
"3929",4729,1,1,0
"3930",4730,1,7,6
"3931",4731,3,0,-3
"3932",4732,4,12,8
"3933",4734,2,9,7
"3934",4735,2,4,2
"3935",4736,0,2,2
"3936",4737,1,2,1
"3937",4738,0,1,1
"3938",4739,4,6,2
"3939",4740,3,13,10
"3940",4741,6,10,4
"3941",4742,0,2,2
"3942",4743,6,2,-4
"3943",4744,11,3,-8
"3944",4745,4,5,1
"3945",4746,2,4,2
"3946",4747,5,13,8
"3947",4748,2,5,3
"3948",4749,2,1,-1
"3949",4750,8,7,-1
"3950",4751,1,10,9
"3951",4753,13,9,-4
"3952",4754,2,4,2
"3953",4755,9,9,0
"3954",4756,6,3,-3
"3955",4757,3,4,1
"3956",4758,4,8,4
"3957",4759,1,16,15
"3958",4760,5,3,-2
"3959",4761,1,6,5
"3960",4762,2,9,7
"3961",4763,3,5,2
"3962",4764,2,3,1
"3963",4766,5,0,-5
"3964",4767,2,3,1
"3965",4768,4,4,0
"3966",4769,25,16,-9
"3967",4770,11,9,-2
"3968",4772,1,2,1
"3969",4773,5,3,-2
"3970",4774,3,0,-3
"3971",4775,0,2,2
"3972",4776,3,0,-3
"3973",4777,0,2,2
"3974",4778,7,14,7
"3975",4779,8,6,-2
"3976",4780,3,0,-3
"3977",4781,2,4,2
"3978",4782,3,1,-2
"3979",4783,2,10,8
"3980",4784,6,1,-5
"3981",4785,6,13,7
"3982",4786,12,3,-9
"3983",4787,0,1,1
"3984",4789,3,0,-3
"3985",4791,1,8,7
"3986",4792,4,0,-4
"3987",4793,16,17,1
"3988",4794,0,13,13
"3989",4795,1,1,0
"3990",4796,0,1,1
"3991",4797,27,16,-11
"3992",4798,0,1,1
"3993",4799,6,8,2
"3994",4800,0,2,2
"3995",4801,2,3,1
"3996",4802,0,7,7
"3997",4803,3,5,2
"3998",4804,6,11,5
"3999",4805,0,1,1
"4000",4806,0,3,3
"4001",4807,2,2,0
"4002",4809,2,4,2
"4003",4810,2,5,3
"4004",4811,5,18,13
"4005",4812,3,0,-3
"4006",4813,2,5,3
"4007",4814,3,6,3
"4008",4815,6,16,10
"4009",4816,2,5,3
"4010",4817,4,3,-1
"4011",4818,27,16,-11
"4012",4819,46,49,3
"4013",4820,4,2,-2
"4014",4821,15,8,-7
"4015",4822,6,2,-4
"4016",4823,2,0,-2
"4017",4824,6,2,-4
"4018",4825,13,9,-4
"4019",4827,5,5,0
"4020",4828,3,1,-2
"4021",4829,3,0,-3
"4022",4830,0,4,4
"4023",4831,7,3,-4
"4024",4832,0,1,1
"4025",4833,5,14,9
"4026",4834,2,5,3
"4027",4835,7,3,-4
"4028",4836,1,5,4
"4029",4837,0,1,1
"4030",4838,0,1,1
"4031",4839,2,7,5
"4032",4840,0,9,9
"4033",4841,1,1,0
"4034",4842,0,4,4
"4035",4843,9,15,6
"4036",4844,3,9,6
"4037",4845,20,13,-7
"4038",4846,3,3,0
"4039",4847,3,0,-3
"4040",4848,1,1,0
"4041",4849,3,1,-2
"4042",4850,25,8,-17
"4043",4851,38,15,-23
"4044",4852,1,0,-1
"4045",4854,1,0,-1
"4046",4855,4,11,7
"4047",4856,9,4,-5
"4048",4857,27,17,-10
"4049",4858,23,12,-11
"4050",4859,4,5,1
"4051",4860,27,37,10
"4052",4861,5,11,6
"4053",4862,7,7,0
"4054",4864,19,11,-8
"4055",4865,3,3,0
"4056",4867,2,11,9
"4057",4868,30,17,-13
"4058",4869,10,6,-4
"4059",4870,4,1,-3
"4060",4871,3,6,3
"4061",4872,2,3,1
"4062",4873,2,4,2
"4063",4874,4,2,-2
"4064",4875,1,14,13
"4065",4876,4,2,-2
"4066",4877,0,2,2
"4067",4878,3,5,2
"4068",4879,0,2,2
"4069",4880,9,10,1
"4070",4881,42,32,-10
"4071",4882,1,0,-1
"4072",4883,4,2,-2
"4073",4884,1,2,1
"4074",4885,1,5,4
"4075",4886,3,10,7
"4076",4887,1,6,5
"4077",4888,2,4,2
"4078",4889,5,6,1
"4079",4890,0,5,5
"4080",4891,2,1,-1
"4081",4892,6,4,-2
"4082",4893,31,17,-14
"4083",4894,7,11,4
"4084",4895,9,8,-1
"4085",4896,1,6,5
"4086",4897,5,14,9
"4087",4898,1,5,4
"4088",4899,3,2,-1
"4089",4900,4,6,2
"4090",4901,14,9,-5
"4091",4902,16,17,1
"4092",4903,6,6,0
"4093",4904,1,1,0
"4094",4905,37,36,-1
"4095",4906,4,6,2
"4096",4907,2,9,7
"4097",4908,5,1,-4
"4098",4909,15,13,-2
"4099",4910,1,1,0
"4100",4911,10,45,35
"4101",4913,6,11,5
"4102",4914,0,2,2
"4103",4915,5,14,9
"4104",4916,0,1,1
"4105",4917,0,2,2
"4106",4918,20,7,-13
"4107",4919,1,0,-1
"4108",4920,3,14,11
"4109",4921,1,1,0
"4110",4922,3,1,-2
"4111",4923,2,1,-1
"4112",4924,28,16,-12
"4113",4925,1,0,-1
"4114",4926,1,6,5
"4115",4927,10,13,3
"4116",4928,1,1,0
"4117",4929,3,3,0
"4118",4930,1,4,3
"4119",4931,6,8,2
"4120",4932,2,1,-1
"4121",4933,0,1,1
"4122",4934,9,12,3
"4123",4935,0,2,2
"4124",4936,3,4,1
"4125",4937,1,5,4
"4126",4938,2,4,2
"4127",4939,4,9,5
"4128",4940,8,3,-5
"4129",4941,4,2,-2
"4130",4943,1,4,3
"4131",4944,3,0,-3
"4132",4945,0,1,1
"4133",4946,1,0,-1
"4134",4947,5,5,0
"4135",4948,2,2,0
"4136",4949,3,4,1
"4137",4950,0,1,1
"4138",4951,2,8,6
"4139",4952,4,2,-2
"4140",4953,6,2,-4
"4141",4954,0,3,3
"4142",4955,1,3,2
"4143",4956,6,6,0
"4144",4957,2,6,4
"4145",4958,16,1,-15
"4146",4959,12,7,-5
"4147",4960,1,3,2
"4148",4961,7,8,1
"4149",4962,9,7,-2
"4150",4963,2,12,10
"4151",4964,3,1,-2
"4152",4965,5,4,-1
"4153",4966,7,4,-3
"4154",4967,0,1,1
"4155",4968,2,3,1
"4156",4969,0,3,3
"4157",4970,2,3,1
"4158",4971,3,0,-3
"4159",4972,3,2,-1
"4160",4973,5,15,10
"4161",4974,0,11,11
"4162",4975,2,7,5
"4163",4976,3,0,-3
"4164",4977,0,5,5
"4165",4978,3,2,-1
"4166",4979,2,8,6
"4167",4980,0,4,4
"4168",4981,1,1,0
"4169",4982,24,9,-15
"4170",4983,2,1,-1
"4171",4984,4,10,6
"4172",4985,2,5,3
"4173",4986,2,0,-2
"4174",4987,3,0,-3
"4175",4988,3,3,0
"4176",4989,26,16,-10
"4177",4990,0,5,5
"4178",4991,4,11,7
"4179",4992,7,3,-4
"4180",4993,1,0,-1
"4181",4994,9,9,0
"4182",4995,3,0,-3
"4183",4996,10,12,2
"4184",4998,1,2,1
"4185",4999,0,1,1
"4186",5000,2,0,-2
"4187",5001,14,11,-3
"4188",5002,3,0,-3
"4189",5003,0,4,4
"4190",5004,2,3,1
"4191",5005,3,2,-1
"4192",5006,0,1,1
"4193",5007,4,12,8
"4194",5008,1,1,0
"4195",5009,1,0,-1
"4196",5010,0,10,10
"4197",5011,2,8,6
"4198",5012,0,5,5
"4199",5013,0,2,2
"4200",5014,1,5,4
"4201",5015,0,1,1
"4202",5016,4,2,-2
"4203",5017,6,1,-5
"4204",5018,2,1,-1
"4205",5019,5,15,10
"4206",5020,10,7,-3
"4207",5021,1,1,0
"4208",5022,5,0,-5
"4209",5023,2,8,6
"4210",5024,1,0,-1
"4211",5025,1,0,-1
"4212",5026,2,8,6
"4213",5027,3,3,0
"4214",5028,5,7,2
"4215",5029,3,0,-3
"4216",5030,1,0,-1
"4217",5031,1,1,0
"4218",5032,2,4,2
"4219",5033,2,6,4
"4220",5034,9,15,6
"4221",5035,1,1,0
"4222",5036,0,1,1
"4223",5038,1,2,1
"4224",5039,0,1,1
"4225",5040,1,1,0
"4226",5042,1,0,-1
"4227",5043,1,0,-1
"4228",5044,1,5,4
"4229",5045,2,10,8
"4230",5046,2,10,8
"4231",5047,3,2,-1
"4232",5048,4,9,5
"4233",5049,0,1,1
"4234",5050,4,3,-1
"4235",5051,1,0,-1
"4236",5052,0,2,2
"4237",5053,3,0,-3
"4238",5054,2,1,-1
"4239",5055,26,39,13
"4240",5056,3,10,7
"4241",5057,1,3,2
"4242",5058,10,6,-4
"4243",5059,1,7,6
"4244",5060,7,9,2
"4245",5061,1,1,0
"4246",5062,3,0,-3
"4247",5063,1,1,0
"4248",5064,0,1,1
"4249",5066,44,27,-17
"4250",5067,5,3,-2
"4251",5068,0,3,3
"4252",5069,9,2,-7
"4253",5070,9,7,-2
"4254",5071,0,1,1
"4255",5072,9,6,-3
"4256",5073,0,6,6
"4257",5074,1,2,1
"4258",5075,2,3,1
"4259",5076,2,14,12
"4260",5077,2,4,2
"4261",5078,5,10,5
"4262",5080,2,5,3
"4263",5081,3,6,3
"4264",5082,16,15,-1
"4265",5083,1,9,8
"4266",5084,3,0,-3
"4267",5085,5,13,8
"4268",5086,6,9,3
"4269",5087,20,27,7
"4270",5088,2,9,7
"4271",5089,4,2,-2
"4272",5090,3,4,1
"4273",5091,7,1,-6
"4274",5092,0,2,2
"4275",5093,3,6,3
"4276",5094,44,28,-16
"4277",5095,0,1,1
"4278",5096,3,0,-3
"4279",5097,4,7,3
"4280",5098,2,3,1
"4281",5099,38,39,1
"4282",5100,2,5,3
"4283",5101,1,1,0
"4284",5102,0,1,1
"4285",5103,1,1,0
"4286",5104,21,11,-10
"4287",5105,1,2,1
"4288",5106,2,3,1
"4289",5107,2,4,2
"4290",5108,20,4,-16
"4291",5109,0,4,4
"4292",5110,3,2,-1
"4293",5111,1,1,0
"4294",5112,2,3,1
"4295",5113,3,0,-3
"4296",5114,4,8,4
"4297",5117,1,1,0
"4298",5118,7,1,-6
"4299",5119,24,5,-19
"4300",5120,1,1,0
"4301",5121,3,0,-3
"4302",5122,2,6,4
"4303",5123,3,5,2
"4304",5124,1,6,5
"4305",5125,2,1,-1
"4306",5126,15,8,-7
"4307",5127,0,1,1
"4308",5128,8,2,-6
"4309",5129,0,1,1
"4310",5130,2,1,-1
"4311",5131,4,5,1
"4312",5132,18,6,-12
"4313",5133,0,9,9
"4314",5134,1,0,-1
"4315",5136,0,1,1
"4316",5138,1,12,11
"4317",5139,1,1,0
"4318",5140,7,17,10
"4319",5141,11,15,4
"4320",5142,2,0,-2
"4321",5143,0,1,1
"4322",5144,4,4,0
"4323",5145,3,9,6
"4324",5146,5,3,-2
"4325",5147,8,4,-4
"4326",5148,5,5,0
"4327",5149,3,11,8
"4328",5151,3,0,-3
"4329",5152,7,6,-1
"4330",5153,3,0,-3
"4331",5154,4,3,-1
"4332",5155,2,0,-2
"4333",5156,5,4,-1
"4334",5157,1,2,1
"4335",5158,2,5,3
"4336",5159,1,5,4
"4337",5160,1,4,3
"4338",5161,5,3,-2
"4339",5162,0,3,3
"4340",5164,5,13,8
"4341",5165,2,1,-1
"4342",5166,8,2,-6
"4343",5167,3,0,-3
"4344",5168,0,3,3
"4345",5169,8,2,-6
"4346",5170,1,0,-1
"4347",5171,2,1,-1
"4348",5172,2,2,0
"4349",5173,2,22,20
"4350",5174,0,2,2
"4351",5175,0,4,4
"4352",5176,2,0,-2
"4353",5177,1,3,2
"4354",5178,1,1,0
"4355",5179,2,0,-2
"4356",5180,7,6,-1
"4357",5181,2,6,4
"4358",5182,5,5,0
"4359",5183,2,0,-2
"4360",5184,2,1,-1
"4361",5186,0,9,9
"4362",5187,2,9,7
"4363",5188,0,2,2
"4364",5189,7,3,-4
"4365",5190,0,11,11
"4366",5191,4,5,1
"4367",5193,0,1,1
"4368",5194,1,1,0
"4369",5195,6,6,0
"4370",5196,2,4,2
"4371",5197,44,56,12
"4372",5198,31,41,10
"4373",5200,4,0,-4
"4374",5201,3,1,-2
"4375",5202,0,2,2
"4376",5203,5,12,7
"4377",5204,0,3,3
"4378",5205,0,8,8
"4379",5206,3,1,-2
"4380",5207,0,1,1
"4381",5208,1,4,3
"4382",5209,1,4,3
"4383",5210,0,1,1
"4384",5211,1,4,3
"4385",5212,9,1,-8
"4386",5213,0,3,3
"4387",5214,1,6,5
"4388",5215,2,0,-2
"4389",5216,0,3,3
"4390",5217,3,11,8
"4391",5218,2,4,2
"4392",5219,4,3,-1
"4393",5220,1,4,3
"4394",5221,6,9,3
"4395",5222,3,0,-3
"4396",5223,46,40,-6
"4397",5224,2,1,-1
"4398",5225,1,0,-1
"4399",5226,5,1,-4
"4400",5227,7,6,-1
"4401",5228,14,8,-6
"4402",5230,5,1,-4
"4403",5231,1,14,13
"4404",5232,0,5,5
"4405",5233,2,1,-1
"4406",5234,0,1,1
"4407",5235,1,0,-1
"4408",5236,4,6,2
"4409",5237,4,14,10
"4410",5238,9,1,-8
"4411",5239,3,0,-3
"4412",5240,4,2,-2
"4413",5241,3,0,-3
"4414",5242,3,0,-3
"4415",5243,0,2,2
"4416",5244,6,2,-4
"4417",5245,9,9,0
"4418",5246,2,4,2
"4419",5247,0,3,3
"4420",5248,1,0,-1
"4421",5250,1,0,-1
"4422",5254,3,0,-3
"4423",5255,0,1,1
"4424",5256,1,1,0
"4425",5257,1,3,2
"4426",5258,0,1,1
"4427",5259,1,0,-1
"4428",5260,1,4,3
"4429",5261,0,1,1
"4430",5263,1,5,4
"4431",5264,1,1,0
"4432",5265,3,9,6
"4433",5266,1,5,4
"4434",5267,1,5,4
"4435",5268,2,7,5
"4436",5269,1,2,1
"4437",5270,1,5,4
"4438",5271,0,4,4
"4439",5273,1,2,1
"4440",5274,2,0,-2
"4441",5275,0,2,2
"4442",5277,3,0,-3
"4443",5278,3,2,-1
"4444",5279,4,2,-2
"4445",5281,2,0,-2
"4446",5282,2,3,1
"4447",5283,0,3,3
"4448",5284,5,8,3
"4449",5285,1,9,8
"4450",5286,1,0,-1
"4451",5287,1,2,1
"4452",5288,1,2,1
"4453",5289,3,5,2
"4454",5290,3,1,-2
"4455",5292,4,1,-3
"4456",5293,2,4,2
"4457",5294,2,2,0
"4458",5295,1,0,-1
"4459",5297,0,8,8
"4460",5298,0,1,1
"4461",5299,0,1,1
"4462",5300,3,0,-3
"4463",5301,44,27,-17
"4464",5304,3,0,-3
"4465",5305,1,0,-1
"4466",5306,1,5,4
"4467",5307,6,1,-5
"4468",5308,1,1,0
"4469",5309,4,2,-2
"4470",5310,3,2,-1
"4471",5311,0,1,1
"4472",5313,0,3,3
"4473",5314,9,6,-3
"4474",5315,3,3,0
"4475",5316,0,2,2
"4476",5317,9,14,5
"4477",5318,1,0,-1
"4478",5319,1,1,0
"4479",5320,1,7,6
"4480",5321,2,0,-2
"4481",5322,4,0,-4
"4482",5323,1,0,-1
"4483",5324,0,1,1
"4484",5325,4,10,6
"4485",5326,0,9,9
"4486",5327,0,1,1
"4487",5328,2,0,-2
"4488",5330,3,2,-1
"4489",5331,2,3,1
"4490",5332,1,0,-1
"4491",5333,1,0,-1
"4492",5334,2,1,-1
"4493",5336,0,1,1
"4494",5337,2,1,-1
"4495",5338,8,3,-5
"4496",5339,0,2,2
"4497",5340,4,1,-3
"4498",5341,1,3,2
"4499",5342,1,8,7
"4500",5343,0,1,1
"4501",5344,3,2,-1
"4502",5345,12,18,6
"4503",5346,1,0,-1
"4504",5348,1,1,0
"4505",5349,1,0,-1
"4506",5350,1,0,-1
"4507",5351,2,5,3
"4508",5352,2,2,0
"4509",5353,1,1,0
"4510",5354,0,2,2
"4511",5355,6,13,7
"4512",5356,5,4,-1
"4513",5357,2,0,-2
"4514",5358,4,2,-2
"4515",5359,0,4,4
"4516",5361,0,1,1
"4517",5362,14,6,-8
"4518",5363,2,1,-1
"4519",5364,0,1,1
"4520",5365,44,28,-16
"4521",5367,0,2,2
"4522",5368,1,1,0
"4523",5369,0,5,5
"4524",5370,1,3,2
"4525",5371,1,1,0
"4526",5372,1,0,-1
"4527",5373,0,1,1
"4528",5374,3,1,-2
"4529",5375,2,0,-2
"4530",5376,0,5,5
"4531",5377,1,0,-1
"4532",5378,0,2,2
"4533",5380,5,2,-3
"4534",5381,2,1,-1
"4535",5382,0,5,5
"4536",5383,0,2,2
"4537",5384,2,0,-2
"4538",5386,0,1,1
"4539",5387,4,8,4
"4540",5388,2,2,0
"4541",5389,0,2,2
"4542",5390,1,0,-1
"4543",5391,32,22,-10
"4544",5392,1,2,1
"4545",5393,2,1,-1
"4546",5394,0,2,2
"4547",5395,3,2,-1
"4548",5396,3,1,-2
"4549",5397,3,0,-3
"4550",5399,4,2,-2
"4551",5400,0,1,1
"4552",5401,1,0,-1
"4553",5402,3,5,2
"4554",5403,0,2,2
"4555",5404,0,3,3
"4556",5405,5,3,-2
"4557",5406,4,6,2
"4558",5407,4,0,-4
"4559",5408,7,3,-4
"4560",5409,2,9,7
"4561",5410,1,0,-1
"4562",5411,2,2,0
"4563",5412,1,4,3
"4564",5413,1,2,1
"4565",5414,2,0,-2
"4566",5415,0,1,1
"4567",5416,3,1,-2
"4568",5417,4,10,6
"4569",5418,4,2,-2
"4570",5419,7,9,2
"4571",5420,3,2,-1
"4572",5421,3,1,-2
"4573",5422,2,0,-2
"4574",5424,0,1,1
"4575",5426,0,1,1
"4576",5427,8,3,-5
"4577",5428,1,3,2
"4578",5430,2,10,8
"4579",5431,2,6,4
"4580",5433,1,2,1
"4581",5434,3,1,-2
"4582",5435,0,1,1
"4583",5436,0,1,1
"4584",5437,0,3,3
"4585",5438,6,8,2
"4586",5439,1,0,-1
"4587",5442,1,3,2
"4588",5443,0,1,1
"4589",5444,1,1,0
"4590",5445,0,3,3
"4591",5446,0,1,1
"4592",5447,0,1,1
"4593",5448,0,1,1
"4594",5449,1,3,2
"4595",5450,1,1,0
"4596",5451,1,0,-1
"4597",5453,1,2,1
"4598",5455,0,2,2
"4599",5456,0,2,2
"4600",5457,0,2,2
"4601",5459,0,1,1
"4602",5460,12,11,-1
"4603",5462,2,0,-2
"4604",5463,1,3,2
"4605",5464,0,2,2
"4606",5465,6,6,0
"4607",5466,0,2,2
"4608",5467,0,4,4
"4609",5468,0,1,1
"4610",5469,0,4,4
"4611",5470,0,3,3
"4612",5471,1,0,-1
"4613",5472,0,1,1
"4614",5474,4,4,0
"4615",5475,1,0,-1
"4616",5476,1,0,-1
"4617",5477,1,1,0
"4618",5478,0,1,1
"4619",5479,0,1,1
"4620",5480,1,2,1
"4621",5481,1,1,0
"4622",5482,0,1,1
"4623",5483,0,1,1
"4624",5486,3,2,-1
"4625",5489,1,0,-1
"4626",5490,3,1,-2
"4627",5493,0,1,1
"4628",5495,0,1,1
"4629",5496,0,2,2
"4630",5497,1,0,-1
"4631",5499,1,9,8
"4632",5500,0,1,1
"4633",5501,2,1,-1
"4634",5502,0,4,4
"4635",5503,0,1,1
"4636",5505,2,5,3
"4637",5506,1,1,0
"4638",5509,4,2,-2
"4639",5510,2,1,-1
"4640",5511,1,0,-1
"4641",5513,3,0,-3
"4642",5514,3,3,0
"4643",5517,5,4,-1
"4644",5519,1,4,3
"4645",5521,1,2,1
"4646",5522,0,5,5
"4647",5523,2,3,1
"4648",5524,6,20,14
"4649",5525,1,0,-1
"4650",5526,1,3,2
"4651",5527,2,1,-1
"4652",5530,1,0,-1
"4653",5531,0,2,2
"4654",5532,0,1,1
"4655",5533,2,4,2
"4656",5534,0,1,1
"4657",5535,3,3,0
"4658",5536,0,1,1
"4659",5538,1,0,-1
"4660",5539,4,1,-3
"4661",5540,1,1,0
"4662",5541,3,0,-3
"4663",5543,0,1,1
"4664",5544,0,3,3
"4665",5545,4,3,-1
"4666",5547,3,2,-1
"4667",5548,0,1,1
"4668",5549,1,1,0
"4669",5550,1,0,-1
"4670",5551,0,4,4
"4671",5552,0,1,1
"4672",5553,3,0,-3
"4673",5554,1,3,2
"4674",5555,1,4,3
"4675",5557,3,1,-2
"4676",5561,0,1,1
"4677",5562,0,1,1
"4678",5565,1,1,0
"4679",5568,2,2,0
"4680",5569,0,1,1
"4681",5570,3,0,-3
"4682",5572,3,0,-3
"4683",5573,0,1,1
"4684",5575,0,2,2
"4685",5576,0,1,1
"4686",5578,0,1,1
"4687",5580,0,2,2
"4688",5581,4,2,-2
"4689",5582,1,2,1
"4690",5583,3,1,-2
"4691",5585,0,2,2
"4692",5586,3,1,-2
"4693",5587,4,1,-3
"4694",5589,1,0,-1
"4695",5590,0,3,3
"4696",5591,2,3,1
"4697",5592,0,1,1
"4698",5593,0,1,1
"4699",5594,0,1,1
"4700",5595,1,1,0
"4701",5597,0,1,1
"4702",5598,1,0,-1
"4703",5599,0,2,2
"4704",5600,0,1,1
"4705",5601,0,1,1
"4706",5602,1,0,-1
"4707",5603,1,3,2
"4708",5605,0,2,2
"4709",5608,1,3,2
"4710",5609,1,2,1
"4711",5612,1,3,2
"4712",5613,4,4,0
"4713",5614,1,3,2
"4714",5615,0,1,1
"4715",5617,0,2,2
"4716",5618,2,1,-1
"4717",5620,3,0,-3
"4718",5624,1,11,10
"4719",5625,2,8,6
"4720",5626,0,1,1
"4721",5628,10,6,-4
"4722",5630,0,2,2
"4723",5631,1,1,0
"4724",5632,1,3,2
"4725",5633,1,0,-1
"4726",5634,0,1,1
"4727",5636,0,1,1
"4728",5637,4,38,34
"4729",5638,6,5,-1
"4730",5639,2,4,2
"4731",5640,1,10,9
"4732",5641,1,0,-1
"4733",5642,12,14,2
"4734",5643,0,2,2
"4735",5644,0,5,5
"4736",5645,1,4,3
"4737",5646,0,1,1
"4738",5647,9,20,11
"4739",5648,10,11,1
"4740",5649,3,2,-1
"4741",5650,2,8,6
"4742",5651,2,1,-1
"4743",5652,1,1,0
"4744",5654,0,2,2
"4745",5655,1,1,0
"4746",5656,1,1,0
"4747",5657,4,4,0
"4748",5658,2,0,-2
"4749",5659,3,13,10
"4750",5660,5,3,-2
"4751",5661,3,10,7
"4752",5662,3,6,3
"4753",5663,3,4,1
"4754",5665,1,2,1
"4755",5666,3,4,1
"4756",5668,27,20,-7
"4757",5669,14,16,2
"4758",5670,7,8,1
"4759",5671,1,0,-1
"4760",5672,7,1,-6
"4761",5673,1,0,-1
"4762",5674,2,0,-2
"4763",5675,8,37,29
"4764",5676,9,20,11
"4765",5677,7,6,-1
"4766",5678,1,0,-1
"4767",5679,1,0,-1
"4768",5680,0,5,5
"4769",5682,0,3,3
"4770",5683,1,1,0
"4771",5684,1,2,1
"4772",5685,9,6,-3
"4773",5686,1,9,8
"4774",5687,1,1,0
"4775",5688,0,1,1
"4776",5690,3,0,-3
"4777",5691,0,1,1
"4778",5693,7,18,11
"4779",5694,2,4,2
"4780",5695,7,2,-5
"4781",5696,0,2,2
"4782",5697,1,0,-1
"4783",5698,3,0,-3
"4784",5699,3,2,-1
"4785",5700,5,5,0
"4786",5701,11,5,-6
"4787",5702,1,0,-1
"4788",5703,1,1,0
"4789",5704,2,4,2
"4790",5706,1,0,-1
"4791",5707,5,5,0
"4792",5708,25,26,1
"4793",5709,1,14,13
"4794",5710,0,2,2
"4795",5711,0,1,1
"4796",5712,3,2,-1
"4797",5713,14,19,5
"4798",5714,32,24,-8
"4799",5715,7,70,63
"4800",5716,2,1,-1
"4801",5717,11,18,7
"4802",5718,3,6,3
"4803",5719,63,38,-25
"4804",5720,0,3,3
"4805",5721,0,1,1
"4806",5722,0,2,2
"4807",5723,4,15,11
"4808",5724,0,2,2
"4809",5725,0,1,1
"4810",5726,12,19,7
"4811",5727,1,3,2
"4812",5728,3,1,-2
"4813",5729,0,2,2
"4814",5731,3,9,6
"4815",5732,0,3,3
"4816",5734,1,0,-1
"4817",5735,0,1,1
"4818",5736,2,1,-1
"4819",5737,4,3,-1
"4820",5738,67,34,-33
"4821",5739,0,1,1
"4822",5740,5,2,-3
"4823",5741,0,1,1
"4824",5742,0,2,2
"4825",5743,0,6,6
"4826",5744,4,2,-2
"4827",5745,1,4,3
"4828",5746,4,3,-1
"4829",5747,33,26,-7
"4830",5748,1,6,5
"4831",5749,7,7,0
"4832",5750,2,1,-1
"4833",5751,29,17,-12
"4834",5752,1,5,4
"4835",5753,9,0,-9
"4836",5754,2,2,0
"4837",5755,0,2,2
"4838",5756,0,2,2
"4839",5757,1,11,10
"4840",5758,17,12,-5
"4841",5759,5,42,37
"4842",5760,14,16,2
"4843",5761,4,5,1
"4844",5762,2,4,2
"4845",5763,2,1,-1
"4846",5764,9,41,32
"4847",5765,3,15,12
"4848",5766,2,7,5
"4849",5767,4,2,-2
"4850",5768,2,30,28
"4851",5770,0,2,2
"4852",5771,1,1,0
"4853",5773,22,11,-11
"4854",5774,2,0,-2
"4855",5776,1,0,-1
"4856",5777,1,2,1
"4857",5778,1,0,-1
"4858",5779,0,1,1
"4859",5781,0,1,1
"4860",5782,2,0,-2
"4861",5783,0,2,2
"4862",5784,1,3,2
"4863",5785,0,4,4
"4864",5786,4,1,-3
"4865",5787,3,6,3
"4866",5788,1,8,7
"4867",5789,4,12,8
"4868",5790,7,3,-4
"4869",5791,0,2,2
"4870",5792,6,5,-1
"4871",5793,2,10,8
"4872",5794,4,13,9
"4873",5795,0,2,2
"4874",5796,38,24,-14
"4875",5797,2,2,0
"4876",5798,7,2,-5
"4877",5799,7,6,-1
"4878",5800,4,2,-2
"4879",5801,0,5,5
"4880",5802,0,6,6
"4881",5803,23,29,6
"4882",5804,1,2,1
"4883",5805,8,22,14
"4884",5806,18,13,-5
"4885",5807,53,29,-24
"4886",5808,1,3,2
"4887",5809,6,10,4
"4888",5810,3,5,2
"4889",5811,8,45,37
"4890",5812,5,4,-1
"4891",5813,0,1,1
"4892",5814,0,1,1
"4893",5815,1,8,7
"4894",5816,0,1,1
"4895",5817,2,4,2
"4896",5818,6,14,8
"4897",5819,1,1,0
"4898",5820,0,1,1
"4899",5821,0,1,1
"4900",5822,1,4,3
"4901",5823,7,2,-5
"4902",5824,4,16,12
"4903",5825,4,3,-1
"4904",5826,2,1,-1
"4905",5827,58,25,-33
"4906",5828,1,3,2
"4907",5829,2,1,-1
"4908",5830,0,1,1
"4909",5831,6,6,0
"4910",5832,2,7,5
"4911",5833,0,3,3
"4912",5834,2,6,4
"4913",5835,0,2,2
"4914",5836,7,2,-5
"4915",5837,4,3,-1
"4916",5838,3,1,-2
"4917",5839,2,6,4
"4918",5841,7,44,37
"4919",5843,5,0,-5
"4920",5844,4,1,-3
"4921",5845,1,0,-1
"4922",5846,63,29,-34
"4923",5847,6,73,67
"4924",5848,1,0,-1
"4925",5849,2,44,42
"4926",5850,1,1,0
"4927",5851,0,2,2
"4928",5852,1,1,0
"4929",5853,0,1,1
"4930",5854,1,6,5
"4931",5855,12,6,-6
"4932",5856,1,2,1
"4933",5857,0,9,9
"4934",5858,4,3,-1
"4935",5859,0,2,2
"4936",5861,2,0,-2
"4937",5862,0,1,1
"4938",5863,6,5,-1
"4939",5864,6,7,1
"4940",5865,10,14,4
"4941",5866,14,28,14
"4942",5867,21,27,6
"4943",5868,54,46,-8
"4944",5869,1,7,6
"4945",5870,57,25,-32
"4946",5871,0,1,1
"4947",5872,0,3,3
"4948",5874,1,3,2
"4949",5875,2,2,0
"4950",5876,4,4,0
"4951",5877,1,3,2
"4952",5878,18,35,17
"4953",5879,21,38,17
"4954",5880,0,1,1
"4955",5882,3,6,3
"4956",5883,1,11,10
"4957",5884,23,19,-4
"4958",5885,1,0,-1
"4959",5886,5,10,5
"4960",5888,22,15,-7
"4961",5889,2,0,-2
"4962",5890,4,8,4
"4963",5891,1,4,3
"4964",5892,3,2,-1
"4965",5893,10,9,-1
"4966",5894,1,1,0
"4967",5896,0,1,1
"4968",5897,2,1,-1
"4969",5898,7,14,7
"4970",5899,0,6,6
"4971",5900,7,14,7
"4972",5901,6,3,-3
"4973",5902,2,0,-2
"4974",5903,1,3,2
"4975",5904,0,11,11
"4976",5905,0,1,1
"4977",5906,3,0,-3
"4978",5907,1,2,1
"4979",5908,4,28,24
"4980",5909,1,2,1
"4981",5910,3,1,-2
"4982",5911,4,13,9
"4983",5913,8,10,2
"4984",5914,8,9,1
"4985",5915,0,2,2
"4986",5916,17,18,1
"4987",5917,4,4,0
"4988",5918,25,20,-5
"4989",5919,7,5,-2
"4990",5920,1,1,0
"4991",5921,10,10,0
"4992",5922,1,1,0
"4993",5923,0,5,5
"4994",5924,3,4,1
"4995",5926,1,1,0
"4996",5927,78,36,-42
"4997",5928,1,3,2
"4998",5929,0,3,3
"4999",5930,7,64,57
"5000",5931,1,3,2
"5001",5932,1,1,0
"5002",5933,1,2,1
"5003",5934,0,5,5
"5004",5935,1,1,0
"5005",5936,74,35,-39
"5006",5937,2,1,-1
"5007",5938,4,9,5
"5008",5939,1,1,0
"5009",5940,6,10,4
"5010",5941,1,4,3
"5011",5942,6,9,3
"5012",5943,7,32,25
"5013",5944,15,8,-7
"5014",5945,32,18,-14
"5015",5946,8,8,0
"5016",5947,2,1,-1
"5017",5948,17,12,-5
"5018",5949,1,1,0
"5019",5950,50,19,-31
"5020",5951,1,0,-1
"5021",5952,1,7,6
"5022",5953,1,0,-1
"5023",5954,0,7,7
"5024",5955,38,24,-14
"5025",5956,3,0,-3
"5026",5957,7,19,12
"5027",5958,7,4,-3
"5028",5959,2,1,-1
"5029",5960,9,12,3
"5030",5961,18,13,-5
"5031",5962,2,1,-1
"5032",5963,2,8,6
"5033",5965,2,0,-2
"5034",5966,24,27,3
"5035",5967,1,7,6
"5036",5968,1,1,0
"5037",5969,23,19,-4
"5038",5970,18,13,-5
"5039",5971,0,1,1
"5040",5972,3,1,-2
"5041",5973,3,1,-2
"5042",5974,13,6,-7
"5043",5975,1,3,2
"5044",5976,3,7,4
"5045",5977,1,0,-1
"5046",5978,1,5,4
"5047",5979,10,14,4
"5048",5980,5,3,-2
"5049",5981,1,1,0
"5050",5982,0,4,4
"5051",5983,1,1,0
"5052",5984,2,11,9
"5053",5985,0,10,10
"5054",5986,3,0,-3
"5055",5987,2,5,3
"5056",5989,28,21,-7
"5057",5990,60,26,-34
"5058",5991,2,0,-2
"5059",5992,2,5,3
"5060",5993,2,2,0
"5061",5994,0,1,1
"5062",5995,0,1,1
"5063",5996,0,1,1
"5064",5997,1,5,4
"5065",5998,5,17,12
"5066",5999,4,2,-2
"5067",6000,1,1,0
"5068",6001,0,2,2
"5069",6002,3,6,3
"5070",6003,0,2,2
"5071",6004,3,4,1
"5072",6005,3,3,0
"5073",6006,2,2,0
"5074",6007,0,5,5
"5075",6008,0,1,1
"5076",6009,0,3,3
"5077",6010,0,6,6
"5078",6011,0,2,2
"5079",6012,0,1,1
"5080",6013,7,12,5
"5081",6014,0,5,5
"5082",6015,0,4,4
"5083",6016,2,4,2
"5084",6017,2,3,1
"5085",6018,1,6,5
"5086",6019,1,12,11
"5087",6020,0,10,10
"5088",6021,0,8,8
"5089",6022,0,2,2
"5090",6023,0,1,1
"5091",6024,2,3,1
"5092",6025,4,8,4
"5093",6026,0,2,2
"5094",6027,7,3,-4
"5095",6028,2,3,1
"5096",6029,0,2,2
"5097",6030,76,33,-43
"5098",6031,0,11,11
"5099",6032,0,2,2
"5100",6033,1,0,-1
"5101",6034,3,2,-1
"5102",6035,0,1,1
"5103",6036,3,8,5
"5104",6037,1,2,1
"5105",6038,1,0,-1
"5106",6040,1,0,-1
"5107",6041,3,2,-1
"5108",6043,2,1,-1
"5109",6044,1,0,-1
"5110",6045,3,3,0
"5111",6046,8,3,-5
"5112",6047,2,1,-1
"5113",6048,1,1,0
"5114",6049,1,1,0
"5115",6050,0,1,1
"5116",6051,1,0,-1
"5117",6052,0,1,1
"5118",6053,2,0,-2
"5119",6054,0,1,1
"5120",6055,1,3,2
"5121",6056,1,2,1
"5122",6059,1,1,0
"5123",6061,0,6,6
"5124",6062,0,2,2
"5125",6063,1,1,0
"5126",6064,0,1,1
"5127",6065,0,1,1
"5128",6067,1,2,1
"5129",6068,1,0,-1
"5130",6069,3,5,2
"5131",6070,0,1,1
"5132",6072,6,3,-3
"5133",6073,8,10,2
"5134",6074,3,1,-2
"5135",6075,0,2,2
"5136",6076,6,4,-2
"5137",6077,4,0,-4
"5138",6078,3,5,2
"5139",6079,2,5,3
"5140",6080,0,2,2
"5141",6082,3,2,-1
"5142",6083,0,4,4
"5143",6085,1,1,0
"5144",6086,4,5,1
"5145",6087,1,2,1
"5146",6088,0,1,1
"5147",6089,2,8,6
"5148",6090,0,3,3
"5149",6091,0,1,1
"5150",6092,4,11,7
"5151",6093,1,0,-1
"5152",6094,0,4,4
"5153",6095,0,4,4
"5154",6096,1,1,0
"5155",6097,2,6,4
"5156",6098,1,1,0
"5157",6102,3,3,0
"5158",6103,1,6,5
"5159",6104,0,1,1
"5160",6105,1,3,2
"5161",6106,0,1,1
"5162",6107,1,5,4
"5163",6108,1,1,0
"5164",6109,0,1,1
"5165",6110,3,0,-3
"5166",6111,3,9,6
"5167",6112,1,2,1
"5168",6113,0,4,4
"5169",6114,1,1,0
"5170",6115,0,6,6
"5171",6116,1,1,0
"5172",6117,1,0,-1
"5173",6120,2,5,3
"5174",6122,0,1,1
"5175",6123,3,0,-3
"5176",6124,4,3,-1
"5177",6125,1,2,1
"5178",6126,2,1,-1
"5179",6127,2,1,-1
"5180",6128,3,0,-3
"5181",6129,1,1,0
"5182",6130,0,3,3
"5183",6131,0,1,1
"5184",6132,2,0,-2
"5185",6133,3,12,9
"5186",6134,3,12,9
"5187",6135,0,1,1
"5188",6136,1,1,0
"5189",6137,1,0,-1
"5190",6138,3,2,-1
"5191",6139,5,7,2
"5192",6140,7,3,-4
"5193",6141,4,8,4
"5194",6142,6,12,6
"5195",6144,1,6,5
"5196",6148,1,6,5
"5197",6150,0,2,2
"5198",6153,1,6,5
"5199",6154,1,0,-1
"5200",6155,1,0,-1
"5201",6156,2,0,-2
"5202",6157,1,0,-1
"5203",6158,2,0,-2
"5204",6159,3,7,4
"5205",6160,1,1,0
"5206",6161,2,0,-2
"5207",6162,0,2,2
"5208",6163,1,1,0
"5209",6164,1,0,-1
"5210",6165,0,1,1
"5211",6166,1,0,-1
"5212",6167,3,6,3
"5213",6168,3,7,4
"5214",6169,0,1,1
"5215",6170,30,17,-13
"5216",6171,0,2,2
"5217",6172,0,1,1
"5218",6173,16,27,11
"5219",6174,0,1,1
"5220",6175,1,7,6
"5221",6176,2,0,-2
"5222",6177,2,0,-2
"5223",6178,5,59,54
"5224",6179,3,0,-3
"5225",6181,1,3,2
"5226",6182,54,40,-14
"5227",6183,1,1,0
"5228",6184,1,3,2
"5229",6185,4,1,-3
"5230",6186,3,0,-3
"5231",6187,2,3,1
"5232",6188,29,22,-7
"5233",6189,2,1,-1
"5234",6190,2,2,0
"5235",6191,0,2,2
"5236",6192,20,20,0
"5237",6193,8,6,-2
"5238",6194,1,1,0
"5239",6195,6,13,7
"5240",6196,3,4,1
"5241",6197,7,58,51
"5242",6198,3,11,8
"5243",6199,2,7,5
"5244",6200,2,1,-1
"5245",6201,3,4,1
"5246",6202,1,3,2
"5247",6203,0,2,2
"5248",6204,8,19,11
"5249",6205,1,1,0
"5250",6206,1,1,0
"5251",6207,1,0,-1
"5252",6208,4,13,9
"5253",6209,2,2,0
"5254",6210,2,0,-2
"5255",6211,22,19,-3
"5256",6212,3,0,-3
"5257",6213,0,9,9
"5258",6214,0,15,15
"5259",6215,4,11,7
"5260",6216,1,3,2
"5261",6217,3,0,-3
"5262",6218,1,3,2
"5263",6220,2,1,-1
"5264",6221,0,1,1
"5265",6222,1,1,0
"5266",6223,0,1,1
"5267",6224,1,0,-1
"5268",6225,2,5,3
"5269",6226,2,0,-2
"5270",6227,20,19,-1
"5271",6228,2,2,0
"5272",6229,0,1,1
"5273",6231,1,2,1
"5274",6232,1,2,1
"5275",6233,37,24,-13
"5276",6234,2,4,2
"5277",6235,2,1,-1
"5278",6236,2,2,0
"5279",6238,1,1,0
"5280",6239,0,2,2
"5281",6240,2,2,0
"5282",6241,1,3,2
"5283",6242,3,2,-1
"5284",6243,3,5,2
"5285",6244,4,14,10
"5286",6245,5,45,40
"5287",6246,26,18,-8
"5288",6247,3,1,-2
"5289",6248,6,2,-4
"5290",6249,1,3,2
"5291",6250,16,42,26
"5292",6251,0,2,2
"5293",6252,10,33,23
"5294",6253,1,2,1
"5295",6254,4,7,3
"5296",6255,5,8,3
"5297",6256,0,1,1
"5298",6257,1,3,2
"5299",6258,8,11,3
"5300",6259,8,3,-5
"5301",6260,26,27,1
"5302",6261,12,23,11
"5303",6262,1,4,3
"5304",6263,27,23,-4
"5305",6264,0,2,2
"5306",6266,4,6,2
"5307",6267,57,29,-28
"5308",6268,22,25,3
"5309",6269,0,3,3
"5310",6270,3,6,3
"5311",6271,28,17,-11
"5312",6272,21,19,-2
"5313",6273,0,1,1
"5314",6274,1,1,0
"5315",6275,2,2,0
"5316",6276,2,10,8
"5317",6277,3,2,-1
"5318",6278,0,1,1
"5319",6279,2,0,-2
"5320",6280,3,5,2
"5321",6281,17,34,17
"5322",6282,0,3,3
"5323",6283,3,7,4
"5324",6284,18,2,-16
"5325",6286,9,10,1
"5326",6287,88,60,-28
"5327",6288,6,7,1
"5328",6289,1,6,5
"5329",6290,1,1,0
"5330",6291,0,10,10
"5331",6292,1,1,0
"5332",6293,2,2,0
"5333",6294,0,1,1
"5334",6295,2,2,0
"5335",6296,1,3,2
"5336",6297,2,10,8
"5337",6298,7,11,4
"5338",6299,50,32,-18
"5339",6300,9,5,-4
"5340",6302,4,1,-3
"5341",6303,1,1,0
"5342",6304,1,1,0
"5343",6305,0,10,10
"5344",6306,9,21,12
"5345",6307,1,6,5
"5346",6308,18,13,-5
"5347",6309,4,5,1
"5348",6310,2,2,0
"5349",6311,35,19,-16
"5350",6312,3,0,-3
"5351",6313,22,21,-1
"5352",6314,1,3,2
"5353",6315,1,6,5
"5354",6316,1,2,1
"5355",6317,4,1,-3
"5356",6318,2,2,0
"5357",6319,6,1,-5
"5358",6320,9,21,12
"5359",6321,0,1,1
"5360",6322,1,0,-1
"5361",6323,0,2,2
"5362",6324,0,1,1
"5363",6325,3,6,3
"5364",6326,0,1,1
"5365",6327,1,4,3
"5366",6328,2,5,3
"5367",6330,1,2,1
"5368",6331,0,1,1
"5369",6332,2,4,2
"5370",6333,2,1,-1
"5371",6334,3,2,-1
"5372",6335,3,2,-1
"5373",6336,20,19,-1
"5374",6337,26,20,-6
"5375",6338,2,4,2
"5376",6339,0,2,2
"5377",6340,2,0,-2
"5378",6342,31,19,-12
"5379",6343,0,2,2
"5380",6344,21,24,3
"5381",6345,1,3,2
"5382",6346,0,1,1
"5383",6347,1,3,2
"5384",6348,0,1,1
"5385",6349,2,1,-1
"5386",6350,2,0,-2
"5387",6351,0,1,1
"5388",6352,4,6,2
"5389",6353,5,4,-1
"5390",6354,10,18,8
"5391",6355,1,5,4
"5392",6356,1,1,0
"5393",6357,2,0,-2
"5394",6358,3,0,-3
"5395",6359,4,8,4
"5396",6360,1,2,1
"5397",6361,0,2,2
"5398",6362,20,16,-4
"5399",6363,0,1,1
"5400",6364,3,3,0
"5401",6365,11,29,18
"5402",6366,18,13,-5
"5403",6367,1,2,1
"5404",6368,0,2,2
"5405",6369,2,4,2
"5406",6370,0,3,3
"5407",6371,31,17,-14
"5408",6372,0,5,5
"5409",6373,2,8,6
"5410",6374,6,2,-4
"5411",6375,1,2,1
"5412",6376,2,1,-1
"5413",6377,2,4,2
"5414",6378,1,5,4
"5415",6379,1,2,1
"5416",6380,1,9,8
"5417",6381,3,0,-3
"5418",6382,0,2,2
"5419",6383,0,3,3
"5420",6384,1,1,0
"5421",6385,2,1,-1
"5422",6386,6,15,9
"5423",6387,2,4,2
"5424",6388,5,9,4
"5425",6389,18,3,-15
"5426",6390,1,2,1
"5427",6391,0,2,2
"5428",6392,3,3,0
"5429",6393,6,3,-3
"5430",6394,7,3,-4
"5431",6395,0,2,2
"5432",6396,1,2,1
"5433",6397,11,29,18
"5434",6398,0,8,8
"5435",6399,4,6,2
"5436",6400,1,2,1
"5437",6402,0,1,1
"5438",6403,1,2,1
"5439",6405,0,3,3
"5440",6406,0,1,1
"5441",6407,9,1,-8
"5442",6408,1,1,0
"5443",6409,1,6,5
"5444",6410,1,1,0
"5445",6411,8,4,-4
"5446",6412,2,3,1
"5447",6413,8,9,1
"5448",6414,2,7,5
"5449",6415,5,3,-2
"5450",6416,36,17,-19
"5451",6417,2,2,0
"5452",6418,3,9,6
"5453",6419,1,1,0
"5454",6421,4,3,-1
"5455",6422,1,2,1
"5456",6423,3,6,3
"5457",6424,4,5,1
"5458",6425,2,1,-1
"5459",6426,2,3,1
"5460",6427,7,4,-3
"5461",6429,1,1,0
"5462",6430,2,2,0
"5463",6431,0,2,2
"5464",6432,1,1,0
"5465",6433,2,1,-1
"5466",6434,6,6,0
"5467",6435,4,13,9
"5468",6436,1,0,-1
"5469",6437,5,6,1
"5470",6438,0,11,11
"5471",6439,2,2,0
"5472",6440,47,25,-22
"5473",6441,3,0,-3
"5474",6442,0,1,1
"5475",6443,2,4,2
"5476",6444,22,19,-3
"5477",6445,1,2,1
"5478",6446,2,1,-1
"5479",6447,3,3,0
"5480",6448,0,5,5
"5481",6449,1,2,1
"5482",6450,0,5,5
"5483",6451,0,1,1
"5484",6452,0,1,1
"5485",6453,33,27,-6
"5486",6454,0,2,2
"5487",6455,0,1,1
"5488",6456,0,1,1
"5489",6457,0,1,1
"5490",6458,5,3,-2
"5491",6459,2,0,-2
"5492",6460,3,3,0
"5493",6461,5,3,-2
"5494",6462,12,9,-3
"5495",6463,0,2,2
"5496",6464,1,0,-1
"5497",6465,1,0,-1
"5498",6466,2,3,1
"5499",6467,26,6,-20
"5500",6469,3,1,-2
"5501",6470,0,1,1
"5502",6471,0,2,2
"5503",6472,2,4,2
"5504",6473,3,1,-2
"5505",6474,1,0,-1
"5506",6476,0,1,1
"5507",6478,1,7,6
"5508",6479,3,10,7
"5509",6480,1,7,6
"5510",6482,1,0,-1
"5511",6483,2,2,0
"5512",6484,2,15,13
"5513",6485,42,34,-8
"5514",6486,1,0,-1
"5515",6487,2,6,4
"5516",6490,2,15,13
"5517",6491,0,5,5
"5518",6493,0,16,16
"5519",6494,1,2,1
"5520",6495,0,1,1
"5521",6496,7,10,3
"5522",6497,0,3,3
"5523",6498,1,2,1
"5524",6499,20,26,6
"5525",6500,0,2,2
"5526",6501,0,4,4
"5527",6502,0,2,2
"5528",6503,1,0,-1
"5529",6504,23,31,8
"5530",6505,1,1,0
"5531",6506,0,3,3
"5532",6507,1,0,-1
"5533",6508,11,9,-2
"5534",6509,11,3,-8
"5535",6510,1,2,1
"5536",6511,20,7,-13
"5537",6512,14,7,-7
"5538",6513,16,13,-3
"5539",6514,7,8,1
"5540",6515,6,7,1
"5541",6516,25,16,-9
"5542",6517,35,14,-21
"5543",6518,0,4,4
"5544",6519,0,1,1
"5545",6521,1,0,-1
"5546",6522,2,2,0
"5547",6523,1,2,1
"5548",6524,1,0,-1
"5549",6525,1,1,0
"5550",6526,0,3,3
"5551",6527,4,1,-3
"5552",6528,9,4,-5
"5553",6529,16,11,-5
"5554",6530,2,3,1
"5555",6531,5,4,-1
"5556",6532,1,4,3
"5557",6533,1,0,-1
"5558",6534,4,4,0
"5559",6535,4,4,0
"5560",6536,6,13,7
"5561",6537,2,5,3
"5562",6538,1,0,-1
"5563",6539,6,7,1
"5564",6541,4,3,-1
"5565",6542,1,13,12
"5566",6543,10,9,-1
"5567",6545,5,2,-3
"5568",6546,25,16,-9
"5569",6547,0,3,3
"5570",6548,1,0,-1
"5571",6550,2,1,-1
"5572",6551,0,3,3
"5573",6552,0,4,4
"5574",6553,3,1,-2
"5575",6554,9,11,2
"5576",6555,0,1,1
"5577",6556,0,4,4
"5578",6557,0,1,1
"5579",6558,3,4,1
"5580",6559,0,3,3
"5581",6560,14,12,-2
"5582",6561,14,12,-2
"5583",6562,0,1,1
"5584",6563,1,3,2
"5585",6564,0,3,3
"5586",6565,1,0,-1
"5587",6566,0,1,1
"5588",6567,1,1,0
"5589",6568,0,1,1
"5590",6569,1,2,1
"5591",6570,3,1,-2
"5592",6572,2,2,0
"5593",6573,1,2,1
"5594",6575,1,0,-1
"5595",6576,2,3,1
"5596",6577,0,2,2
"5597",6578,0,1,1
"5598",6579,0,2,2
"5599",6580,2,2,0
"5600",6582,0,1,1
"5601",6583,3,0,-3
"5602",6584,0,1,1
"5603",6585,0,2,2
"5604",6587,0,1,1
"5605",6588,0,1,1
"5606",6589,1,2,1
"5607",6590,11,9,-2
"5608",6591,6,8,2
"5609",6592,2,0,-2
"5610",6593,2,0,-2
"5611",6595,0,1,1
"5612",6596,0,1,1
"5613",6601,2,2,0
"5614",6602,1,7,6
"5615",6603,2,2,0
"5616",6605,1,0,-1
"5617",6606,2,2,0
"5618",6607,3,3,0
"5619",6608,0,1,1
"5620",6609,2,0,-2
"5621",6610,1,3,2
"5622",6612,4,4,0
"5623",6613,1,1,0
"5624",6617,1,2,1
"5625",6618,1,5,4
"5626",6619,0,1,1
"5627",6620,2,3,1
"5628",6621,1,0,-1
"5629",6622,1,2,1
"5630",6624,0,2,2
"5631",6625,0,5,5
"5632",6627,0,5,5
"5633",6628,3,6,3
"5634",6630,1,3,2
"5635",6631,0,8,8
"5636",6632,0,3,3
"5637",6633,1,1,0
"5638",6634,3,2,-1
"5639",6635,0,3,3
"5640",6636,6,5,-1
"5641",6637,2,2,0
"5642",6638,5,5,0
"5643",6639,0,1,1
"5644",6640,7,6,-1
"5645",6642,13,11,-2
"5646",6643,1,8,7
"5647",6644,1,2,1
"5648",6645,1,2,1
"5649",6646,1,4,3
"5650",6647,0,3,3
"5651",6648,3,0,-3
"5652",6649,2,1,-1
"5653",6650,0,8,8
"5654",6651,2,3,1
"5655",6652,7,3,-4
"5656",6653,0,4,4
"5657",6654,3,2,-1
"5658",6655,4,4,0
"5659",6656,1,1,0
"5660",6657,1,2,1
"5661",6658,1,2,1
"5662",6659,5,4,-1
"5663",6660,0,2,2
"5664",6661,3,5,2
"5665",6662,0,2,2
"5666",6663,0,2,2
"5667",6664,1,3,2
"5668",6665,1,0,-1
"5669",6666,0,3,3
"5670",6667,3,8,5
"5671",6668,0,2,2
"5672",6669,3,2,-1
"5673",6670,1,1,0
"5674",6671,0,1,1
"5675",6672,0,2,2
"5676",6673,2,4,2
"5677",6674,1,3,2
"5678",6675,3,7,4
"5679",6676,8,9,1
"5680",6678,6,9,3
"5681",6679,0,2,2
"5682",6680,1,4,3
"5683",6681,0,2,2
"5684",6682,2,0,-2
"5685",6683,1,10,9
"5686",6684,0,1,1
"5687",6685,1,3,2
"5688",6686,1,4,3
"5689",6687,1,3,2
"5690",6688,6,12,6
"5691",6690,3,1,-2
"5692",6691,1,1,0
"5693",6692,0,4,4
"5694",6693,3,3,0
"5695",6694,0,1,1
"5696",6696,2,3,1
"5697",6697,0,2,2
"5698",6698,0,2,2
"5699",6699,2,6,4
"5700",6700,1,5,4
"5701",6701,2,2,0
"5702",6704,0,2,2
"5703",6706,2,1,-1
"5704",6707,1,2,1
"5705",6708,0,1,1
"5706",6711,1,4,3
"5707",6712,1,2,1
"5708",6714,0,1,1
"5709",6715,0,8,8
"5710",6716,0,3,3
"5711",6718,0,1,1
"5712",6719,0,1,1
"5713",6721,0,3,3
"5714",6722,1,0,-1
"5715",6723,0,6,6
"5716",6726,0,3,3
"5717",6728,0,2,2
"5718",6735,0,1,1
"5719",6736,1,1,0
"5720",6737,0,1,1
"5721",6739,0,1,1
"5722",6740,0,1,1
"5723",6741,0,1,1
"5724",6742,3,1,-2
"5725",6744,0,1,1
"5726",6745,0,1,1
"5727",6746,2,1,-1
"5728",6747,2,1,-1
"5729",6748,0,1,1
"5730",6749,0,1,1
"5731",6750,0,1,1
"5732",6751,0,1,1
"5733",6752,12,11,-1
"5734",6753,0,1,1
"5735",6754,3,3,0
"5736",6755,3,2,-1
"5737",6756,0,1,1
"5738",6757,0,1,1
"5739",6758,0,3,3
"5740",6759,0,3,3
"5741",6760,0,1,1
"5742",6761,7,8,1
"5743",6762,0,1,1
"5744",6763,0,2,2
"5745",6764,0,1,1
"5746",6765,0,1,1
"5747",6766,0,1,1
"5748",6767,0,1,1
"5749",6768,0,1,1
"5750",6770,0,1,1
"5751",6771,0,1,1
"5752",6772,0,1,1
"5753",6773,0,2,2
"5754",6774,0,3,3
"5755",6775,0,1,1
"5756",6777,0,2,2
"5757",6780,3,1,-2
"5758",6781,1,2,1
"5759",6782,1,2,1
"5760",6783,1,3,2
"5761",6784,0,2,2
"5762",6785,0,1,1
"5763",6786,1,3,2
"5764",6787,1,8,7
"5765",6788,5,3,-2
"5766",6789,1,0,-1
"5767",6790,2,4,2
"5768",6791,9,0,-9
"5769",6792,0,2,2
"5770",6793,9,5,-4
"5771",6794,6,10,4
"5772",6795,2,0,-2
"5773",6797,2,0,-2
"5774",6798,1,1,0
"5775",6799,0,2,2
"5776",6800,1,0,-1
"5777",6801,0,1,1
"5778",6802,4,1,-3
"5779",6803,1,1,0
"5780",6805,2,0,-2
"5781",6806,0,1,1
"5782",6807,2,3,1
"5783",6808,2,1,-1
"5784",6809,4,4,0
"5785",6810,1,2,1
"5786",6811,0,2,2
"5787",6813,0,3,3
"5788",6815,1,0,-1
"5789",6816,3,0,-3
"5790",6817,0,1,1
"5791",6818,1,5,4
"5792",6819,1,0,-1
"5793",6820,2,4,2
"5794",6821,0,3,3
"5795",6823,1,0,-1
"5796",6824,1,3,2
"5797",6825,1,1,0
"5798",6828,1,1,0
"5799",6830,15,2,-13
"5800",6831,0,2,2
"5801",6832,0,3,3
"5802",6833,0,1,1
"5803",6834,6,2,-4
"5804",6836,0,1,1
"5805",6837,1,1,0
"5806",6838,0,2,2
"5807",6839,0,3,3
"5808",6840,2,1,-1
"5809",6841,0,1,1
"5810",6842,1,1,0
"5811",6843,6,5,-1
"5812",6844,1,4,3
"5813",6845,1,1,0
"5814",6846,1,0,-1
"5815",6849,1,0,-1
"5816",6850,1,2,1
"5817",6851,3,12,9
"5818",6852,0,4,4
"5819",6854,0,8,8
"5820",6855,1,4,3
"5821",6856,2,1,-1
"5822",6857,1,0,-1
"5823",6858,0,4,4
"5824",6859,1,1,0
"5825",6860,1,13,12
"5826",6861,0,4,4
"5827",6862,6,5,-1
"5828",6863,2,10,8
"5829",6865,4,2,-2
"5830",6866,0,2,2
"5831",6868,0,3,3
"5832",6869,1,0,-1
"5833",6870,9,12,3
"5834",6872,0,1,1
"5835",6873,1,2,1
"5836",6874,0,2,2
"5837",6875,2,4,2
"5838",6876,1,0,-1
"5839",6877,1,7,6
"5840",6878,0,1,1
"5841",6881,1,2,1
"5842",6882,1,0,-1
"5843",6883,1,4,3
"5844",6884,0,1,1
"5845",6885,0,3,3
"5846",6886,0,1,1
"5847",6887,1,2,1
"5848",6888,7,2,-5
"5849",6889,2,12,10
"5850",6891,0,1,1
"5851",6892,0,1,1
"5852",6893,2,0,-2
"5853",6897,3,8,5
"5854",6899,4,15,11
"5855",6901,1,0,-1
"5856",6903,1,5,4
"5857",6906,1,2,1
"5858",6907,0,6,6
"5859",6908,2,8,6
"5860",6909,3,11,8
"5861",6910,2,0,-2
"5862",6911,2,2,0
"5863",6912,0,2,2
"5864",6913,0,1,1
"5865",6915,0,1,1
"5866",6916,1,0,-1
"5867",6917,4,1,-3
"5868",6920,7,9,2
"5869",6921,0,7,7
"5870",6922,0,1,1
"5871",6923,1,2,1
"5872",6924,1,5,4
"5873",6926,1,1,0
"5874",6927,1,0,-1
"5875",6928,2,5,3
"5876",6929,3,1,-2
"5877",6930,0,6,6
"5878",6931,4,4,0
"5879",6932,7,12,5
"5880",6933,0,1,1
"5881",6935,1,0,-1
"5882",6936,2,1,-1
"5883",6937,0,2,2
"5884",6938,0,2,2
"5885",6939,1,3,2
"5886",6940,1,10,9
"5887",6941,5,2,-3
"5888",6942,0,5,5
"5889",6943,0,1,1
"5890",6944,4,11,7
"5891",6945,2,2,0
"5892",6946,0,3,3
"5893",6947,2,4,2
"5894",6948,0,3,3
"5895",6949,1,2,1
"5896",6950,5,6,1
"5897",6951,1,1,0
"5898",6952,0,3,3
"5899",6953,2,1,-1
"5900",6954,2,0,-2
"5901",6955,1,7,6
"5902",6956,5,0,-5
"5903",6958,3,4,1
"5904",6959,14,13,-1
"5905",6960,2,6,4
"5906",6961,0,1,1
"5907",6962,0,1,1
"5908",6964,1,4,3
"5909",6965,1,0,-1
"5910",6966,1,11,10
"5911",6967,0,5,5
"5912",6968,1,0,-1
"5913",6969,3,12,9
"5914",6970,1,11,10
"5915",6971,1,3,2
"5916",6972,0,5,5
"5917",6973,0,1,1
"5918",6974,0,1,1
"5919",6975,2,3,1
"5920",6976,2,6,4
"5921",6977,1,3,2
"5922",6978,2,1,-1
"5923",6979,2,7,5
"5924",6980,5,1,-4
"5925",6981,3,3,0
"5926",6982,1,3,2
"5927",6983,2,9,7
"5928",6984,2,1,-1
"5929",6985,0,3,3
"5930",6986,2,4,2
"5931",6988,1,3,2
"5932",6989,1,12,11
"5933",6990,2,7,5
"5934",6991,1,1,0
"5935",6992,4,5,1
"5936",6993,0,3,3
"5937",6994,2,6,4
"5938",6995,1,0,-1
"5939",6996,5,0,-5
"5940",6997,1,4,3
"5941",6998,3,5,2
"5942",7000,10,4,-6
"5943",7001,0,2,2
"5944",7003,3,4,1
"5945",7004,7,9,2
"5946",7006,0,1,1
"5947",7008,0,1,1
"5948",7009,3,9,6
"5949",7010,0,1,1
"5950",7011,4,7,3
"5951",7012,3,1,-2
"5952",7013,2,4,2
"5953",7014,1,2,1
"5954",7015,2,2,0
"5955",7016,1,1,0
"5956",7018,0,1,1
"5957",7019,0,3,3
"5958",7020,3,5,2
"5959",7021,5,1,-4
"5960",7022,13,5,-8
"5961",7023,0,3,3
"5962",7024,1,11,10
"5963",7025,21,14,-7
"5964",7026,0,3,3
"5965",7027,2,3,1
"5966",7028,3,2,-1
"5967",7029,0,1,1
"5968",7032,0,7,7
"5969",7033,3,7,4
"5970",7034,0,2,2
"5971",7035,0,2,2
"5972",7036,1,0,-1
"5973",7037,2,2,0
"5974",7038,3,2,-1
"5975",7040,3,2,-1
"5976",7042,3,1,-2
"5977",7043,1,1,0
"5978",7044,0,1,1
"5979",7045,1,5,4
"5980",7046,2,2,0
"5981",7047,2,2,0
"5982",7048,3,2,-1
"5983",7049,2,0,-2
"5984",7050,1,6,5
"5985",7051,3,10,7
"5986",7052,2,4,2
"5987",7053,0,3,3
"5988",7054,1,0,-1
"5989",7055,4,2,-2
"5990",7056,0,3,3
"5991",7058,0,7,7
"5992",7059,3,6,3
"5993",7060,3,1,-2
"5994",7062,0,11,11
"5995",7063,4,20,16
"5996",7064,1,2,1
"5997",7065,4,9,5
"5998",7066,3,1,-2
"5999",7067,0,1,1
"6000",7068,0,1,1
"6001",7069,0,2,2
"6002",7070,0,1,1
"6003",7071,0,3,3
"6004",7073,2,0,-2
"6005",7074,1,0,-1
"6006",7075,1,1,0
"6007",7077,0,1,1
"6008",7078,2,0,-2
"6009",7079,0,2,2
"6010",7080,5,18,13
"6011",7082,2,3,1
"6012",7085,1,2,1
"6013",7086,2,2,0
"6014",7087,0,1,1
"6015",7088,6,6,0
"6016",7089,3,14,11
"6017",7090,6,7,1
"6018",7092,2,3,1
"6019",7094,1,5,4
"6020",7095,0,3,3
"6021",7096,1,2,1
"6022",7097,0,1,1
"6023",7098,0,1,1
"6024",7099,8,8,0
"6025",7100,12,16,4
"6026",7101,2,6,4
"6027",7102,1,3,2
"6028",7103,1,3,2
"6029",7104,0,1,1
"6030",7105,0,1,1
"6031",7106,2,4,2
"6032",7107,0,2,2
"6033",7108,3,6,3
"6034",7109,0,5,5
"6035",7110,0,1,1
"6036",7111,3,5,2
"6037",7112,1,2,1
"6038",7113,15,21,6
"6039",7114,2,4,2
"6040",7115,0,1,1
"6041",7117,1,4,3
"6042",7118,1,0,-1
"6043",7119,0,3,3
"6044",7120,2,7,5
"6045",7121,9,27,18
"6046",7122,5,4,-1
"6047",7123,3,5,2
"6048",7124,0,1,1
"6049",7125,0,2,2
"6050",7126,5,7,2
"6051",7127,11,7,-4
"6052",7129,0,1,1
"6053",7130,1,5,4
"6054",7131,0,2,2
"6055",7132,0,2,2
"6056",7133,1,0,-1
"6057",7134,10,13,3
"6058",7135,5,1,-4
"6059",7137,0,4,4
"6060",7138,1,1,0
"6061",7139,5,3,-2
"6062",7140,1,4,3
"6063",7141,3,1,-2
"6064",7142,2,5,3
"6065",7143,1,0,-1
"6066",7145,1,0,-1
"6067",7146,3,9,6
"6068",7147,4,5,1
"6069",7148,1,4,3
"6070",7149,1,4,3
"6071",7150,0,10,10
"6072",7151,3,5,2
"6073",7152,3,8,5
"6074",7153,2,0,-2
"6075",7154,0,1,1
"6076",7155,1,2,1
"6077",7156,1,4,3
"6078",7157,3,8,5
"6079",7158,9,17,8
"6080",7159,0,2,2
"6081",7160,4,5,1
"6082",7161,2,0,-2
"6083",7162,2,6,4
"6084",7163,2,3,1
"6085",7164,1,3,2
"6086",7165,9,15,6
"6087",7166,0,3,3
"6088",7167,1,5,4
"6089",7168,0,7,7
"6090",7169,3,3,0
"6091",7170,2,1,-1
"6092",7171,1,1,0
"6093",7172,2,3,1
"6094",7173,2,1,-1
"6095",7174,3,11,8
"6096",7175,0,2,2
"6097",7176,2,6,4
"6098",7179,2,2,0
"6099",7180,0,2,2
"6100",7181,2,5,3
"6101",7182,3,5,2
"6102",7184,0,4,4
"6103",7185,4,3,-1
"6104",7186,3,8,5
"6105",7187,1,1,0
"6106",7188,2,6,4
"6107",7189,1,1,0
"6108",7190,1,1,0
"6109",7191,5,8,3
"6110",7192,2,1,-1
"6111",7193,1,4,3
"6112",7194,1,0,-1
"6113",7195,18,14,-4
"6114",7196,0,2,2
"6115",7198,0,2,2
"6116",7200,5,5,0
"6117",7201,0,5,5
"6118",7202,1,1,0
"6119",7203,2,9,7
"6120",7204,0,1,1
"6121",7206,1,0,-1
"6122",7207,2,2,0
"6123",7209,0,1,1
"6124",7210,0,9,9
"6125",7211,1,1,0
"6126",7212,2,0,-2
"6127",7213,2,4,2
"6128",7214,1,0,-1
"6129",7215,3,1,-2
"6130",7216,1,2,1
"6131",7217,3,5,2
"6132",7218,2,1,-1
"6133",7219,0,1,1
"6134",7220,1,2,1
"6135",7221,2,8,6
"6136",7222,1,5,4
"6137",7223,0,11,11
"6138",7224,0,9,9
"6139",7225,5,4,-1
"6140",7226,1,1,0
"6141",7227,0,4,4
"6142",7228,5,6,1
"6143",7229,1,2,1
"6144",7230,1,1,0
"6145",7231,3,5,2
"6146",7232,1,4,3
"6147",7233,0,3,3
"6148",7235,0,11,11
"6149",7236,2,7,5
"6150",7237,1,0,-1
"6151",7238,0,3,3
"6152",7239,3,0,-3
"6153",7240,6,4,-2
"6154",7241,0,4,4
"6155",7242,0,2,2
"6156",7243,1,4,3
"6157",7244,0,3,3
"6158",7245,3,1,-2
"6159",7246,1,2,1
"6160",7247,2,1,-1
"6161",7248,0,1,1
"6162",7249,0,1,1
"6163",7250,2,3,1
"6164",7251,1,6,5
"6165",7252,1,2,1
"6166",7253,2,3,1
"6167",7255,3,2,-1
"6168",7256,0,1,1
"6169",7257,3,1,-2
"6170",7258,1,5,4
"6171",7259,2,6,4
"6172",7260,0,2,2
"6173",7261,1,1,0
"6174",7262,0,3,3
"6175",7263,1,1,0
"6176",7264,1,1,0
"6177",7265,1,0,-1
"6178",7266,2,2,0
"6179",7267,9,13,4
"6180",7268,4,3,-1
"6181",7269,1,1,0
"6182",7271,1,3,2
"6183",7273,1,19,18
"6184",7274,1,1,0
"6185",7275,4,7,3
"6186",7276,2,0,-2
"6187",7278,3,5,2
"6188",7279,1,2,1
"6189",7280,3,4,1
"6190",7282,4,2,-2
"6191",7283,2,12,10
"6192",7284,19,11,-8
"6193",7285,2,1,-1
"6194",7286,2,4,2
"6195",7288,4,4,0
"6196",7289,0,1,1
"6197",7290,0,6,6
"6198",7291,3,1,-2
"6199",7292,1,4,3
"6200",7293,4,7,3
"6201",7294,2,7,5
"6202",7295,0,1,1
"6203",7297,1,1,0
"6204",7298,4,8,4
"6205",7300,0,3,3
"6206",7302,3,3,0
"6207",7303,1,0,-1
"6208",7304,3,8,5
"6209",7305,1,1,0
"6210",7306,1,3,2
"6211",7307,1,2,1
"6212",7308,2,6,4
"6213",7309,4,4,0
"6214",7310,0,1,1
"6215",7311,1,1,0
"6216",7312,1,7,6
"6217",7313,0,1,1
"6218",7315,1,1,0
"6219",7316,2,7,5
"6220",7317,0,6,6
"6221",7318,0,2,2
"6222",7319,0,4,4
"6223",7320,1,0,-1
"6224",7321,0,1,1
"6225",7323,0,1,1
"6226",7325,0,1,1
"6227",7326,0,1,1
"6228",7328,0,3,3
"6229",7329,2,2,0
"6230",7330,0,2,2
"6231",7331,1,1,0
"6232",7332,1,1,0
"6233",7333,2,0,-2
"6234",7334,1,2,1
"6235",7335,0,2,2
"6236",7337,2,4,2
"6237",7338,2,7,5
"6238",7340,0,1,1
"6239",7341,1,0,-1
"6240",7342,11,12,1
"6241",7343,0,1,1
"6242",7344,2,7,5
"6243",7345,2,3,1
"6244",7346,1,3,2
"6245",7347,2,7,5
"6246",7348,1,2,1
"6247",7349,1,0,-1
"6248",7350,1,0,-1
"6249",7351,1,1,0
"6250",7353,2,5,3
"6251",7355,1,1,0
"6252",7356,2,3,1
"6253",7357,2,1,-1
"6254",7358,0,13,13
"6255",7359,2,6,4
"6256",7360,1,0,-1
"6257",7362,0,4,4
"6258",7363,0,1,1
"6259",7365,1,1,0
"6260",7366,4,11,7
"6261",7367,4,9,5
"6262",7369,0,4,4
"6263",7370,0,1,1
"6264",7371,1,0,-1
"6265",7372,1,0,-1
"6266",7373,1,0,-1
"6267",7374,0,2,2
"6268",7375,2,6,4
"6269",7376,1,2,1
"6270",7377,1,1,0
"6271",7378,2,10,8
"6272",7379,4,9,5
"6273",7380,0,5,5
"6274",7382,0,2,2
"6275",7383,6,4,-2
"6276",7385,0,13,13
"6277",7386,1,0,-1
"6278",7387,0,3,3
"6279",7388,0,2,2
"6280",7389,2,7,5
"6281",7390,0,1,1
"6282",7391,1,2,1
"6283",7393,1,1,0
"6284",7394,1,0,-1
"6285",7395,0,2,2
"6286",7396,2,2,0
"6287",7397,1,4,3
"6288",7398,1,1,0
"6289",7399,1,1,0
"6290",7400,0,1,1
"6291",7401,1,1,0
"6292",7402,2,2,0
"6293",7403,2,3,1
"6294",7404,0,1,1
"6295",7405,9,4,-5
"6296",7406,0,1,1
"6297",7407,0,5,5
"6298",7408,2,0,-2
"6299",7409,3,1,-2
"6300",7410,1,2,1
"6301",7411,1,1,0
"6302",7413,4,3,-1
"6303",7414,0,1,1
"6304",7417,0,1,1
"6305",7418,2,3,1
"6306",7419,1,2,1
"6307",7420,3,8,5
"6308",7421,6,9,3
"6309",7422,0,2,2
"6310",7423,0,2,2
"6311",7424,0,1,1
"6312",7425,0,1,1
"6313",7426,1,4,3
"6314",7427,1,4,3
"6315",7428,2,5,3
"6316",7429,3,15,12
"6317",7430,0,2,2
"6318",7431,0,1,1
"6319",7433,1,2,1
"6320",7434,2,7,5
"6321",7435,13,14,1
"6322",7436,3,3,0
"6323",7438,0,3,3
"6324",7439,4,11,7
"6325",7440,0,1,1
"6326",7441,0,1,1
"6327",7442,2,0,-2
"6328",7443,5,4,-1
"6329",7444,3,1,-2
"6330",7445,1,17,16
"6331",7446,0,2,2
"6332",7448,0,1,1
"6333",7450,2,5,3
"6334",7451,0,1,1
"6335",7452,0,2,2
"6336",7453,0,2,2
"6337",7454,2,3,1
"6338",7455,0,5,5
"6339",7456,0,3,3
"6340",7457,1,1,0
"6341",7458,0,5,5
"6342",7459,1,4,3
"6343",7460,0,4,4
"6344",7461,3,1,-2
"6345",7462,1,1,0
"6346",7463,0,2,2
"6347",7464,1,2,1
"6348",7465,1,1,0
"6349",7466,6,10,4
"6350",7467,6,8,2
"6351",7468,0,3,3
"6352",7469,3,2,-1
"6353",7470,8,1,-7
"6354",7471,3,7,4
"6355",7472,1,1,0
"6356",7473,1,0,-1
"6357",7475,1,0,-1
"6358",7476,1,5,4
"6359",7477,5,6,1
"6360",7478,1,2,1
"6361",7479,2,6,4
"6362",7480,0,1,1
"6363",7481,3,0,-3
"6364",7482,1,7,6
"6365",7483,0,1,1
"6366",7484,5,8,3
"6367",7486,0,3,3
"6368",7487,1,3,2
"6369",7488,6,9,3
"6370",7490,1,0,-1
"6371",7491,1,1,0
"6372",7493,1,2,1
"6373",7494,2,8,6
"6374",7495,1,1,0
"6375",7496,0,3,3
"6376",7497,0,2,2
"6377",7498,0,7,7
"6378",7500,9,7,-2
"6379",7501,3,9,6
"6380",7502,0,6,6
"6381",7503,1,1,0
"6382",7504,1,2,1
"6383",7506,2,5,3
"6384",7507,0,2,2
"6385",7508,0,1,1
"6386",7510,0,6,6
"6387",7511,0,1,1
"6388",7512,0,2,2
"6389",7513,3,5,2
"6390",7514,1,2,1
"6391",7515,2,9,7
"6392",7516,0,1,1
"6393",7517,3,1,-2
"6394",7518,1,2,1
"6395",7519,1,2,1
"6396",7520,1,0,-1
"6397",7522,1,1,0
"6398",7523,0,1,1
"6399",7524,4,4,0
"6400",7525,1,0,-1
"6401",7526,7,4,-3
"6402",7527,2,7,5
"6403",7529,0,4,4
"6404",7530,2,3,1
"6405",7531,2,8,6
"6406",7532,2,1,-1
"6407",7533,4,1,-3
"6408",7534,0,2,2
"6409",7535,4,1,-3
"6410",7536,1,1,0
"6411",7537,0,3,3
"6412",7539,1,0,-1
"6413",7540,0,1,1
"6414",7541,0,2,2
"6415",7542,3,6,3
"6416",7544,0,1,1
"6417",7545,2,3,1
"6418",7546,2,3,1
"6419",7547,2,3,1
"6420",7548,0,1,1
"6421",7549,1,7,6
"6422",7550,1,3,2
"6423",7551,0,5,5
"6424",7553,2,2,0
"6425",7555,2,0,-2
"6426",7557,4,9,5
"6427",7558,2,0,-2
"6428",7559,2,3,1
"6429",7560,0,8,8
"6430",7561,4,4,0
"6431",7562,11,13,2
"6432",7563,0,1,1
"6433",7564,5,3,-2
"6434",7565,1,0,-1
"6435",7566,3,10,7
"6436",7568,2,7,5
"6437",7569,1,12,11
"6438",7570,5,3,-2
"6439",7571,1,2,1
"6440",7572,0,1,1
"6441",7573,0,1,1
"6442",7574,3,5,2
"6443",7575,3,10,7
"6444",7578,1,3,2
"6445",7579,0,2,2
"6446",7580,0,5,5
"6447",7581,0,6,6
"6448",7582,1,6,5
"6449",7583,2,2,0
"6450",7584,6,9,3
"6451",7585,7,2,-5
"6452",7586,0,2,2
"6453",7587,0,1,1
"6454",7588,3,4,1
"6455",7589,8,3,-5
"6456",7590,1,4,3
"6457",7591,7,4,-3
"6458",7592,2,6,4
"6459",7593,1,2,1
"6460",7594,1,9,8
"6461",7595,2,3,1
"6462",7596,6,4,-2
"6463",7597,0,2,2
"6464",7598,1,3,2
"6465",7600,0,1,1
"6466",7601,1,2,1
"6467",7602,3,7,4
"6468",7603,2,2,0
"6469",7606,2,4,2
"6470",7608,2,1,-1
"6471",7609,0,1,1
"6472",7610,2,5,3
"6473",7611,3,0,-3
"6474",7612,0,6,6
"6475",7613,0,1,1
"6476",7614,7,5,-2
"6477",7615,1,0,-1
"6478",7616,1,0,-1
"6479",7617,1,2,1
"6480",7618,3,1,-2
"6481",7619,0,4,4
"6482",7620,2,2,0
"6483",7621,2,8,6
"6484",7622,21,13,-8
"6485",7623,6,4,-2
"6486",7624,3,0,-3
"6487",7625,1,13,12
"6488",7626,0,1,1
"6489",7627,0,3,3
"6490",7628,0,3,3
"6491",7629,1,2,1
"6492",7630,7,8,1
"6493",7631,0,2,2
"6494",7632,0,4,4
"6495",7633,0,1,1
"6496",7634,3,9,6
"6497",7636,7,7,0
"6498",7637,0,2,2
"6499",7638,1,0,-1
"6500",7639,0,3,3
"6501",7640,5,4,-1
"6502",7641,0,2,2
"6503",7644,0,1,1
"6504",7645,1,4,3
"6505",7646,1,0,-1
"6506",7648,0,1,1
"6507",7650,0,5,5
"6508",7651,1,7,6
"6509",7652,0,1,1
"6510",7653,1,3,2
"6511",7656,2,0,-2
"6512",7657,6,10,4
"6513",7659,3,4,1
"6514",7660,2,5,3
"6515",7661,1,0,-1
"6516",7662,1,0,-1
"6517",7663,1,1,0
"6518",7664,1,2,1
"6519",7665,1,7,6
"6520",7666,1,1,0
"6521",7667,2,1,-1
"6522",7668,0,1,1
"6523",7670,0,5,5
"6524",7671,0,2,2
"6525",7672,1,1,0
"6526",7673,1,5,4
"6527",7674,2,1,-1
"6528",7675,1,3,2
"6529",7676,1,1,0
"6530",7677,2,2,0
"6531",7678,0,4,4
"6532",7680,7,2,-5
"6533",7681,1,7,6
"6534",7682,1,7,6
"6535",7683,0,5,5
"6536",7684,2,1,-1
"6537",7685,0,2,2
"6538",7686,0,3,3
"6539",7687,0,3,3
"6540",7688,0,2,2
"6541",7689,4,9,5
"6542",7690,1,0,-1
"6543",7691,0,1,1
"6544",7692,8,12,4
"6545",7693,7,24,17
"6546",7694,0,1,1
"6547",7695,2,3,1
"6548",7696,1,2,1
"6549",7697,0,6,6
"6550",7698,0,6,6
"6551",7700,0,2,2
"6552",7701,2,10,8
"6553",7702,2,1,-1
"6554",7703,4,3,-1
"6555",7704,1,2,1
"6556",7706,3,8,5
"6557",7707,1,1,0
"6558",7708,4,0,-4
"6559",7709,1,8,7
"6560",7710,2,7,5
"6561",7711,1,3,2
"6562",7712,1,1,0
"6563",7713,0,1,1
"6564",7714,1,1,0
"6565",7715,1,0,-1
"6566",7716,0,3,3
"6567",7717,1,0,-1
"6568",7718,1,1,0
"6569",7719,0,3,3
"6570",7720,1,1,0
"6571",7721,2,2,0
"6572",7722,1,3,2
"6573",7723,2,1,-1
"6574",7724,5,4,-1
"6575",7725,1,2,1
"6576",7726,0,1,1
"6577",7728,2,0,-2
"6578",7729,0,9,9
"6579",7730,0,1,1
"6580",7731,1,0,-1
"6581",7732,0,3,3
"6582",7733,0,1,1
"6583",7735,0,1,1
"6584",7736,0,1,1
"6585",7737,8,4,-4
"6586",7738,1,0,-1
"6587",7739,3,7,4
"6588",7740,0,3,3
"6589",7741,3,0,-3
"6590",7742,1,0,-1
"6591",7743,0,1,1
"6592",7744,1,0,-1
"6593",7746,1,1,0
"6594",7747,3,0,-3
"6595",7749,4,2,-2
"6596",7750,1,2,1
"6597",7751,4,4,0
"6598",7753,1,5,4
"6599",7754,1,2,1
"6600",7755,4,11,7
"6601",7757,1,2,1
"6602",7758,1,1,0
"6603",7759,0,1,1
"6604",7760,2,1,-1
"6605",7761,5,8,3
"6606",7762,1,2,1
"6607",7763,0,1,1
"6608",7764,1,1,0
"6609",7765,0,1,1
"6610",7767,3,3,0
"6611",7768,1,1,0
"6612",7769,2,1,-1
"6613",7770,1,2,1
"6614",7771,6,2,-4
"6615",7772,3,16,13
"6616",7773,2,2,0
"6617",7774,0,5,5
"6618",7777,1,1,0
"6619",7778,1,1,0
"6620",7779,0,6,6
"6621",7780,0,2,2
"6622",7781,4,4,0
"6623",7782,5,7,2
"6624",7783,2,4,2
"6625",7784,1,0,-1
"6626",7785,1,6,5
"6627",7786,3,9,6
"6628",7787,1,4,3
"6629",7788,3,1,-2
"6630",7789,0,4,4
"6631",7790,1,2,1
"6632",7791,3,6,3
"6633",7792,0,3,3
"6634",7793,0,2,2
"6635",7794,8,5,-3
"6636",7795,0,4,4
"6637",7796,0,1,1
"6638",7797,1,2,1
"6639",7798,1,2,1
"6640",7799,0,2,2
"6641",7800,6,18,12
"6642",7801,0,1,1
"6643",7802,3,4,1
"6644",7803,0,1,1
"6645",7805,0,2,2
"6646",7806,1,9,8
"6647",7807,2,3,1
"6648",7808,0,1,1
"6649",7809,3,2,-1
"6650",7810,0,1,1
"6651",7813,0,3,3
"6652",7814,3,1,-2
"6653",7815,1,3,2
"6654",7816,2,8,6
"6655",7818,1,0,-1
"6656",7820,1,6,5
"6657",7821,2,4,2
"6658",7822,1,1,0
"6659",7823,4,8,4
"6660",7825,8,7,-1
"6661",7826,1,2,1
"6662",7827,0,2,2
"6663",7828,0,4,4
"6664",7829,1,1,0
"6665",7830,1,4,3
"6666",7831,9,10,1
"6667",7832,2,1,-1
"6668",7833,1,0,-1
"6669",7834,1,2,1
"6670",7835,0,2,2
"6671",7836,0,2,2
"6672",7837,1,2,1
"6673",7838,2,1,-1
"6674",7839,2,0,-2
"6675",7840,2,6,4
"6676",7841,1,0,-1
"6677",7842,2,7,5
"6678",7844,2,0,-2
"6679",7845,0,4,4
"6680",7846,0,2,2
"6681",7848,3,8,5
"6682",7849,1,4,3
"6683",7850,4,7,3
"6684",7851,0,2,2
"6685",7852,0,12,12
"6686",7853,1,0,-1
"6687",7854,2,5,3
"6688",7855,1,2,1
"6689",7856,1,1,0
"6690",7857,0,6,6
"6691",7858,0,2,2
"6692",7859,4,1,-3
"6693",7860,0,2,2
"6694",7861,0,1,1
"6695",7863,0,2,2
"6696",7864,0,1,1
"6697",7865,6,8,2
"6698",7866,0,2,2
"6699",7868,2,1,-1
"6700",7869,7,3,-4
"6701",7870,3,1,-2
"6702",7871,1,5,4
"6703",7872,1,1,0
"6704",7873,1,12,11
"6705",7874,0,1,1
"6706",7875,2,1,-1
"6707",7876,1,1,0
"6708",7877,1,5,4
"6709",7878,1,2,1
"6710",7879,3,3,0
"6711",7880,1,3,2
"6712",7881,3,8,5
"6713",7882,6,3,-3
"6714",7883,1,0,-1
"6715",7884,1,2,1
"6716",7885,1,4,3
"6717",7886,1,1,0
"6718",7887,1,0,-1
"6719",7888,2,2,0
"6720",7889,3,3,0
"6721",7890,1,1,0
"6722",7891,0,2,2
"6723",7892,2,7,5
"6724",7893,0,1,1
"6725",7894,0,2,2
"6726",7895,1,9,8
"6727",7896,2,2,0
"6728",7897,0,1,1
"6729",7898,14,14,0
"6730",7899,1,1,0
"6731",7900,1,13,12
"6732",7902,1,9,8
"6733",7903,1,5,4
"6734",7904,4,9,5
"6735",7905,1,1,0
"6736",7906,0,4,4
"6737",7908,2,4,2
"6738",7909,1,1,0
"6739",7910,0,1,1
"6740",7911,1,2,1
"6741",7912,3,4,1
"6742",7913,0,1,1
"6743",7914,0,2,2
"6744",7916,14,7,-7
"6745",7917,0,4,4
"6746",7918,2,1,-1
"6747",7920,4,1,-3
"6748",7921,0,4,4
"6749",7922,1,2,1
"6750",7923,1,0,-1
"6751",7924,2,3,1
"6752",7925,6,1,-5
"6753",7927,0,1,1
"6754",7928,1,1,0
"6755",7929,0,2,2
"6756",7931,5,1,-4
"6757",7932,1,0,-1
"6758",7933,0,1,1
"6759",7934,2,6,4
"6760",7935,3,0,-3
"6761",7936,0,3,3
"6762",7937,3,1,-2
"6763",7938,2,1,-1
"6764",7939,3,11,8
"6765",7941,0,2,2
"6766",7942,1,3,2
"6767",7943,1,2,1
"6768",7944,0,1,1
"6769",7945,0,1,1
"6770",7946,4,3,-1
"6771",7947,0,1,1
"6772",7948,1,0,-1
"6773",7949,1,0,-1
"6774",7950,0,5,5
"6775",7951,1,2,1
"6776",7952,2,0,-2
"6777",7954,0,1,1
"6778",7955,0,1,1
"6779",7956,1,7,6
"6780",7957,2,8,6
"6781",7958,12,6,-6
"6782",7959,3,1,-2
"6783",7960,3,0,-3
"6784",7961,4,2,-2
"6785",7962,0,3,3
"6786",7964,0,3,3
"6787",7965,1,0,-1
"6788",7969,1,6,5
"6789",7970,0,1,1
"6790",7972,3,10,7
"6791",7973,0,1,1
"6792",7974,1,2,1
"6793",7976,4,15,11
"6794",7980,0,2,2
"6795",7981,0,1,1
"6796",7982,2,3,1
"6797",7983,0,2,2
"6798",7984,3,7,4
"6799",7985,0,1,1
"6800",7987,0,3,3
"6801",7988,2,1,-1
"6802",7989,3,7,4
"6803",7990,1,0,-1
"6804",7992,1,2,1
"6805",7993,3,2,-1
"6806",7994,2,7,5
"6807",7995,1,1,0
"6808",7997,3,5,2
"6809",7998,3,1,-2
"6810",8000,1,1,0
"6811",8001,1,2,1
"6812",8002,0,1,1
"6813",8005,0,3,3
"6814",8006,1,4,3
"6815",8008,1,0,-1
"6816",8009,0,5,5
"6817",8010,0,2,2
"6818",8011,1,8,7
"6819",8012,1,0,-1
"6820",8013,0,1,1
"6821",8014,0,1,1
"6822",8015,0,10,10
"6823",8016,1,6,5
"6824",8017,1,0,-1
"6825",8018,0,1,1
"6826",8019,1,5,4
"6827",8021,1,1,0
"6828",8022,1,2,1
"6829",8023,0,7,7
"6830",8024,1,1,0
"6831",8025,2,2,0
"6832",8026,3,0,-3
"6833",8027,3,9,6
"6834",8028,6,2,-4
"6835",8029,0,4,4
"6836",8030,2,0,-2
"6837",8031,0,3,3
"6838",8032,12,13,1
"6839",8033,0,1,1
"6840",8034,0,1,1
"6841",8035,3,9,6
"6842",8036,2,2,0
"6843",8037,3,5,2
"6844",8038,1,1,0
"6845",8039,4,1,-3
"6846",8040,1,1,0
"6847",8041,3,0,-3
"6848",8042,0,3,3
"6849",8044,1,3,2
"6850",8045,3,7,4
"6851",8046,0,3,3
"6852",8047,2,2,0
"6853",8048,0,2,2
"6854",8051,1,2,1
"6855",8052,3,3,0
"6856",8053,5,12,7
"6857",8054,1,4,3
"6858",8055,3,8,5
"6859",8056,2,4,2
"6860",8057,0,3,3
"6861",8058,0,7,7
"6862",8060,0,2,2
"6863",8061,0,10,10
"6864",8062,2,6,4
"6865",8063,0,1,1
"6866",8064,0,4,4
"6867",8066,1,4,3
"6868",8067,3,7,4
"6869",8068,0,1,1
"6870",8069,1,2,1
"6871",8071,4,13,9
"6872",8072,1,5,4
"6873",8073,0,1,1
"6874",8075,3,2,-1
"6875",8076,7,8,1
"6876",8077,2,11,9
"6877",8078,3,6,3
"6878",8080,14,21,7
"6879",8082,1,0,-1
"6880",8083,3,7,4
"6881",8085,0,3,3
"6882",8086,0,4,4
"6883",8087,0,3,3
"6884",8088,1,3,2
"6885",8089,3,8,5
"6886",8090,1,2,1
"6887",8091,2,3,1
"6888",8092,3,0,-3
"6889",8093,0,2,2
"6890",8094,0,1,1
"6891",8095,1,4,3
"6892",8096,0,1,1
"6893",8098,3,3,0
"6894",8100,4,8,4
"6895",8101,2,4,2
"6896",8102,3,3,0
"6897",8103,2,0,-2
"6898",8104,1,3,2
"6899",8106,2,12,10
"6900",8107,7,5,-2
"6901",8108,1,2,1
"6902",8109,1,0,-1
"6903",8110,2,5,3
"6904",8111,0,2,2
"6905",8112,2,7,5
"6906",8113,17,8,-9
"6907",8114,0,1,1
"6908",8115,2,5,3
"6909",8116,1,0,-1
"6910",8117,2,6,4
"6911",8118,1,1,0
"6912",8119,3,9,6
"6913",8121,4,9,5
"6914",8122,0,2,2
"6915",8123,2,0,-2
"6916",8124,1,12,11
"6917",8125,1,0,-1
"6918",8126,0,2,2
"6919",8128,2,0,-2
"6920",8129,1,6,5
"6921",8131,0,7,7
"6922",8132,2,1,-1
"6923",8133,6,6,0
"6924",8134,0,1,1
"6925",8135,5,6,1
"6926",8136,1,1,0
"6927",8137,0,4,4
"6928",8138,3,2,-1
"6929",8139,2,0,-2
"6930",8140,0,10,10
"6931",8141,1,2,1
"6932",8143,3,4,1
"6933",8144,2,5,3
"6934",8145,0,4,4
"6935",8146,1,7,6
"6936",8147,3,0,-3
"6937",8149,2,1,-1
"6938",8150,2,6,4
"6939",8151,1,1,0
"6940",8152,0,1,1
"6941",8153,1,0,-1
"6942",8154,3,2,-1
"6943",8155,1,0,-1
"6944",8156,1,2,1
"6945",8157,0,3,3
"6946",8158,1,2,1
"6947",8160,1,0,-1
"6948",8162,5,9,4
"6949",8163,5,3,-2
"6950",8166,1,2,1
"6951",8167,2,1,-1
"6952",8168,0,3,3
"6953",8169,2,0,-2
"6954",8170,1,2,1
"6955",8171,1,1,0
"6956",8172,1,1,0
"6957",8173,2,2,0
"6958",8174,4,3,-1
"6959",8175,4,11,7
"6960",8176,1,1,0
"6961",8177,7,4,-3
"6962",8178,0,1,1
"6963",8179,1,3,2
"6964",8180,3,1,-2
"6965",8181,0,1,1
"6966",8182,1,0,-1
"6967",8183,2,0,-2
"6968",8184,1,0,-1
"6969",8185,2,3,1
"6970",8187,3,0,-3
"6971",8188,4,4,0
"6972",8189,1,2,1
"6973",8190,1,1,0
"6974",8191,6,16,10
"6975",8192,1,1,0
"6976",8193,0,6,6
"6977",8194,1,1,0
"6978",8195,1,4,3
"6979",8196,0,2,2
"6980",8197,0,2,2
"6981",8198,0,2,2
"6982",8199,0,1,1
"6983",8200,2,3,1
"6984",8201,1,2,1
"6985",8202,1,0,-1
"6986",8203,1,2,1
"6987",8204,1,3,2
"6988",8205,3,9,6
"6989",8206,4,7,3
"6990",8208,0,1,1
"6991",8209,1,2,1
"6992",8210,0,1,1
"6993",8211,0,1,1
"6994",8212,4,2,-2
"6995",8213,2,2,0
"6996",8216,0,5,5
"6997",8217,2,2,0
"6998",8218,0,2,2
"6999",8219,2,1,-1
"7000",8220,1,1,0
"7001",8221,2,1,-1
"7002",8222,0,2,2
"7003",8223,1,1,0
"7004",8224,1,2,1
"7005",8225,3,7,4
"7006",8227,1,0,-1
"7007",8230,1,2,1
"7008",8232,1,4,3
"7009",8233,0,2,2
"7010",8234,0,1,1
"7011",8235,0,1,1
"7012",8236,0,1,1
"7013",8237,1,0,-1
"7014",8238,0,3,3
"7015",8239,1,2,1
"7016",8240,0,1,1
"7017",8242,2,2,0
"7018",8243,2,5,3
"7019",8244,3,3,0
"7020",8245,1,7,6
"7021",8246,7,15,8
"7022",8247,2,7,5
"7023",8248,3,8,5
"7024",8249,2,11,9
"7025",8250,1,1,0
"7026",8251,2,0,-2
"7027",8252,1,7,6
"7028",8253,4,0,-4
"7029",8254,1,2,1
"7030",8255,4,4,0
"7031",8256,0,2,2
"7032",8257,1,0,-1
"7033",8258,1,0,-1
"7034",8259,0,1,1
"7035",8260,1,2,1
"7036",8261,1,2,1
"7037",8262,1,2,1
"7038",8263,6,9,3
"7039",8264,1,3,2
"7040",8265,1,0,-1
"7041",8266,3,1,-2
"7042",8267,3,7,4
"7043",8268,0,2,2
"7044",8269,3,5,2
"7045",8270,2,3,1
"7046",8271,5,2,-3
"7047",8272,1,0,-1
"7048",8273,0,1,1
"7049",8274,3,1,-2
"7050",8275,1,2,1
"7051",8276,1,2,1
"7052",8277,1,0,-1
"7053",8279,3,11,8
"7054",8280,0,1,1
"7055",8281,0,1,1
"7056",8282,1,0,-1
"7057",8283,2,6,4
"7058",8284,1,2,1
"7059",8285,10,15,5
"7060",8286,1,2,1
"7061",8287,0,2,2
"7062",8289,2,2,0
"7063",8290,1,2,1
"7064",8291,4,22,18
"7065",8292,0,6,6
"7066",8293,1,4,3
"7067",8294,0,2,2
"7068",8295,1,1,0
"7069",8296,2,8,6
"7070",8297,0,1,1
"7071",8299,0,8,8
"7072",8300,3,3,0
"7073",8301,2,0,-2
"7074",8303,0,1,1
"7075",8304,1,0,-1
"7076",8308,2,3,1
"7077",8309,2,1,-1
"7078",8310,0,4,4
"7079",8311,1,9,8
"7080",8312,2,0,-2
"7081",8313,3,3,0
"7082",8314,1,8,7
"7083",8315,0,1,1
"7084",8316,11,5,-6
"7085",8319,2,2,0
"7086",8320,2,1,-1
"7087",8321,2,10,8
"7088",8323,0,3,3
"7089",8324,0,1,1
"7090",8325,3,8,5
"7091",8326,0,1,1
"7092",8327,4,8,4
"7093",8329,0,1,1
"7094",8331,3,6,3
"7095",8332,3,4,1
"7096",8333,2,3,1
"7097",8334,5,6,1
"7098",8335,2,4,2
"7099",8336,3,8,5
"7100",8338,2,6,4
"7101",8339,5,4,-1
"7102",8341,1,3,2
"7103",8342,0,1,1
"7104",8343,0,1,1
"7105",8344,2,6,4
"7106",8345,0,2,2
"7107",8346,3,5,2
"7108",8347,1,0,-1
"7109",8348,3,0,-3
"7110",8349,1,1,0
"7111",8351,2,4,2
"7112",8352,2,3,1
"7113",8353,3,4,1
"7114",8354,0,3,3
"7115",8355,2,6,4
"7116",8356,0,1,1
"7117",8357,2,7,5
"7118",8358,3,6,3
"7119",8359,0,2,2
"7120",8361,0,1,1
"7121",8362,1,0,-1
"7122",8363,0,2,2
"7123",8364,0,2,2
"7124",8365,0,1,1
"7125",8366,0,5,5
"7126",8367,1,2,1
"7127",8368,1,1,0
"7128",8369,0,1,1
"7129",8370,0,2,2
"7130",8371,0,2,2
"7131",8372,1,4,3
"7132",8373,0,1,1
"7133",8374,4,9,5
"7134",8375,2,12,10
"7135",8376,0,6,6
"7136",8377,6,9,3
"7137",8378,1,0,-1
"7138",8379,2,2,0
"7139",8380,9,5,-4
"7140",8381,0,6,6
"7141",8382,0,2,2
"7142",8384,2,5,3
"7143",8385,1,1,0
"7144",8386,1,1,0
"7145",8387,2,5,3
"7146",8388,0,1,1
"7147",8389,6,9,3
"7148",8390,3,4,1
"7149",8391,1,4,3
"7150",8392,6,9,3
"7151",8393,1,3,2
"7152",8394,0,1,1
"7153",8399,3,8,5
"7154",8400,3,3,0
"7155",8401,0,2,2
"7156",8402,0,2,2
"7157",8403,0,2,2
"7158",8404,0,1,1
"7159",8405,0,1,1
"7160",8406,0,2,2
"7161",8407,2,2,0
"7162",8408,0,3,3
"7163",8409,0,1,1
"7164",8410,1,13,12
"7165",8411,2,2,0
"7166",8412,2,3,1
"7167",8414,13,8,-5
"7168",8415,1,1,0
"7169",8416,2,2,0
"7170",8417,0,5,5
"7171",8418,0,1,1
"7172",8420,1,4,3
"7173",8421,2,9,7
"7174",8422,1,0,-1
"7175",8423,5,2,-3
"7176",8424,0,1,1
"7177",8425,2,6,4
"7178",8426,0,2,2
"7179",8427,4,5,1
"7180",8428,1,3,2
"7181",8429,1,1,0
"7182",8430,1,0,-1
"7183",8431,6,4,-2
"7184",8434,1,1,0
"7185",8435,2,3,1
"7186",8437,1,2,1
"7187",8438,0,3,3
"7188",8439,1,0,-1
"7189",8440,6,1,-5
"7190",8442,1,2,1
"7191",8443,7,13,6
"7192",8445,1,1,0
"7193",8446,1,0,-1
"7194",8447,3,3,0
"7195",8448,2,0,-2
"7196",8450,0,1,1
"7197",8451,0,4,4
"7198",8452,11,5,-6
"7199",8454,1,11,10
"7200",8455,2,12,10
"7201",8456,3,2,-1
"7202",8457,0,1,1
"7203",8458,2,0,-2
"7204",8459,1,1,0
"7205",8460,0,3,3
"7206",8461,1,7,6
"7207",8463,1,3,2
"7208",8464,2,0,-2
"7209",8472,2,0,-2
"7210",8473,5,2,-3
"7211",8474,1,5,4
"7212",8475,3,2,-1
"7213",8477,4,9,5
"7214",8478,0,1,1
"7215",8479,0,1,1
"7216",8480,5,1,-4
"7217",8481,0,1,1
"7218",8482,4,1,-3
"7219",8483,0,1,1
"7220",8484,1,15,14
"7221",8488,0,1,1
"7222",8490,1,4,3
"7223",8491,0,2,2
"7224",8492,2,3,1
"7225",8493,1,0,-1
"7226",8494,4,11,7
"7227",8495,1,2,1
"7228",8496,2,2,0
"7229",8497,0,1,1
"7230",8498,0,1,1
"7231",8499,6,7,1
"7232",8500,1,0,-1
"7233",8501,15,13,-2
"7234",8502,1,4,3
"7235",8503,7,10,3
"7236",8504,19,10,-9
"7237",8505,1,1,0
"7238",8506,4,0,-4
"7239",8507,1,0,-1
"7240",8508,1,0,-1
"7241",8510,3,6,3
"7242",8511,1,1,0
"7243",8512,3,5,2
"7244",8513,1,0,-1
"7245",8514,1,0,-1
"7246",8515,4,0,-4
"7247",8516,4,0,-4
"7248",8518,1,2,1
"7249",8519,1,2,1
"7250",8520,10,14,4
"7251",8521,23,19,-4
"7252",8522,0,3,3
"7253",8523,0,1,1
"7254",8524,0,1,1
"7255",8525,1,1,0
"7256",8526,0,3,3
"7257",8527,1,0,-1
"7258",8528,0,1,1
"7259",8529,7,11,4
"7260",8530,3,2,-1
"7261",8531,3,0,-3
"7262",8532,2,3,1
"7263",8533,8,2,-6
"7264",8534,0,4,4
"7265",8535,2,1,-1
"7266",8536,2,5,3
"7267",8538,1,1,0
"7268",8540,1,4,3
"7269",8542,1,2,1
"7270",8543,5,3,-2
"7271",8544,3,5,2
"7272",8545,1,9,8
"7273",8546,3,1,-2
"7274",8548,0,1,1
"7275",8550,2,6,4
"7276",8552,0,3,3
"7277",8553,1,3,2
"7278",8554,1,0,-1
"7279",8555,3,3,0
"7280",8556,0,1,1
"7281",8557,0,1,1
"7282",8558,1,0,-1
"7283",8559,2,10,8
"7284",8560,1,7,6
"7285",8561,4,9,5
"7286",8562,1,7,6
"7287",8565,1,3,2
"7288",8566,4,5,1
"7289",8567,2,2,0
"7290",8568,0,3,3
"7291",8569,0,5,5
"7292",8570,0,2,2
"7293",8571,1,1,0
"7294",8572,2,0,-2
"7295",8573,1,4,3
"7296",8574,0,2,2
"7297",8575,0,4,4
"7298",8576,0,4,4
"7299",8577,2,2,0
"7300",8578,3,4,1
"7301",8579,2,3,1
"7302",8580,1,1,0
"7303",8581,4,1,-3
"7304",8582,0,7,7
"7305",8584,0,1,1
"7306",8585,1,2,1
"7307",8587,5,2,-3
"7308",8588,0,2,2
"7309",8589,3,4,1
"7310",8591,12,7,-5
"7311",8592,0,1,1
"7312",8594,1,1,0
"7313",8595,0,2,2
"7314",8596,4,8,4
"7315",8597,0,1,1
"7316",8598,0,1,1
"7317",8599,2,5,3
"7318",8600,2,2,0
"7319",8601,4,6,2
"7320",8602,1,0,-1
"7321",8603,1,2,1
"7322",8606,1,2,1
"7323",8607,0,2,2
"7324",8608,2,0,-2
"7325",8609,1,0,-1
"7326",8612,1,0,-1
"7327",8613,3,8,5
"7328",8614,6,14,8
"7329",8615,0,3,3
"7330",8616,0,1,1
"7331",8617,1,1,0
"7332",8618,1,3,2
"7333",8619,4,8,4
"7334",8620,0,1,1
"7335",8621,1,11,10
"7336",8622,2,7,5
"7337",8623,2,4,2
"7338",8624,1,6,5
"7339",8625,0,2,2
"7340",8626,2,4,2
"7341",8627,2,10,8
"7342",8628,3,1,-2
"7343",8629,2,14,12
"7344",8630,1,0,-1
"7345",8631,3,9,6
"7346",8632,1,6,5
"7347",8633,1,1,0
"7348",8635,1,2,1
"7349",8636,2,8,6
"7350",8637,0,2,2
"7351",8638,1,4,3
"7352",8639,5,5,0
"7353",8640,0,3,3
"7354",8641,1,2,1
"7355",8642,1,1,0
"7356",8643,0,1,1
"7357",8644,1,1,0
"7358",8645,2,1,-1
"7359",8647,1,3,2
"7360",8648,1,0,-1
"7361",8649,3,5,2
"7362",8650,2,4,2
"7363",8651,3,8,5
"7364",8652,1,0,-1
"7365",8653,1,3,2
"7366",8654,0,2,2
"7367",8655,0,11,11
"7368",8656,0,5,5
"7369",8657,2,10,8
"7370",8658,3,4,1
"7371",8659,0,2,2
"7372",8660,2,2,0
"7373",8661,0,4,4
"7374",8662,3,5,2
"7375",8663,0,2,2
"7376",8664,1,2,1
"7377",8665,4,10,6
"7378",8666,3,0,-3
"7379",8667,2,2,0
"7380",8668,1,1,0
"7381",8669,8,4,-4
"7382",8670,3,3,0
"7383",8671,4,4,0
"7384",8672,7,3,-4
"7385",8673,1,2,1
"7386",8674,0,2,2
"7387",8675,1,6,5
"7388",8676,1,2,1
"7389",8677,3,0,-3
"7390",8678,0,1,1
"7391",8679,1,1,0
"7392",8682,1,0,-1
"7393",8685,1,3,2
"7394",8689,0,1,1
"7395",8690,0,1,1
"7396",8691,1,1,0
"7397",8692,0,1,1
"7398",8695,1,8,7
"7399",8696,0,1,1
"7400",8697,20,8,-12
"7401",8699,2,2,0
"7402",8700,0,1,1
"7403",8703,2,0,-2
"7404",8704,1,0,-1
"7405",8707,0,2,2
"7406",8708,0,3,3
"7407",8709,1,14,13
"7408",8711,1,1,0
"7409",8712,0,1,1
"7410",8713,1,2,1
"7411",8715,2,6,4
"7412",8716,4,3,-1
"7413",8717,1,1,0
"7414",8718,0,4,4
"7415",8720,1,0,-1
"7416",8721,1,0,-1
"7417",8722,3,1,-2
"7418",8723,1,1,0
"7419",8724,0,1,1
"7420",8725,2,2,0
"7421",8726,2,2,0
"7422",8727,1,0,-1
"7423",8728,0,1,1
"7424",8729,1,0,-1
"7425",8730,3,1,-2
"7426",8731,3,8,5
"7427",8732,1,0,-1
"7428",8733,1,9,8
"7429",8734,0,1,1
"7430",8735,2,5,3
"7431",8737,0,2,2
"7432",8738,2,4,2
"7433",8739,1,0,-1
"7434",8740,1,0,-1
"7435",8742,0,1,1
"7436",8743,3,2,-1
"7437",8744,0,1,1
"7438",8745,1,7,6
"7439",8746,2,0,-2
"7440",8747,0,1,1
"7441",8748,4,2,-2
"7442",8749,6,12,6
"7443",8750,3,8,5
"7444",8751,0,2,2
"7445",8752,5,4,-1
"7446",8754,13,16,3
"7447",8755,6,12,6
"7448",8757,0,2,2
"7449",8759,0,1,1
"7450",8761,1,3,2
"7451",8762,0,2,2
"7452",8763,0,2,2
"7453",8764,1,5,4
"7454",8765,0,3,3
"7455",8766,1,0,-1
"7456",8767,1,3,2
"7457",8770,1,0,-1
"7458",8771,0,8,8
"7459",8772,2,4,2
"7460",8773,6,10,4
"7461",8774,1,0,-1
"7462",8775,1,0,-1
"7463",8776,0,2,2
"7464",8777,1,2,1
"7465",8778,0,4,4
"7466",8779,0,1,1
"7467",8781,1,1,0
"7468",8782,0,3,3
"7469",8783,3,1,-2
"7470",8785,1,0,-1
"7471",8787,1,0,-1
"7472",8788,3,2,-1
"7473",8789,3,4,1
"7474",8790,0,1,1
"7475",8791,1,0,-1
"7476",8792,1,1,0
"7477",8793,1,3,2
"7478",8795,0,3,3
"7479",8797,1,0,-1
"7480",8799,2,2,0
"7481",8801,1,3,2
"7482",8803,0,1,1
"7483",8804,0,1,1
"7484",8805,1,4,3
"7485",8806,2,2,0
"7486",8808,2,2,0
"7487",8809,1,2,1
"7488",8811,1,0,-1
"7489",8812,2,2,0
"7490",8813,1,0,-1
"7491",8814,146,101,-45
"7492",8815,0,5,5
"7493",8816,0,6,6
"7494",8817,0,1,1
"7495",8821,0,2,2
"7496",8822,1,2,1
"7497",8823,1,1,0
"7498",8824,1,0,-1
"7499",8826,0,1,1
"7500",8827,1,1,0
"7501",8828,0,1,1
"7502",8829,1,0,-1
"7503",8830,0,3,3
"7504",8831,4,6,2
"7505",8832,4,10,6
"7506",8834,1,0,-1
"7507",8835,0,1,1
"7508",8836,1,1,0
"7509",8837,1,0,-1
"7510",8838,0,2,2
"7511",8839,1,0,-1
"7512",8840,1,0,-1
"7513",8843,1,1,0
"7514",8844,2,13,11
"7515",8846,1,2,1
"7516",8847,0,2,2
"7517",8850,0,1,1
"7518",8851,0,1,1
"7519",8852,2,0,-2
"7520",8853,0,3,3
"7521",8854,3,7,4
"7522",8855,0,1,1
"7523",8856,2,0,-2
"7524",8857,1,0,-1
"7525",8858,1,0,-1
"7526",8859,3,2,-1
"7527",8861,1,0,-1
"7528",8862,31,35,4
"7529",8864,1,2,1
"7530",8866,1,0,-1
"7531",8867,2,3,1
"7532",8868,0,1,1
"7533",8869,0,2,2
"7534",8870,1,2,1
"7535",8872,1,1,0
"7536",8873,3,4,1
"7537",8874,1,2,1
"7538",8875,4,3,-1
"7539",8876,1,0,-1
"7540",8877,1,0,-1
"7541",8878,1,0,-1
"7542",8879,1,0,-1
"7543",8880,3,17,14
"7544",8881,1,1,0
"7545",8882,3,0,-3
"7546",8883,2,0,-2
"7547",8884,3,8,5
"7548",8885,0,2,2
"7549",8886,1,2,1
"7550",8887,167,124,-43
"7551",8889,1,0,-1
"7552",8890,1,0,-1
"7553",8891,0,1,1
"7554",8892,1,0,-1
"7555",8893,0,1,1
"7556",8895,1,0,-1
"7557",8897,0,1,1
"7558",8898,2,1,-1
"7559",8899,0,3,3
"7560",8900,2,1,-1
"7561",8901,2,3,1
"7562",8902,1,0,-1
"7563",8903,1,0,-1
"7564",8904,0,1,1
"7565",8905,3,4,1
"7566",8907,1,2,1
"7567",8908,1,0,-1
"7568",8909,9,1,-8
"7569",8910,6,2,-4
"7570",8913,3,4,1
"7571",8915,4,15,11
"7572",8916,2,2,0
"7573",8917,1,0,-1
"7574",8918,1,0,-1
"7575",8920,0,1,1
"7576",8921,7,3,-4
"7577",8922,1,0,-1
"7578",8924,0,1,1
"7579",8925,1,0,-1
"7580",8926,1,1,0
"7581",8927,1,0,-1
"7582",8929,1,0,-1
"7583",8931,1,1,0
"7584",8932,1,0,-1
"7585",8934,4,0,-4
"7586",8935,3,4,1
"7587",8936,1,0,-1
"7588",8937,0,1,1
"7589",8938,1,0,-1
"7590",8939,1,0,-1
"7591",8940,0,4,4
"7592",8941,0,1,1
"7593",8942,1,1,0
"7594",8943,1,0,-1
"7595",8944,1,1,0
"7596",8945,0,1,1
"7597",8946,1,1,0
"7598",8948,0,3,3
"7599",8949,0,1,1
"7600",8952,1,4,3
"7601",8953,1,0,-1
"7602",8956,0,1,1
"7603",8957,4,0,-4
"7604",8958,1,0,-1
"7605",8960,2,1,-1
"7606",8962,2,0,-2
"7607",8964,2,4,2
"7608",8965,1,0,-1
"7609",8966,1,0,-1
"7610",8967,1,0,-1
"7611",8968,2,11,9
"7612",8969,2,1,-1
"7613",8970,6,8,2
"7614",8971,1,3,2
"7615",8972,1,1,0
"7616",8973,2,9,7
"7617",8974,1,0,-1
"7618",8975,4,5,1
"7619",8977,1,2,1
"7620",8978,4,4,0
"7621",8979,0,1,1
"7622",8980,0,1,1
"7623",8981,1,0,-1
"7624",8982,3,1,-2
"7625",8983,0,2,2
"7626",8984,1,1,0
"7627",8986,9,10,1
"7628",8987,1,6,5
"7629",8988,2,7,5
"7630",8989,1,1,0
"7631",8990,0,5,5
"7632",8991,2,7,5
"7633",8992,3,1,-2
"7634",8993,2,2,0
"7635",8994,1,0,-1
"7636",8995,0,1,1
"7637",8996,0,2,2
"7638",8997,1,0,-1
"7639",9000,2,4,2
"7640",9001,1,0,-1
"7641",9002,1,3,2
"7642",9003,1,1,0
"7643",9004,4,3,-1
"7644",9007,2,2,0
"7645",9008,0,1,1
"7646",9010,8,10,2
"7647",9011,6,5,-1
"7648",9012,0,1,1
"7649",9013,0,2,2
"7650",9014,0,2,2
"7651",9015,3,3,0
"7652",9016,1,1,0
"7653",9017,1,1,0
"7654",9018,6,5,-1
"7655",9019,4,4,0
"7656",9020,1,2,1
"7657",9021,3,7,4
"7658",9022,7,7,0
"7659",9023,0,2,2
"7660",9024,1,2,1
"7661",9025,0,1,1
"7662",9027,0,1,1
"7663",9029,3,1,-2
"7664",9030,3,4,1
"7665",9031,0,3,3
"7666",9032,1,1,0
"7667",9033,10,3,-7
"7668",9035,1,3,2
"7669",9036,2,1,-1
"7670",9037,1,0,-1
"7671",9038,4,2,-2
"7672",9039,5,4,-1
"7673",9040,7,12,5
"7674",9041,7,10,3
"7675",9042,0,1,1
"7676",9043,9,9,0
"7677",9044,2,0,-2
"7678",9045,17,5,-12
"7679",9046,6,5,-1
"7680",9047,1,1,0
"7681",9048,3,4,1
"7682",9053,1,1,0
"7683",9055,3,0,-3
"7684",9056,2,3,1
"7685",9057,0,1,1
"7686",9058,0,1,1
"7687",9059,6,8,2
"7688",9060,1,3,2
"7689",9061,0,3,3
"7690",9062,1,1,0
"7691",9063,1,1,0
"7692",9064,1,0,-1
"7693",9067,1,1,0
"7694",9068,2,0,-2
"7695",9069,1,0,-1
"7696",9070,0,1,1
"7697",9071,1,3,2
"7698",9073,1,1,0
"7699",9075,4,0,-4
"7700",9076,4,3,-1
"7701",9077,1,1,0
"7702",9078,2,1,-1
"7703",9079,2,2,0
"7704",9081,1,2,1
"7705",9082,2,4,2
"7706",9083,1,2,1
"7707",9084,0,4,4
"7708",9085,4,0,-4
"7709",9087,0,1,1
"7710",9088,0,1,1
"7711",9089,0,1,1
"7712",9090,4,5,1
"7713",9091,0,1,1
"7714",9093,0,1,1
"7715",9094,0,1,1
"7716",9095,0,1,1
"7717",9097,2,0,-2
"7718",9098,5,0,-5
"7719",9099,9,2,-7
"7720",9100,1,0,-1
"7721",9101,1,0,-1
"7722",9102,4,0,-4
"7723",9103,5,1,-4
"7724",9104,4,4,0
"7725",9105,5,0,-5
"7726",9106,3,4,1
"7727",9108,0,2,2
"7728",9109,0,4,4
"7729",9110,0,3,3
"7730",9111,5,3,-2
"7731",9112,3,3,0
"7732",9113,1,2,1
"7733",9114,2,3,1
"7734",9115,3,3,0
"7735",9116,4,2,-2
"7736",9117,3,4,1
"7737",9118,3,2,-1
"7738",9119,4,3,-1
"7739",9121,1,2,1
"7740",9122,1,1,0
"7741",9123,5,8,3
"7742",9124,4,3,-1
"7743",9125,1,3,2
"7744",9126,0,2,2
"7745",9127,3,11,8
"7746",9128,3,9,6
"7747",9129,1,7,6
"7748",9130,1,2,1
"7749",9132,1,2,1
"7750",9133,6,11,5
"7751",9134,3,4,1
"7752",9135,1,2,1
"7753",9136,1,0,-1
"7754",9137,5,4,-1
"7755",9138,7,5,-2
"7756",9139,2,5,3
"7757",9141,1,1,0
"7758",9142,1,3,2
"7759",9143,5,2,-3
"7760",9144,0,4,4
"7761",9145,10,4,-6
"7762",9146,1,0,-1
"7763",9147,0,1,1
"7764",9150,1,1,0
"7765",9151,3,7,4
"7766",9153,0,1,1
"7767",9154,3,2,-1
"7768",9156,1,0,-1
"7769",9158,3,2,-1
"7770",9159,1,3,2
"7771",9160,0,1,1
"7772",9161,7,7,0
"7773",9162,1,0,-1
"7774",9163,5,1,-4
"7775",9164,1,0,-1
"7776",9165,4,1,-3
"7777",9166,1,0,-1
"7778",9168,1,3,2
"7779",9170,0,1,1
"7780",9171,0,1,1
"7781",9172,0,1,1
"7782",9173,0,1,1
"7783",9174,0,1,1
"7784",9175,0,1,1
"7785",9176,0,1,1
"7786",9177,0,1,1
"7787",9178,0,1,1
"7788",9179,0,1,1
"7789",9180,0,1,1
"7790",9181,0,1,1
"7791",9182,0,1,1
"7792",9183,0,1,1
"7793",9184,0,1,1
"7794",9185,0,1,1
"7795",9186,0,1,1
"7796",9187,0,1,1
"7797",9188,0,1,1
"7798",9189,0,1,1
"7799",9190,0,1,1
"7800",9191,0,1,1
"7801",9192,0,1,1
"7802",9193,0,1,1
"7803",9194,0,1,1
"7804",9195,0,1,1
"7805",9196,0,1,1
"7806",9197,0,1,1
"7807",9198,0,1,1
"7808",9199,0,1,1
"7809",9200,0,1,1
"7810",9202,0,1,1
"7811",9203,0,1,1
"7812",9204,0,1,1
"7813",9205,0,1,1
"7814",9206,0,1,1
"7815",9207,0,1,1
"7816",9208,0,1,1
"7817",9209,0,1,1
"7818",9210,0,1,1
"7819",9211,0,1,1
"7820",9212,0,1,1
"7821",9213,0,1,1
"7822",9214,0,1,1
"7823",9215,0,1,1
"7824",9216,0,1,1
"7825",9217,0,1,1
"7826",9218,0,1,1
"7827",9219,0,1,1
"7828",9220,0,1,1
"7829",9221,0,1,1
"7830",9222,0,1,1
"7831",9223,0,1,1
"7832",9224,0,1,1
"7833",9225,0,1,1
"7834",9226,0,1,1
"7835",9227,0,1,1
"7836",9228,0,1,1
"7837",9229,0,1,1
"7838",9230,0,1,1
"7839",9231,0,1,1
"7840",9232,0,1,1
"7841",9233,14,25,11
"7842",9234,3,1,-2
"7843",9235,5,1,-4
"7844",9236,9,12,3
"7845",9237,7,15,8
"7846",9238,0,2,2
"7847",9239,1,1,0
"7848",9240,0,2,2
"7849",9241,0,1,1
"7850",9242,20,8,-12
"7851",9243,9,19,10
"7852",9244,12,0,-12
"7853",9245,3,4,1
"7854",9246,1,0,-1
"7855",9247,2,3,1
"7856",9248,2,8,6
"7857",9249,7,11,4
"7858",9250,4,6,2
"7859",9251,3,0,-3
"7860",9252,1,0,-1
"7861",9253,4,2,-2
"7862",9254,0,2,2
"7863",9255,2,4,2
"7864",9256,1,1,0
"7865",9258,2,2,0
"7866",9259,4,12,8
"7867",9260,1,4,3
"7868",9261,0,2,2
"7869",9262,5,10,5
"7870",9263,3,0,-3
"7871",9264,3,2,-1
"7872",9265,24,18,-6
"7873",9266,1,0,-1
"7874",9267,15,26,11
"7875",9269,1,1,0
"7876",9270,1,3,2
"7877",9271,4,9,5
"7878",9272,15,13,-2
"7879",9273,8,7,-1
"7880",9274,3,2,-1
"7881",9275,0,1,1
"7882",9276,0,1,1
"7883",9277,0,5,5
"7884",9278,5,16,11
"7885",9279,4,4,0
"7886",9280,0,1,1
"7887",9281,0,2,2
"7888",9282,0,5,5
"7889",9283,1,2,1
"7890",9284,8,9,1
"7891",9285,6,2,-4
"7892",9286,0,2,2
"7893",9287,21,10,-11
"7894",9288,2,2,0
"7895",9289,9,7,-2
"7896",9290,6,5,-1
"7897",9291,1,0,-1
"7898",9292,1,4,3
"7899",9293,2,6,4
"7900",9294,2,4,2
"7901",9295,2,2,0
"7902",9296,0,1,1
"7903",9297,0,7,7
"7904",9298,0,2,2
"7905",9299,6,3,-3
"7906",9300,4,2,-2
"7907",9301,5,11,6
"7908",9302,4,3,-1
"7909",9303,0,1,1
"7910",9304,1,5,4
"7911",9305,0,1,1
"7912",9306,4,5,1
"7913",9307,6,6,0
"7914",9310,12,11,-1
"7915",9311,2,1,-1
"7916",9312,3,0,-3
"7917",9313,14,3,-11
"7918",9314,7,4,-3
"7919",9315,2,8,6
"7920",9316,3,1,-2
"7921",9317,2,4,2
"7922",9318,0,1,1
"7923",9320,1,4,3
"7924",9321,3,2,-1
"7925",9322,2,7,5
"7926",9323,3,3,0
"7927",9324,1,1,0
"7928",9325,2,4,2
"7929",9326,1,3,2
"7930",9327,11,19,8
"7931",9328,0,5,5
"7932",9329,13,21,8
"7933",9330,13,21,8
"7934",9331,1,0,-1
"7935",9332,3,4,1
"7936",9333,0,2,2
"7937",9334,2,1,-1
"7938",9335,14,3,-11
"7939",9336,0,1,1
"7940",9338,0,5,5
"7941",9341,0,1,1
"7942",9342,4,7,3
"7943",9343,13,13,0
"7944",9344,1,2,1
"7945",9345,1,9,8
"7946",9346,8,8,0
"7947",9348,2,1,-1
"7948",9350,27,20,-7
"7949",9351,4,5,1
"7950",9352,0,2,2
"7951",9354,1,1,0
"7952",9356,0,1,1
"7953",9357,2,1,-1
"7954",9359,2,4,2
"7955",9360,0,2,2
"7956",9362,1,0,-1
"7957",9363,3,10,7
"7958",9364,1,2,1
"7959",9365,0,1,1
"7960",9366,0,1,1
"7961",9367,0,7,7
"7962",9368,0,6,6
"7963",9369,1,16,15
"7964",9370,0,1,1
"7965",9371,1,2,1
"7966",9372,1,0,-1
"7967",9374,4,14,10
"7968",9376,6,1,-5
"7969",9377,4,2,-2
"7970",9379,4,0,-4
"7971",9380,0,2,2
"7972",9382,0,1,1
"7973",9384,5,4,-1
"7974",9385,1,0,-1
"7975",9386,3,3,0
"7976",9387,1,0,-1
"7977",9388,4,0,-4
"7978",9389,3,6,3
"7979",9390,1,0,-1
"7980",9391,5,4,-1
"7981",9392,4,0,-4
"7982",9393,1,0,-1
"7983",9394,3,5,2
"7984",9395,1,1,0
"7985",9396,1,2,1
"7986",9397,1,0,-1
"7987",9398,6,1,-5
"7988",9399,5,11,6
"7989",9400,14,14,0
"7990",9401,10,11,1
"7991",9402,1,4,3
"7992",9403,0,7,7
"7993",9404,1,2,1
"7994",9405,1,4,3
"7995",9406,1,1,0
"7996",9407,1,2,1
"7997",9408,1,0,-1
"7998",9410,1,2,1
"7999",9412,1,0,-1
"8000",9414,1,2,1
"8001",9415,0,2,2
"8002",9416,5,12,7
"8003",9418,0,1,1
"8004",9419,2,2,0
"8005",9420,0,3,3
"8006",9421,1,0,-1
"8007",9422,1,2,1
"8008",9424,0,1,1
"8009",9425,5,11,6
"8010",9426,0,1,1
"8011",9427,1,0,-1
"8012",9428,4,5,1
"8013",9429,0,1,1
"8014",9430,8,6,-2
"8015",9431,0,6,6
"8016",9432,2,7,5
"8017",9434,0,1,1
"8018",9435,1,2,1
"8019",9436,7,7,0
"8020",9437,1,5,4
"8021",9438,0,6,6
"8022",9440,1,6,5
"8023",9441,1,2,1
"8024",9442,0,3,3
"8025",9443,1,2,1
"8026",9444,0,1,1
"8027",9445,1,0,-1
"8028",9447,1,5,4
"8029",9448,2,5,3
"8030",9449,0,4,4
"8031",9450,0,1,1
"8032",9451,0,1,1
"8033",9454,1,2,1
"8034",9455,0,6,6
"8035",9456,0,1,1
"8036",9457,2,1,-1
"8037",9460,2,1,-1
"8038",9461,0,1,1
"8039",9462,2,2,0
"8040",9463,0,3,3
"8041",9464,2,0,-2
"8042",9466,5,5,0
"8043",9467,6,5,-1
"8044",9468,2,7,5
"8045",9469,15,11,-4
"8046",9470,0,1,1
"8047",9471,8,13,5
"8048",9473,0,4,4
"8049",9474,1,0,-1
"8050",9475,0,3,3
"8051",9476,1,0,-1
"8052",9477,2,0,-2
"8053",9478,5,4,-1
"8054",9479,3,3,0
"8055",9480,0,2,2
"8056",9481,1,0,-1
"8057",9482,0,1,1
"8058",9483,3,3,0
"8059",9485,1,0,-1
"8060",9486,1,0,-1
"8061",9487,1,0,-1
"8062",9489,1,1,0
"8063",9491,0,1,1
"8064",9492,1,3,2
"8065",9493,1,3,2
"8066",9494,1,1,0
"8067",9495,1,2,1
"8068",9496,0,2,2
"8069",9497,0,2,2
"8070",9499,3,0,-3
"8071",9500,0,1,1
"8072",9501,2,5,3
"8073",9502,0,1,1
"8074",9503,1,0,-1
"8075",9504,2,3,1
"8076",9505,1,0,-1
"8077",9506,1,1,0
"8078",9507,1,1,0
"8079",9508,2,3,1
"8080",9510,0,1,1
"8081",9511,0,2,2
"8082",9512,2,4,2
"8083",9513,2,6,4
"8084",9514,1,0,-1
"8085",9515,1,0,-1
"8086",9517,2,0,-2
"8087",9518,3,2,-1
"8088",9519,0,1,1
"8089",9521,0,2,2
"8090",9522,2,2,0
"8091",9523,1,2,1
"8092",9525,1,1,0
"8093",9526,0,13,13
"8094",9527,21,34,13
"8095",9528,2,1,-1
"8096",9529,0,1,1
"8097",9530,3,6,3
"8098",9532,1,1,0
"8099",9533,13,10,-3
"8100",9534,1,0,-1
"8101",9535,0,2,2
"8102",9537,1,1,0
"8103",9539,1,0,-1
"8104",9540,2,4,2
"8105",9541,0,3,3
"8106",9542,2,3,1
"8107",9543,2,4,2
"8108",9544,2,2,0
"8109",9545,7,0,-7
"8110",9547,36,32,-4
"8111",9548,1,0,-1
"8112",9549,2,1,-1
"8113",9550,1,2,1
"8114",9552,1,1,0
"8115",9553,1,1,0
"8116",9554,2,4,2
"8117",9555,8,6,-2
"8118",9557,0,1,1
"8119",9558,1,0,-1
"8120",9559,1,2,1
"8121",9560,1,0,-1
"8122",9561,1,0,-1
"8123",9562,1,0,-1
"8124",9563,4,3,-1
"8125",9564,2,2,0
"8126",9565,0,2,2
"8127",9566,1,3,2
"8128",9567,1,3,2
"8129",9568,0,2,2
"8130",9569,0,2,2
"8131",9570,2,4,2
"8132",9571,1,1,0
"8133",9572,0,9,9
"8134",9573,9,9,0
"8135",9574,4,3,-1
"8136",9575,1,0,-1
"8137",9576,1,11,10
"8138",9577,1,0,-1
"8139",9578,1,0,-1
"8140",9579,1,0,-1
"8141",9580,1,0,-1
"8142",9582,1,3,2
"8143",9583,0,3,3
"8144",9584,11,4,-7
"8145",9585,0,6,6
"8146",9587,0,5,5
"8147",9588,1,3,2
"8148",9589,1,3,2
"8149",9590,3,3,0
"8150",9591,3,3,0
"8151",9593,2,4,2
"8152",9595,2,2,0
"8153",9596,11,7,-4
"8154",9597,5,1,-4
"8155",9598,1,0,-1
"8156",9599,6,2,-4
"8157",9600,0,2,2
"8158",9601,0,1,1
"8159",9602,1,0,-1
"8160",9603,5,2,-3
"8161",9604,1,0,-1
"8162",9605,7,6,-1
"8163",9606,1,0,-1
"8164",9607,3,2,-1
"8165",9608,8,5,-3
"8166",9611,1,1,0
"8167",9612,5,5,0
"8168",9613,3,2,-1
"8169",9614,3,3,0
"8170",9615,6,4,-2
"8171",9617,0,1,1
"8172",9618,0,1,1
"8173",9619,1,2,1
"8174",9620,2,6,4
"8175",9621,1,3,2
"8176",9622,4,9,5
"8177",9623,2,4,2
"8178",9624,7,4,-3
"8179",9627,5,6,1
"8180",9628,8,1,-7
"8181",9629,0,1,1
"8182",9631,0,1,1
"8183",9632,4,1,-3
"8184",9633,1,0,-1
"8185",9634,0,2,2
"8186",9635,1,0,-1
"8187",9636,0,1,1
"8188",9637,0,2,2
"8189",9638,3,5,2
"8190",9639,1,0,-1
"8191",9640,2,2,0
"8192",9641,1,4,3
"8193",9643,5,4,-1
"8194",9644,5,9,4
"8195",9645,1,1,0
"8196",9646,2,1,-1
"8197",9647,0,1,1
"8198",9648,2,2,0
"8199",9649,7,1,-6
"8200",9651,4,6,2
"8201",9652,0,2,2
"8202",9653,1,1,0
"8203",9654,1,3,2
"8204",9655,2,3,1
"8205",9656,0,1,1
"8206",9658,0,2,2
"8207",9659,3,2,-1
"8208",9660,10,3,-7
"8209",9661,1,0,-1
"8210",9662,3,11,8
"8211",9663,4,1,-3
"8212",9664,2,4,2
"8213",9665,2,1,-1
"8214",9666,3,2,-1
"8215",9668,3,7,4
"8216",9669,0,1,1
"8217",9670,1,3,2
"8218",9671,1,0,-1
"8219",9672,2,5,3
"8220",9673,0,1,1
"8221",9674,1,2,1
"8222",9676,1,2,1
"8223",9677,2,1,-1
"8224",9679,1,0,-1
"8225",9680,4,2,-2
"8226",9681,1,0,-1
"8227",9682,2,2,0
"8228",9683,1,5,4
"8229",9684,3,6,3
"8230",9685,1,0,-1
"8231",9686,3,3,0
"8232",9687,0,2,2
"8233",9688,1,2,1
"8234",9689,6,2,-4
"8235",9690,2,4,2
"8236",9691,2,14,12
"8237",9692,1,0,-1
"8238",9693,1,0,-1
"8239",9696,1,1,0
"8240",9697,3,2,-1
"8241",9699,1,0,-1
"8242",9700,0,15,15
"8243",9701,3,5,2
"8244",9703,1,0,-1
"8245",9704,1,5,4
"8246",9705,1,2,1
"8247",9706,1,0,-1
"8248",9707,0,1,1
"8249",9708,0,2,2
"8250",9709,4,4,0
"8251",9710,1,0,-1
"8252",9711,97,66,-31
"8253",9713,0,2,2
"8254",9714,0,1,1
"8255",9715,1,1,0
"8256",9716,0,1,1
"8257",9717,2,2,0
"8258",9718,1,0,-1
"8259",9719,0,1,1
"8260",9720,0,1,1
"8261",9721,7,33,26
"8262",9722,3,0,-3
"8263",9723,1,0,-1
"8264",9725,1,2,1
"8265",9726,0,2,2
"8266",9727,2,1,-1
"8267",9729,4,9,5
"8268",9730,0,4,4
"8269",9732,3,4,1
"8270",9733,4,2,-2
"8271",9734,0,1,1
"8272",9735,1,1,0
"8273",9737,2,13,11
"8274",9738,1,1,0
"8275",9740,0,3,3
"8276",9741,1,0,-1
"8277",9742,1,0,-1
"8278",9743,0,2,2
"8279",9744,3,1,-2
"8280",9745,4,6,2
"8281",9746,2,1,-1
"8282",9747,1,0,-1
"8283",9749,0,2,2
"8284",9750,0,3,3
"8285",9751,2,0,-2
"8286",9752,1,6,5
"8287",9754,2,4,2
"8288",9755,4,10,6
"8289",9756,7,5,-2
"8290",9757,2,4,2
"8291",9758,1,0,-1
"8292",9759,0,5,5
"8293",9760,1,3,2
"8294",9761,3,7,4
"8295",9762,2,2,0
"8296",9763,2,3,1
"8297",9764,1,4,3
"8298",9765,1,2,1
"8299",9766,2,7,5
"8300",9767,3,0,-3
"8301",9768,1,4,3
"8302",9770,4,0,-4
"8303",9772,0,1,1
"8304",9773,0,4,4
"8305",9774,0,2,2
"8306",9775,1,3,2
"8307",9776,1,2,1
"8308",9777,2,1,-1
"8309",9778,1,1,0
"8310",9779,2,2,0
"8311",9780,4,0,-4
"8312",9781,2,4,2
"8313",9783,4,4,0
"8314",9784,1,2,1
"8315",9785,0,4,4
"8316",9786,1,2,1
"8317",9787,0,1,1
"8318",9788,0,2,2
"8319",9789,4,0,-4
"8320",9790,0,2,2
"8321",9792,0,1,1
"8322",9794,0,5,5
"8323",9795,12,8,-4
"8324",9796,1,2,1
"8325",9797,2,4,2
"8326",9798,2,2,0
"8327",9799,3,0,-3
"8328",9800,2,1,-1
"8329",9801,2,1,-1
"8330",9802,1,1,0
"8331",9803,0,1,1
"8332",9804,0,3,3
"8333",9805,1,2,1
"8334",9806,2,4,2
"8335",9807,1,1,0
"8336",9808,1,2,1
"8337",9809,5,3,-2
"8338",9810,5,7,2
"8339",9811,4,2,-2
"8340",9812,1,2,1
"8341",9813,0,2,2
"8342",9814,6,13,7
"8343",9815,2,11,9
"8344",9816,3,7,4
"8345",9817,1,1,0
"8346",9818,9,6,-3
"8347",9819,0,1,1
"8348",9820,2,12,10
"8349",9822,7,3,-4
"8350",9823,2,4,2
"8351",9824,12,6,-6
"8352",9826,1,1,0
"8353",9827,0,1,1
"8354",9828,0,3,3
"8355",9829,2,5,3
"8356",9830,1,3,2
"8357",9831,2,0,-2
"8358",9833,0,1,1
"8359",9834,0,4,4
"8360",9835,0,1,1
"8361",9836,1,0,-1
"8362",9837,1,0,-1
"8363",9838,2,1,-1
"8364",9839,0,1,1
"8365",9840,1,0,-1
"8366",9841,1,4,3
"8367",9842,3,2,-1
"8368",9843,3,2,-1
"8369",9844,0,1,1
"8370",9845,1,0,-1
"8371",9847,2,1,-1
"8372",9848,104,54,-50
"8373",9849,0,2,2
"8374",9850,1,2,1
"8375",9851,0,3,3
"8376",9852,4,5,1
"8377",9853,1,1,0
"8378",9854,2,5,3
"8379",9855,0,1,1
"8380",9857,0,2,2
"8381",9858,6,4,-2
"8382",9859,2,3,1
"8383",9860,0,1,1
"8384",9861,2,15,13
"8385",9862,2,1,-1
"8386",9863,1,1,0
"8387",9864,1,6,5
"8388",9865,0,1,1
"8389",9866,2,0,-2
"8390",9867,0,1,1
"8391",9868,3,1,-2
"8392",9869,1,1,0
"8393",9870,7,5,-2
"8394",9871,1,1,0
"8395",9873,2,1,-1
"8396",9874,1,2,1
"8397",9877,1,3,2
"8398",9878,1,0,-1
"8399",9879,0,5,5
"8400",9881,2,4,2
"8401",9882,1,0,-1
"8402",9883,8,5,-3
"8403",9885,1,0,-1
"8404",9887,10,7,-3
"8405",9888,2,0,-2
"8406",9889,4,8,4
"8407",9890,12,7,-5
"8408",9891,2,0,-2
"8409",9892,12,6,-6
"8410",9893,1,1,0
"8411",9894,1,0,-1
"8412",9896,3,2,-1
"8413",9897,1,0,-1
"8414",9898,5,2,-3
"8415",9899,1,1,0
"8416",9900,0,1,1
"8417",9901,2,2,0
"8418",9902,1,1,0
"8419",9904,1,0,-1
"8420",9905,0,3,3
"8421",9906,3,5,2
"8422",9907,0,5,5
"8423",9909,1,0,-1
"8424",9910,0,2,2
"8425",9911,3,2,-1
"8426",9912,1,0,-1
"8427",9913,0,2,2
"8428",9914,0,7,7
"8429",9915,0,2,2
"8430",9916,1,0,-1
"8431",9917,4,1,-3
"8432",9918,4,3,-1
"8433",9919,3,7,4
"8434",9920,2,4,2
"8435",9921,4,4,0
"8436",9922,8,12,4
"8437",9923,121,97,-24
"8438",9924,1,2,1
"8439",9925,1,4,3
"8440",9926,0,1,1
"8441",9927,11,7,-4
"8442",9928,2,4,2
"8443",9929,1,0,-1
"8444",9930,0,2,2
"8445",9932,0,1,1
"8446",9933,1,2,1
"8447",9934,3,2,-1
"8448",9936,1,3,2
"8449",9937,1,1,0
"8450",9938,1,3,2
"8451",9939,3,4,1
"8452",9941,6,12,6
"8453",9942,13,2,-11
"8454",9943,0,2,2
"8455",9944,0,1,1
"8456",9945,3,3,0
"8457",9946,0,1,1
"8458",9947,1,1,0
"8459",9948,0,1,1
"8460",9949,2,0,-2
"8461",9950,6,3,-3
"8462",9952,3,9,6
"8463",9953,6,3,-3
"8464",9954,3,2,-1
"8465",9957,0,1,1
"8466",9958,1,0,-1
"8467",9959,4,3,-1
"8468",9960,0,1,1
"8469",9961,1,2,1
"8470",9962,1,0,-1
"8471",9963,1,2,1
"8472",9964,0,1,1
"8473",9966,0,1,1
"8474",9967,1,0,-1
"8475",9968,2,7,5
"8476",9969,4,1,-3
"8477",9970,2,5,3
"8478",9971,3,2,-1
"8479",9972,0,11,11
"8480",9973,0,1,1
"8481",9974,7,1,-6
"8482",9975,0,5,5
"8483",9976,3,4,1
"8484",9978,1,6,5
"8485",9981,0,2,2
"8486",9982,1,0,-1
"8487",9984,6,4,-2
"8488",9985,0,1,1
"8489",9986,1,0,-1
"8490",9988,2,0,-2
"8491",9990,4,1,-3
"8492",9992,1,0,-1
"8493",9993,1,0,-1
"8494",9994,2,1,-1
"8495",9996,1,2,1
"8496",9997,1,0,-1
"8497",9998,4,4,0
"8498",9999,1,1,0
"8499",10000,1,0,-1
"8500",10001,1,4,3
"8501",10002,6,2,-4
"8502",10003,2,3,1
"8503",10004,1,0,-1
"8504",10005,1,3,2
"8505",10006,1,0,-1
"8506",10007,8,21,13
"8507",10008,0,1,1
"8508",10009,174,95,-79
"8509",10010,1,1,0
"8510",10011,1,3,2
"8511",10012,0,1,1
"8512",10013,3,3,0
"8513",10016,11,7,-4
"8514",10017,0,1,1
"8515",10018,0,1,1
"8516",10019,2,5,3
"8517",10021,1,1,0
"8518",10022,1,0,-1
"8519",10023,2,4,2
"8520",10025,1,11,10
"8521",10026,1,1,0
"8522",10027,0,1,1
"8523",10028,0,5,5
"8524",10029,1,1,0
"8525",10030,1,3,2
"8526",10031,1,4,3
"8527",10032,1,6,5
"8528",10033,1,3,2
"8529",10034,1,2,1
"8530",10036,1,2,1
"8531",10038,2,7,5
"8532",10039,1,2,1
"8533",10041,0,3,3
"8534",10042,8,5,-3
"8535",10043,1,1,0
"8536",10044,0,1,1
"8537",10045,1,1,0
"8538",10046,2,5,3
"8539",10047,1,0,-1
"8540",10048,2,1,-1
"8541",10049,0,1,1
"8542",10051,1,0,-1
"8543",10052,0,1,1
"8544",10054,1,4,3
"8545",10055,0,1,1
"8546",10056,1,2,1
"8547",10058,1,5,4
"8548",10059,0,1,1
"8549",10060,1,0,-1
"8550",10061,0,2,2
"8551",10063,1,0,-1
"8552",10064,1,5,4
"8553",10066,79,44,-35
"8554",10067,8,7,-1
"8555",10068,0,1,1
"8556",10069,1,0,-1
"8557",10070,0,2,2
"8558",10071,0,1,1
"8559",10072,3,2,-1
"8560",10073,1,0,-1
"8561",10074,1,2,1
"8562",10075,3,1,-2
"8563",10077,3,2,-1
"8564",10078,11,10,-1
"8565",10079,1,7,6
"8566",10080,4,2,-2
"8567",10082,0,1,1
"8568",10083,2,4,2
"8569",10084,3,4,1
"8570",10085,2,3,1
"8571",10086,2,0,-2
"8572",10087,1,0,-1
"8573",10088,0,6,6
"8574",10089,1,6,5
"8575",10094,1,0,-1
"8576",10095,1,3,2
"8577",10096,1,1,0
"8578",10097,1,1,0
"8579",10098,1,2,1
"8580",10099,3,4,1
"8581",10100,1,0,-1
"8582",10103,23,18,-5
"8583",10104,0,2,2
"8584",10105,2,3,1
"8585",10106,1,2,1
"8586",10107,0,2,2
"8587",10108,2,7,5
"8588",10109,0,1,1
"8589",10110,0,1,1
"8590",10111,0,3,3
"8591",10112,2,3,1
"8592",10113,2,1,-1
"8593",10114,0,1,1
"8594",10115,5,7,2
"8595",10116,4,5,1
"8596",10117,0,3,3
"8597",10118,1,0,-1
"8598",10119,2,6,4
"8599",10120,1,1,0
"8600",10121,4,2,-2
"8601",10122,6,8,2
"8602",10123,0,2,2
"8603",10124,0,1,1
"8604",10125,0,1,1
"8605",10126,1,1,0
"8606",10127,3,4,1
"8607",10128,1,5,4
"8608",10129,4,23,19
"8609",10130,1,16,15
"8610",10132,0,2,2
"8611",10133,1,4,3
"8612",10134,0,1,1
"8613",10135,0,3,3
"8614",10136,2,4,2
"8615",10139,0,2,2
"8616",10140,1,3,2
"8617",10141,1,3,2
"8618",10142,5,3,-2
"8619",10143,1,3,2
"8620",10144,4,9,5
"8621",10145,1,1,0
"8622",10146,2,2,0
"8623",10147,2,2,0
"8624",10148,1,1,0
"8625",10149,1,2,1
"8626",10150,3,4,1
"8627",10151,0,3,3
"8628",10153,2,7,5
"8629",10154,0,13,13
"8630",10156,3,4,1
"8631",10157,1,1,0
"8632",10158,0,2,2
"8633",10159,1,2,1
"8634",10160,1,4,3
"8635",10161,0,1,1
"8636",10162,1,10,9
"8637",10163,1,3,2
"8638",10164,7,6,-1
"8639",10166,1,1,0
"8640",10167,1,3,2
"8641",10168,1,3,2
"8642",10169,1,3,2
"8643",10170,0,1,1
"8644",10172,0,4,4
"8645",10173,2,9,7
"8646",10174,3,3,0
"8647",10175,3,6,3
"8648",10176,0,2,2
"8649",10177,6,7,1
"8650",10178,1,3,2
"8651",10182,0,1,1
"8652",10183,1,4,3
"8653",10184,0,1,1
"8654",10185,1,1,0
"8655",10186,1,1,0
"8656",10187,1,4,3
"8657",10188,0,1,1
"8658",10189,1,4,3
"8659",10190,1,0,-1
"8660",10191,1,4,3
"8661",10194,1,4,3
"8662",10195,0,1,1
"8663",10196,1,2,1
"8664",10197,0,2,2
"8665",10198,0,1,1
"8666",10199,1,1,0
"8667",10200,0,1,1
"8668",10201,1,4,3
"8669",10202,0,2,2
"8670",10203,0,1,1
"8671",10206,0,6,6
"8672",10207,1,0,-1
"8673",10208,2,3,1
"8674",10209,0,4,4
"8675",10210,3,9,6
"8676",10212,1,0,-1
"8677",10213,0,2,2
"8678",10214,6,12,6
"8679",10215,0,1,1
"8680",10216,9,8,-1
"8681",10217,1,2,1
"8682",10218,16,11,-5
"8683",10219,8,4,-4
"8684",10220,8,0,-8
"8685",10221,1,1,0
"8686",10222,8,16,8
"8687",10223,2,3,1
"8688",10224,4,1,-3
"8689",10225,1,0,-1
"8690",10226,1,3,2
"8691",10227,8,6,-2
"8692",10228,1,2,1
"8693",10229,2,2,0
"8694",10230,7,7,0
"8695",10231,15,14,-1
"8696",10232,4,7,3
"8697",10233,8,15,7
"8698",10234,2,0,-2
"8699",10235,2,0,-2
"8700",10236,1,1,0
"8701",10237,1,0,-1
"8702",10238,0,3,3
"8703",10239,0,1,1
"8704",10240,0,1,1
"8705",10241,0,4,4
"8706",10242,1,1,0
"8707",10243,0,4,4
"8708",10244,2,2,0
"8709",10245,0,2,2
"8710",10246,0,2,2
"8711",10247,1,1,0
"8712",10248,0,1,1
"8713",10249,1,1,0
"8714",10250,5,2,-3
"8715",10252,0,8,8
"8716",10253,2,0,-2
"8717",10254,2,0,-2
"8718",10255,2,1,-1
"8719",10256,0,2,2
"8720",10257,0,3,3
"8721",10258,0,4,4
"8722",10259,2,2,0
"8723",10260,0,1,1
"8724",10261,10,13,3
"8725",10263,0,1,1
"8726",10264,0,1,1
"8727",10265,7,10,3
"8728",10266,2,1,-1
"8729",10268,0,2,2
"8730",10269,0,2,2
"8731",10270,0,1,1
"8732",10271,6,8,2
"8733",10272,0,6,6
"8734",10273,1,1,0
"8735",10274,3,1,-2
"8736",10276,0,7,7
"8737",10277,1,7,6
"8738",10278,2,1,-1
"8739",10279,0,7,7
"8740",10280,2,0,-2
"8741",10282,1,1,0
"8742",10284,1,2,1
"8743",10285,6,0,-6
"8744",10286,2,0,-2
"8745",10287,1,0,-1
"8746",10288,0,10,10
"8747",10289,1,0,-1
"8748",10290,0,3,3
"8749",10291,1,2,1
"8750",10292,0,5,5
"8751",10293,1,5,4
"8752",10294,1,10,9
"8753",10295,1,7,6
"8754",10296,0,4,4
"8755",10297,0,4,4
"8756",10298,2,7,5
"8757",10300,2,0,-2
"8758",10301,1,4,3
"8759",10302,0,7,7
"8760",10303,1,0,-1
"8761",10305,2,0,-2
"8762",10306,9,12,3
"8763",10307,0,6,6
"8764",10308,0,4,4
"8765",10309,1,0,-1
"8766",10311,2,1,-1
"8767",10312,1,1,0
"8768",10313,0,10,10
"8769",10314,2,2,0
"8770",10315,1,6,5
"8771",10316,0,6,6
"8772",10317,2,1,-1
"8773",10318,0,3,3
"8774",10319,0,1,1
"8775",10321,0,3,3
"8776",10322,10,9,-1
"8777",10323,0,1,1
"8778",10324,1,3,2
"8779",10325,0,1,1
"8780",10326,10,13,3
"8781",10327,0,2,2
"8782",10329,0,1,1
"8783",10330,2,1,-1
"8784",10331,0,1,1
"8785",10332,0,2,2
"8786",10333,1,5,4
"8787",10334,0,3,3
"8788",10335,1,0,-1
"8789",10336,1,1,0
"8790",10338,2,2,0
"8791",10340,1,2,1
"8792",10342,0,1,1
"8793",10343,2,0,-2
"8794",10344,1,0,-1
"8795",10345,0,1,1
"8796",10346,0,2,2
"8797",10347,3,3,0
"8798",10349,1,6,5
"8799",10350,0,1,1
"8800",10352,1,2,1
"8801",10353,2,3,1
"8802",10354,3,6,3
"8803",10355,1,8,7
"8804",10356,1,0,-1
"8805",10357,0,5,5
"8806",10358,0,1,1
"8807",10360,0,4,4
"8808",10361,1,1,0
"8809",10364,0,1,1
"8810",10365,0,5,5
"8811",10366,1,6,5
"8812",10367,0,1,1
"8813",10368,0,5,5
"8814",10369,0,3,3
"8815",10370,1,2,1
"8816",10375,2,4,2
"8817",10376,0,4,4
"8818",10377,2,5,3
"8819",10378,2,3,1
"8820",10379,0,3,3
"8821",10380,0,1,1
"8822",10381,1,2,1
"8823",10382,2,8,6
"8824",10383,3,6,3
"8825",10384,1,3,2
"8826",10385,1,2,1
"8827",10386,3,4,1
"8828",10387,0,4,4
"8829",10388,0,2,2
"8830",10389,2,2,0
"8831",10391,0,6,6
"8832",10392,2,10,8
"8833",10393,0,2,2
"8834",10394,3,4,1
"8835",10396,4,4,0
"8836",10397,0,2,2
"8837",10399,1,1,0
"8838",10400,2,4,2
"8839",10401,0,8,8
"8840",10402,0,2,2
"8841",10403,1,6,5
"8842",10404,1,3,2
"8843",10405,0,1,1
"8844",10406,0,8,8
"8845",10407,2,2,0
"8846",10408,6,4,-2
"8847",10409,1,4,3
"8848",10410,2,0,-2
"8849",10411,0,2,2
"8850",10412,0,3,3
"8851",10413,1,1,0
"8852",10414,1,1,0
"8853",10415,0,1,1
"8854",10416,4,5,1
"8855",10417,2,2,0
"8856",10418,2,2,0
"8857",10420,0,3,3
"8858",10422,2,0,-2
"8859",10423,2,4,2
"8860",10424,4,10,6
"8861",10425,0,6,6
"8862",10426,4,1,-3
"8863",10427,0,3,3
"8864",10428,2,3,1
"8865",10429,11,7,-4
"8866",10432,2,2,0
"8867",10433,2,7,5
"8868",10434,0,2,2
"8869",10435,1,5,4
"8870",10436,2,1,-1
"8871",10437,0,4,4
"8872",10438,0,1,1
"8873",10439,1,0,-1
"8874",10440,5,3,-2
"8875",10441,3,3,0
"8876",10442,0,4,4
"8877",10443,3,2,-1
"8878",10444,3,2,-1
"8879",10445,1,1,0
"8880",10446,2,4,2
"8881",10447,2,0,-2
"8882",10448,1,3,2
"8883",10449,2,0,-2
"8884",10450,0,3,3
"8885",10452,1,0,-1
"8886",10453,0,4,4
"8887",10454,2,5,3
"8888",10455,1,6,5
"8889",10456,1,3,2
"8890",10457,0,1,1
"8891",10458,1,0,-1
"8892",10459,1,0,-1
"8893",10460,1,1,0
"8894",10461,2,14,12
"8895",10462,2,1,-1
"8896",10463,0,1,1
"8897",10465,0,7,7
"8898",10467,1,0,-1
"8899",10469,0,1,1
"8900",10471,0,1,1
"8901",10472,0,2,2
"8902",10473,0,1,1
"8903",10474,0,1,1
"8904",10475,0,3,3
"8905",10477,6,6,0
"8906",10478,1,2,1
"8907",10479,1,5,4
"8908",10480,0,5,5
"8909",10481,4,1,-3
"8910",10482,3,1,-2
"8911",10483,0,2,2
"8912",10484,2,4,2
"8913",10485,1,0,-1
"8914",10486,1,1,0
"8915",10487,0,1,1
"8916",10488,1,1,0
"8917",10491,2,1,-1
"8918",10493,2,1,-1
"8919",10496,0,6,6
"8920",10497,2,0,-2
"8921",10498,0,8,8
"8922",10499,11,7,-4
"8923",10500,0,4,4
"8924",10501,0,5,5
"8925",10502,1,1,0
"8926",10503,0,2,2
"8927",10504,0,1,1
"8928",10505,9,9,0
"8929",10506,5,8,3
"8930",10507,3,11,8
"8931",10508,1,6,5
"8932",10509,2,2,0
"8933",10511,3,9,6
"8934",10512,1,4,3
"8935",10516,4,4,0
"8936",10517,1,7,6
"8937",10518,2,17,15
"8938",10519,0,5,5
"8939",10520,1,2,1
"8940",10521,0,1,1
"8941",10522,2,4,2
"8942",10524,0,2,2
"8943",10525,5,3,-2
"8944",10526,2,2,0
"8945",10527,1,3,2
"8946",10529,6,2,-4
"8947",10530,1,4,3
"8948",10531,0,6,6
"8949",10532,1,1,0
"8950",10533,0,1,1
"8951",10534,4,15,11
"8952",10535,7,7,0
"8953",10536,2,0,-2
"8954",10537,0,4,4
"8955",10538,1,1,0
"8956",10539,1,2,1
"8957",10540,6,6,0
"8958",10542,1,0,-1
"8959",10543,3,7,4
"8960",10545,2,3,1
"8961",10546,4,5,1
"8962",10547,0,2,2
"8963",10548,3,9,6
"8964",10549,3,2,-1
"8965",10550,3,3,0
"8966",10552,1,1,0
"8967",10553,0,2,2
"8968",10554,3,6,3
"8969",10555,7,5,-2
"8970",10556,1,0,-1
"8971",10557,2,2,0
"8972",10558,3,4,1
"8973",10559,1,1,0
"8974",10560,0,2,2
"8975",10561,1,3,2
"8976",10562,1,6,5
"8977",10563,4,6,2
"8978",10565,2,2,0
"8979",10566,2,2,0
"8980",10567,1,1,0
"8981",10568,0,7,7
"8982",10569,0,2,2
"8983",10570,0,1,1
"8984",10571,2,2,0
"8985",10572,0,1,1
"8986",10574,1,2,1
"8987",10576,0,1,1
"8988",10577,5,6,1
"8989",10578,8,22,14
"8990",10579,1,0,-1
"8991",10580,0,2,2
"8992",10581,3,2,-1
"8993",10582,1,0,-1
"8994",10584,0,2,2
"8995",10585,2,3,1
"8996",10586,3,8,5
"8997",10587,4,1,-3
"8998",10588,2,2,0
"8999",10589,2,1,-1
"9000",10590,2,1,-1
"9001",10591,0,5,5
"9002",10592,1,2,1
"9003",10593,0,2,2
"9004",10594,0,1,1
"9005",10595,4,10,6
"9006",10596,0,4,4
"9007",10597,1,7,6
"9008",10598,11,8,-3
"9009",10599,0,1,1
"9010",10600,4,2,-2
"9011",10602,1,2,1
"9012",10603,2,2,0
"9013",10604,1,0,-1
"9014",10605,4,5,1
"9015",10606,0,1,1
"9016",10607,1,1,0
"9017",10608,1,4,3
"9018",10609,0,1,1
"9019",10610,3,2,-1
"9020",10612,1,1,0
"9021",10613,1,6,5
"9022",10614,1,7,6
"9023",10615,0,3,3
"9024",10616,0,1,1
"9025",10617,1,5,4
"9026",10618,0,1,1
"9027",10619,0,1,1
"9028",10620,2,3,1
"9029",10621,10,6,-4
"9030",10623,1,2,1
"9031",10624,1,0,-1
"9032",10625,14,21,7
"9033",10627,1,3,2
"9034",10628,0,1,1
"9035",10629,1,2,1
"9036",10630,1,1,0
"9037",10631,4,2,-2
"9038",10632,3,3,0
"9039",10633,2,0,-2
"9040",10635,1,1,0
"9041",10636,0,4,4
"9042",10638,2,1,-1
"9043",10639,0,3,3
"9044",10640,2,2,0
"9045",10641,2,1,-1
"9046",10642,1,1,0
"9047",10643,2,1,-1
"9048",10644,15,21,6
"9049",10645,4,0,-4
"9050",10646,1,3,2
"9051",10647,1,0,-1
"9052",10648,2,7,5
"9053",10649,2,2,0
"9054",10650,0,2,2
"9055",10651,5,4,-1
"9056",10652,2,0,-2
"9057",10653,1,0,-1
"9058",10655,3,1,-2
"9059",10656,0,3,3
"9060",10657,2,2,0
"9061",10658,4,2,-2
"9062",10659,0,7,7
"9063",10660,1,6,5
"9064",10661,3,7,4
"9065",10662,1,0,-1
"9066",10663,2,7,5
"9067",10665,2,5,3
"9068",10666,0,3,3
"9069",10667,0,1,1
"9070",10668,0,3,3
"9071",10669,3,0,-3
"9072",10670,0,1,1
"9073",10671,2,1,-1
"9074",10672,3,17,14
"9075",10673,8,6,-2
"9076",10674,0,2,2
"9077",10675,1,8,7
"9078",10676,2,11,9
"9079",10679,0,6,6
"9080",10681,1,1,0
"9081",10682,1,1,0
"9082",10683,2,0,-2
"9083",10684,1,1,0
"9084",10685,8,22,14
"9085",10686,0,1,1
"9086",10687,0,1,1
"9087",10688,2,0,-2
"9088",10689,0,3,3
"9089",10691,0,3,3
"9090",10692,0,5,5
"9091",10693,1,7,6
"9092",10694,5,3,-2
"9093",10695,1,0,-1
"9094",10696,2,0,-2
"9095",10697,3,3,0
"9096",10698,2,5,3
"9097",10699,0,1,1
"9098",10700,4,10,6
"9099",10701,0,3,3
"9100",10702,8,6,-2
"9101",10703,3,4,1
"9102",10704,11,7,-4
"9103",10705,0,1,1
"9104",10706,2,3,1
"9105",10707,0,4,4
"9106",10708,2,0,-2
"9107",10709,3,2,-1
"9108",10710,2,9,7
"9109",10711,0,2,2
"9110",10714,9,5,-4
"9111",10716,1,6,5
"9112",10717,1,3,2
"9113",10718,1,6,5
"9114",10719,4,4,0
"9115",10720,1,1,0
"9116",10721,5,1,-4
"9117",10722,3,5,2
"9118",10723,1,5,4
"9119",10724,1,1,0
"9120",10725,11,12,1
"9121",10726,2,2,0
"9122",10727,0,4,4
"9123",10728,3,4,1
"9124",10730,1,1,0
"9125",10731,0,4,4
"9126",10732,6,12,6
"9127",10734,0,2,2
"9128",10735,0,3,3
"9129",10736,2,0,-2
"9130",10737,10,7,-3
"9131",10738,1,2,1
"9132",10740,10,6,-4
"9133",10741,1,3,2
"9134",10742,4,7,3
"9135",10743,0,2,2
"9136",10744,0,5,5
"9137",10745,3,12,9
"9138",10746,0,1,1
"9139",10747,7,2,-5
"9140",10748,3,17,14
"9141",10749,2,3,1
"9142",10750,0,1,1
"9143",10751,1,7,6
"9144",10753,0,6,6
"9145",10754,2,1,-1
"9146",10755,4,5,1
"9147",10756,4,11,7
"9148",10757,3,4,1
"9149",10758,3,1,-2
"9150",10759,1,8,7
"9151",10761,0,5,5
"9152",10762,1,2,1
"9153",10763,0,1,1
"9154",10765,4,4,0
"9155",10766,2,2,0
"9156",10767,1,3,2
"9157",10768,3,8,5
"9158",10769,2,5,3
"9159",10770,3,1,-2
"9160",10771,1,0,-1
"9161",10772,7,3,-4
"9162",10773,2,10,8
"9163",10774,0,3,3
"9164",10775,0,1,1
"9165",10776,1,7,6
"9166",10777,6,4,-2
"9167",10778,3,13,10
"9168",10779,0,1,1
"9169",10780,1,2,1
"9170",10781,6,2,-4
"9171",10782,6,13,7
"9172",10783,4,4,0
"9173",10784,5,4,-1
"9174",10785,5,3,-2
"9175",10786,0,1,1
"9176",10787,0,4,4
"9177",10788,0,1,1
"9178",10789,3,13,10
"9179",10790,14,4,-10
"9180",10791,4,3,-1
"9181",10792,5,7,2
"9182",10793,6,8,2
"9183",10794,4,3,-1
"9184",10795,6,4,-2
"9185",10796,6,3,-3
"9186",10797,0,2,2
"9187",10799,2,0,-2
"9188",10800,7,8,1
"9189",10801,1,0,-1
"9190",10802,7,13,6
"9191",10803,3,2,-1
"9192",10804,6,17,11
"9193",10805,2,2,0
"9194",10806,0,1,1
"9195",10807,0,5,5
"9196",10808,2,1,-1
"9197",10809,0,1,1
"9198",10810,1,4,3
"9199",10811,1,9,8
"9200",10812,0,1,1
"9201",10813,1,3,2
"9202",10814,1,0,-1
"9203",10815,1,2,1
"9204",10816,0,1,1
"9205",10817,0,1,1
"9206",10818,0,2,2
"9207",10819,12,12,0
"9208",10820,4,4,0
"9209",10822,3,2,-1
"9210",10823,0,1,1
"9211",10824,4,0,-4
"9212",10825,2,2,0
"9213",10826,8,1,-7
"9214",10827,2,0,-2
"9215",10828,0,1,1
"9216",10829,8,6,-2
"9217",10830,6,4,-2
"9218",10831,1,2,1
"9219",10832,1,0,-1
"9220",10833,0,2,2
"9221",10834,0,5,5
"9222",10835,2,0,-2
"9223",10836,2,1,-1
"9224",10837,1,2,1
"9225",10838,3,9,6
"9226",10839,1,1,0
"9227",10840,1,1,0
"9228",10841,0,1,1
"9229",10842,20,14,-6
"9230",10843,0,1,1
"9231",10844,20,14,-6
"9232",10845,1,1,0
"9233",10846,11,9,-2
"9234",10847,0,2,2
"9235",10848,1,3,2
"9236",10849,1,1,0
"9237",10851,4,7,3
"9238",10852,4,1,-3
"9239",10854,20,15,-5
"9240",10855,2,1,-1
"9241",10856,1,2,1
"9242",10857,0,4,4
"9243",10858,4,11,7
"9244",10859,1,7,6
"9245",10860,0,1,1
"9246",10862,1,1,0
"9247",10863,1,2,1
"9248",10866,0,3,3
"9249",10870,3,3,0
"9250",10871,1,2,1
"9251",10872,0,2,2
"9252",10873,4,2,-2
"9253",10874,10,13,3
"9254",10875,0,1,1
"9255",10876,2,1,-1
"9256",10877,0,6,6
"9257",10878,2,1,-1
"9258",10879,0,1,1
"9259",10880,3,0,-3
"9260",10882,6,15,9
"9261",10883,1,1,0
"9262",10884,0,4,4
"9263",10885,7,11,4
"9264",10886,3,1,-2
"9265",10887,4,3,-1
"9266",10888,2,8,6
"9267",10889,2,3,1
"9268",10890,2,13,11
"9269",10891,3,0,-3
"9270",10892,1,3,2
"9271",10893,0,1,1
"9272",10894,1,3,2
"9273",10896,20,14,-6
"9274",10897,3,1,-2
"9275",10898,0,2,2
"9276",10900,1,0,-1
"9277",10901,1,0,-1
"9278",10903,2,2,0
"9279",10904,2,0,-2
"9280",10906,0,3,3
"9281",10907,1,2,1
"9282",10908,3,9,6
"9283",10909,0,6,6
"9284",10910,2,0,-2
"9285",10911,2,0,-2
"9286",10912,2,4,2
"9287",10913,1,2,1
"9288",10914,3,2,-1
"9289",10915,2,1,-1
"9290",10917,0,1,1
"9291",10918,0,1,1
"9292",10919,1,0,-1
"9293",10921,1,0,-1
"9294",10922,1,1,0
"9295",10923,0,9,9
"9296",10924,7,4,-3
"9297",10925,1,1,0
"9298",10926,1,1,0
"9299",10928,2,0,-2
"9300",10929,2,0,-2
"9301",10930,2,4,2
"9302",10931,1,0,-1
"9303",10932,2,2,0
"9304",10933,25,21,-4
"9305",10934,2,4,2
"9306",10936,0,1,1
"9307",10937,5,15,10
"9308",10938,2,0,-2
"9309",10939,1,0,-1
"9310",10940,0,3,3
"9311",10942,0,1,1
"9312",10943,0,5,5
"9313",10944,5,4,-1
"9314",10946,1,1,0
"9315",10948,1,0,-1
"9316",10949,4,0,-4
"9317",10950,1,1,0
"9318",10951,2,0,-2
"9319",10952,2,4,2
"9320",10953,0,1,1
"9321",10954,0,5,5
"9322",10955,0,1,1
"9323",10956,0,2,2
"9324",10957,180,100,-80
"9325",10958,3,3,0
"9326",10959,9,7,-2
"9327",10960,1,1,0
"9328",10961,1,2,1
"9329",10962,1,0,-1
"9330",10963,1,0,-1
"9331",10964,0,4,4
"9332",10965,0,2,2
"9333",10966,2,1,-1
"9334",10967,1,1,0
"9335",10968,2,0,-2
"9336",10969,2,3,1
"9337",10970,2,5,3
"9338",10972,0,1,1
"9339",10973,2,2,0
"9340",10974,1,3,2
"9341",10976,1,2,1
"9342",10977,4,2,-2
"9343",10978,3,0,-3
"9344",10979,1,2,1
"9345",10980,5,5,0
"9346",10981,1,1,0
"9347",10982,6,3,-3
"9348",10983,6,3,-3
"9349",10984,6,14,8
"9350",10985,0,9,9
"9351",10987,0,2,2
"9352",10988,1,0,-1
"9353",10991,2,0,-2
"9354",10992,0,1,1
"9355",10993,1,0,-1
"9356",10995,2,0,-2
"9357",10996,5,6,1
"9358",10997,8,19,11
"9359",10998,2,1,-1
"9360",10999,0,1,1
"9361",11000,0,2,2
"9362",11001,6,2,-4
"9363",11002,1,5,4
"9364",11003,0,1,1
"9365",11004,0,1,1
"9366",11005,1,3,2
"9367",11006,1,1,0
"9368",11008,3,0,-3
"9369",11009,3,3,0
"9370",11010,1,0,-1
"9371",11011,1,3,2
"9372",11012,1,0,-1
"9373",11013,0,3,3
"9374",11014,1,0,-1
"9375",11015,1,9,8
"9376",11017,1,4,3
"9377",11018,2,0,-2
"9378",11019,1,3,2
"9379",11020,3,0,-3
"9380",11021,2,1,-1
"9381",11022,2,0,-2
"9382",11023,5,14,9
"9383",11024,2,2,0
"9384",11025,0,4,4
"9385",11026,2,0,-2
"9386",11027,0,6,6
"9387",11029,3,0,-3
"9388",11030,2,2,0
"9389",11031,2,0,-2
"9390",11033,0,3,3
"9391",11034,2,3,1
"9392",11036,0,1,1
"9393",11037,1,0,-1
"9394",11038,2,0,-2
"9395",11039,1,1,0
"9396",11041,14,17,3
"9397",11042,2,0,-2
"9398",11043,0,1,1
"9399",11044,1,2,1
"9400",11045,6,1,-5
"9401",11046,2,5,3
"9402",11047,8,0,-8
"9403",11048,1,3,2
"9404",11049,0,1,1
"9405",11050,0,1,1
"9406",11051,0,4,4
"9407",11052,1,2,1
"9408",11054,1,0,-1
"9409",11055,3,7,4
"9410",11056,2,6,4
"9411",11057,0,1,1
"9412",11058,2,0,-2
"9413",11059,1,1,0
"9414",11060,2,2,0
"9415",11061,2,1,-1
"9416",11062,4,9,5
"9417",11063,1,0,-1
"9418",11064,8,6,-2
"9419",11065,0,1,1
"9420",11066,1,2,1
"9421",11067,20,11,-9
"9422",11068,2,1,-1
"9423",11069,0,2,2
"9424",11070,7,4,-3
"9425",11071,1,3,2
"9426",11072,1,0,-1
"9427",11073,0,6,6
"9428",11074,0,6,6
"9429",11075,1,1,0
"9430",11076,2,2,0
"9431",11077,0,1,1
"9432",11078,17,20,3
"9433",11079,0,1,1
"9434",11080,2,6,4
"9435",11081,3,2,-1
"9436",11082,1,9,8
"9437",11083,4,1,-3
"9438",11084,1,0,-1
"9439",11085,1,2,1
"9440",11087,2,2,0
"9441",11088,4,4,0
"9442",11089,0,2,2
"9443",11090,3,3,0
"9444",11092,3,1,-2
"9445",11093,0,4,4
"9446",11094,0,1,1
"9447",11095,4,2,-2
"9448",11096,2,0,-2
"9449",11097,1,1,0
"9450",11098,0,6,6
"9451",11099,5,0,-5
"9452",11100,1,3,2
"9453",11101,2,0,-2
"9454",11102,2,3,1
"9455",11103,0,1,1
"9456",11104,0,2,2
"9457",11105,0,3,3
"9458",11106,7,14,7
"9459",11107,1,1,0
"9460",11108,1,0,-1
"9461",11109,1,0,-1
"9462",11110,3,0,-3
"9463",11111,1,4,3
"9464",11112,4,5,1
"9465",11113,24,27,3
"9466",11114,0,3,3
"9467",11116,24,23,-1
"9468",11118,0,5,5
"9469",11119,1,0,-1
"9470",11121,0,2,2
"9471",11122,0,3,3
"9472",11123,2,3,1
"9473",11124,0,1,1
"9474",11125,5,3,-2
"9475",11127,3,15,12
"9476",11128,0,1,1
"9477",11129,1,3,2
"9478",11130,0,1,1
"9479",11131,0,3,3
"9480",11132,1,1,0
"9481",11133,2,0,-2
"9482",11134,2,4,2
"9483",11135,0,3,3
"9484",11136,9,23,14
"9485",11137,0,4,4
"9486",11138,1,0,-1
"9487",11139,4,1,-3
"9488",11140,2,1,-1
"9489",11141,0,3,3
"9490",11142,2,2,0
"9491",11144,13,26,13
"9492",11145,10,4,-6
"9493",11146,1,0,-1
"9494",11147,1,2,1
"9495",11148,4,4,0
"9496",11150,0,2,2
"9497",11151,0,1,1
"9498",11152,1,1,0
"9499",11154,2,0,-2
"9500",11157,0,1,1
"9501",11158,24,12,-12
"9502",11159,1,3,2
"9503",11160,3,1,-2
"9504",11161,5,1,-4
"9505",11162,2,3,1
"9506",11163,3,2,-1
"9507",11164,2,2,0
"9508",11165,4,1,-3
"9509",11166,3,6,3
"9510",11167,1,1,0
"9511",11168,1,0,-1
"9512",11169,1,6,5
"9513",11170,4,5,1
"9514",11171,0,2,2
"9515",11172,5,6,1
"9516",11173,2,0,-2
"9517",11174,3,1,-2
"9518",11176,5,3,-2
"9519",11177,1,1,0
"9520",11178,5,8,3
"9521",11181,3,0,-3
"9522",11182,1,1,0
"9523",11183,13,7,-6
"9524",11184,1,1,0
"9525",11185,0,2,2
"9526",11186,2,2,0
"9527",11187,11,0,-11
"9528",11188,1,0,-1
"9529",11189,0,5,5
"9530",11190,0,4,4
"9531",11191,0,1,1
"9532",11192,6,14,8
"9533",11193,2,2,0
"9534",11194,0,3,3
"9535",11195,2,2,0
"9536",11196,0,1,1
"9537",11197,1,0,-1
"9538",11198,1,0,-1
"9539",11199,6,3,-3
"9540",11200,0,1,1
"9541",11201,6,2,-4
"9542",11202,2,2,0
"9543",11203,0,6,6
"9544",11205,3,2,-1
"9545",11206,3,2,-1
"9546",11208,6,2,-4
"9547",11209,15,30,15
"9548",11210,1,0,-1
"9549",11211,0,3,3
"9550",11212,0,1,1
"9551",11213,3,10,7
"9552",11214,1,2,1
"9553",11215,7,5,-2
"9554",11216,2,2,0
"9555",11217,13,17,4
"9556",11219,1,1,0
"9557",11220,2,2,0
"9558",11221,1,0,-1
"9559",11222,1,0,-1
"9560",11223,2,1,-1
"9561",11224,2,4,2
"9562",11226,21,33,12
"9563",11227,3,1,-2
"9564",11228,1,1,0
"9565",11230,5,3,-2
"9566",11232,4,9,5
"9567",11233,1,4,3
"9568",11234,2,1,-1
"9569",11238,20,14,-6
"9570",11239,20,14,-6
"9571",11240,2,0,-2
"9572",11241,0,2,2
"9573",11242,1,0,-1
"9574",11243,0,1,1
"9575",11244,0,3,3
"9576",11245,1,3,2
"9577",11246,1,4,3
"9578",11247,2,1,-1
"9579",11250,1,6,5
"9580",11253,2,1,-1
"9581",11254,1,1,0
"9582",11255,2,2,0
"9583",11257,8,2,-6
"9584",11258,1,2,1
"9585",11259,0,1,1
"9586",11260,1,2,1
"9587",11261,9,3,-6
"9588",11262,2,1,-1
"9589",11263,2,1,-1
"9590",11264,2,1,-1
"9591",11265,5,2,-3
"9592",11266,7,4,-3
"9593",11267,2,0,-2
"9594",11268,2,3,1
"9595",11269,3,2,-1
"9596",11271,0,1,1
"9597",11273,1,0,-1
"9598",11274,0,1,1
"9599",11276,0,1,1
"9600",11277,1,0,-1
"9601",11278,1,5,4
"9602",11279,3,2,-1
"9603",11281,0,1,1
"9604",11282,1,1,0
"9605",11283,0,1,1
"9606",11285,4,10,6
"9607",11286,2,1,-1
"9608",11287,2,7,5
"9609",11289,2,7,5
"9610",11291,5,2,-3
"9611",11293,4,2,-2
"9612",11294,1,2,1
"9613",11295,1,5,4
"9614",11296,0,1,1
"9615",11297,1,1,0
"9616",11300,4,2,-2
"9617",11301,1,3,2
"9618",11302,4,3,-1
"9619",11303,10,5,-5
"9620",11304,13,6,-7
"9621",11305,1,3,2
"9622",11306,9,0,-9
"9623",11308,0,1,1
"9624",11310,0,1,1
"9625",11311,5,4,-1
"9626",11314,2,1,-1
"9627",11315,8,4,-4
"9628",11316,0,1,1
"9629",11318,11,8,-3
"9630",11319,0,1,1
"9631",11320,5,8,3
"9632",11323,12,10,-2
"9633",11324,7,7,0
"9634",11325,0,1,1
"9635",11326,3,1,-2
"9636",11327,2,0,-2
"9637",11328,1,1,0
"9638",11329,3,2,-1
"9639",11330,2,0,-2
"9640",11331,5,1,-4
"9641",11332,3,4,1
"9642",11333,4,2,-2
"9643",11334,2,5,3
"9644",11335,1,1,0
"9645",11336,4,8,4
"9646",11337,13,10,-3
"9647",11338,1,0,-1
"9648",11339,4,1,-3
"9649",11340,2,2,0
"9650",11341,7,2,-5
"9651",11342,1,2,1
"9652",11343,1,1,0
"9653",11346,10,4,-6
"9654",11347,0,1,1
"9655",11348,1,0,-1
"9656",11350,7,3,-4
"9657",11351,1,2,1
"9658",11352,0,1,1
"9659",11353,0,1,1
"9660",11354,0,1,1
"9661",11355,1,0,-1
"9662",11357,1,0,-1
"9663",11359,6,4,-2
"9664",11360,3,2,-1
"9665",11361,4,1,-3
"9666",11362,4,2,-2
"9667",11363,0,1,1
"9668",11365,0,2,2
"9669",11366,2,0,-2
"9670",11367,1,1,0
"9671",11369,3,1,-2
"9672",11370,3,2,-1
"9673",11371,1,0,-1
"9674",11373,2,2,0
"9675",11374,0,2,2
"9676",11375,1,1,0
"9677",11376,1,1,0
"9678",11377,0,1,1
"9679",11378,3,0,-3
"9680",11380,7,3,-4
"9681",11381,1,1,0
"9682",11382,1,0,-1
"9683",11383,31,39,8
"9684",11384,0,3,3
"9685",11385,1,2,1
"9686",11386,0,1,1
"9687",11387,5,2,-3
"9688",11389,1,1,0
"9689",11390,4,7,3
"9690",11391,1,3,2
"9691",11392,0,2,2
"9692",11393,1,0,-1
"9693",11394,2,1,-1
"9694",11395,1,2,1
"9695",11397,3,1,-2
"9696",11398,4,8,4
"9697",11399,5,0,-5
"9698",11400,2,1,-1
"9699",11401,0,7,7
"9700",11402,1,1,0
"9701",11403,3,0,-3
"9702",11404,3,1,-2
"9703",11405,5,3,-2
"9704",11406,1,1,0
"9705",11407,3,1,-2
"9706",11408,3,3,0
"9707",11409,4,8,4
"9708",11410,3,2,-1
"9709",11411,0,1,1
"9710",11413,0,1,1
"9711",11414,3,7,4
"9712",11415,1,2,1
"9713",11416,30,26,-4
"9714",11417,102,84,-18
"9715",11418,5,1,-4
"9716",11419,28,33,5
"9717",11422,1,0,-1
"9718",11423,0,9,9
"9719",11424,0,2,2
"9720",11425,0,2,2
"9721",11426,4,5,1
"9722",11427,2,0,-2
"9723",11428,0,3,3
"9724",11429,0,1,1
"9725",11430,0,1,1
"9726",11431,2,1,-1
"9727",11432,27,32,5
"9728",11433,0,5,5
"9729",11434,0,1,1
"9730",11435,36,45,9
"9731",11436,15,12,-3
"9732",11437,1,2,1
"9733",11438,0,1,1
"9734",11439,9,6,-3
"9735",11440,19,15,-4
"9736",11441,0,1,1
"9737",11442,0,2,2
"9738",11443,5,7,2
"9739",11444,0,1,1
"9740",11446,1,1,0
"9741",11448,4,3,-1
"9742",11449,2,3,1
"9743",11450,1,0,-1
"9744",11451,2,0,-2
"9745",11452,0,2,2
"9746",11453,3,1,-2
"9747",11454,129,102,-27
"9748",11455,1,0,-1
"9749",11456,34,38,4
"9750",11457,0,1,1
"9751",11458,0,2,2
"9752",11461,2,8,6
"9753",11463,3,1,-2
"9754",11464,0,1,1
"9755",11465,1,1,0
"9756",11467,1,8,7
"9757",11469,1,1,0
"9758",11470,10,13,3
"9759",11471,4,0,-4
"9760",11472,1,7,6
"9761",11474,0,6,6
"9762",11475,3,8,5
"9763",11476,0,1,1
"9764",11477,0,3,3
"9765",11478,1,8,7
"9766",11479,5,5,0
"9767",11480,1,0,-1
"9768",11481,4,5,1
"9769",11482,1,1,0
"9770",11483,1,0,-1
"9771",11484,0,1,1
"9772",11485,1,0,-1
"9773",11486,0,1,1
"9774",11487,6,8,2
"9775",11488,0,1,1
"9776",11490,1,0,-1
"9777",11491,1,7,6
"9778",11492,2,2,0
"9779",11493,34,41,7
"9780",11494,0,3,3
"9781",11495,1,0,-1
"9782",11496,4,1,-3
"9783",11498,8,3,-5
"9784",11500,1,6,5
"9785",11501,1,0,-1
"9786",11502,0,6,6
"9787",11503,3,0,-3
"9788",11504,1,0,-1
"9789",11505,0,5,5
"9790",11506,0,2,2
"9791",11507,1,1,0
"9792",11508,0,1,1
"9793",11509,2,6,4
"9794",11510,1,6,5
"9795",11511,1,1,0
"9796",11512,1,0,-1
"9797",11513,3,1,-2
"9798",11515,3,4,1
"9799",11516,0,2,2
"9800",11517,1,0,-1
"9801",11518,0,1,1
"9802",11519,1,1,0
"9803",11520,1,1,0
"9804",11524,1,1,0
"9805",11526,2,4,2
"9806",11527,1,1,0
"9807",11528,1,0,-1
"9808",11529,0,5,5
"9809",11531,1,1,0
"9810",11533,1,5,4
"9811",11534,1,0,-1
"9812",11535,3,9,6
"9813",11536,2,0,-2
"9814",11537,0,2,2
"9815",11538,0,1,1
"9816",11539,1,1,0
"9817",11540,2,3,1
"9818",11541,4,8,4
"9819",11542,2,4,2
"9820",11543,0,1,1
"9821",11545,1,1,0
"9822",11547,0,7,7
"9823",11548,2,2,0
"9824",11549,0,3,3
"9825",11551,1,2,1
"9826",11552,0,1,1
"9827",11553,2,0,-2
"9828",11554,1,2,1
"9829",11555,1,0,-1
"9830",11556,3,13,10
"9831",11557,3,4,1
"9832",11558,1,2,1
"9833",11559,0,1,1
"9834",11562,1,2,1
"9835",11564,0,3,3
"9836",11565,3,0,-3
"9837",11567,0,5,5
"9838",11568,2,4,2
"9839",11569,1,0,-1
"9840",11570,120,76,-44
"9841",11572,0,2,2
"9842",11573,1,0,-1
"9843",11574,1,0,-1
"9844",11575,0,1,1
"9845",11576,1,1,0
"9846",11577,1,0,-1
"9847",11578,129,86,-43
"9848",11579,0,1,1
"9849",11580,0,1,1
"9850",11581,4,5,1
"9851",11583,24,25,1
"9852",11584,0,1,1
"9853",11586,0,1,1
"9854",11588,0,1,1
"9855",11589,0,4,4
"9856",11590,0,1,1
"9857",11591,0,2,2
"9858",11592,1,1,0
"9859",11593,1,5,4
"9860",11594,0,2,2
"9861",11595,1,0,-1
"9862",11596,1,1,0
"9863",11597,1,2,1
"9864",11598,0,2,2
"9865",11599,4,3,-1
"9866",11600,1,1,0
"9867",11601,2,0,-2
"9868",11603,0,5,5
"9869",11604,4,10,6
"9870",11605,21,29,8
"9871",11606,11,20,9
"9872",11607,1,0,-1
"9873",11609,1,0,-1
"9874",11610,1,1,0
"9875",11611,2,0,-2
"9876",11612,3,2,-1
"9877",11613,1,9,8
"9878",11614,0,1,1
"9879",11615,0,1,1
"9880",11616,4,4,0
"9881",11617,1,3,2
"9882",11620,1,2,1
"9883",11621,5,0,-5
"9884",11623,3,4,1
"9885",11624,2,7,5
"9886",11625,1,2,1
"9887",11626,3,1,-2
"9888",11628,1,0,-1
"9889",11629,1,2,1
"9890",11630,2,8,6
"9891",11631,2,4,2
"9892",11632,1,1,0
"9893",11633,0,2,2
"9894",11635,1,0,-1
"9895",11636,0,6,6
"9896",11637,0,1,1
"9897",11638,0,1,1
"9898",11639,1,3,2
"9899",11642,2,0,-2
"9900",11643,7,3,-4
"9901",11644,0,2,2
"9902",11645,0,1,1
"9903",11646,0,1,1
"9904",11648,0,7,7
"9905",11649,0,1,1
"9906",11650,1,0,-1
"9907",11651,1,0,-1
"9908",11652,10,6,-4
"9909",11653,1,3,2
"9910",11654,7,1,-6
"9911",11655,1,1,0
"9912",11656,1,0,-1
"9913",11657,0,1,1
"9914",11658,0,1,1
"9915",11659,17,20,3
"9916",11660,5,0,-5
"9917",11661,2,0,-2
"9918",11662,2,0,-2
"9919",11663,1,0,-1
"9920",11664,6,6,0
"9921",11665,1,1,0
"9922",11666,8,11,3
"9923",11667,1,3,2
"9924",11669,32,34,2
"9925",11670,8,5,-3
"9926",11674,3,2,-1
"9927",11675,1,0,-1
"9928",11676,0,7,7
"9929",11677,1,2,1
"9930",11679,1,0,-1
"9931",11681,1,0,-1
"9932",11682,7,1,-6
"9933",11683,2,0,-2
"9934",11684,0,1,1
"9935",11686,0,4,4
"9936",11687,1,0,-1
"9937",11688,0,5,5
"9938",11690,0,2,2
"9939",11691,4,5,1
"9940",11693,1,0,-1
"9941",11694,1,0,-1
"9942",11697,0,2,2
"9943",11698,3,0,-3
"9944",11699,5,3,-2
"9945",11700,1,1,0
"9946",11701,0,5,5
"9947",11702,0,1,1
"9948",11703,0,1,1
"9949",11704,6,4,-2
"9950",11705,1,0,-1
"9951",11706,2,10,8
"9952",11707,1,0,-1
"9953",11709,0,2,2
"9954",11710,0,2,2
"9955",11711,0,4,4
"9956",11712,1,2,1
"9957",11713,5,2,-3
"9958",11714,3,4,1
"9959",11715,1,0,-1
"9960",11716,0,2,2
"9961",11717,0,4,4
"9962",11718,0,1,1
"9963",11720,1,2,1
"9964",11721,1,7,6
"9965",11722,1,1,0
"9966",11723,1,0,-1
"9967",11724,0,6,6
"9968",11725,1,0,-1
"9969",11726,1,0,-1
"9970",11727,6,1,-5
"9971",11728,1,2,1
"9972",11729,0,2,2
"9973",11730,0,4,4
"9974",11731,6,7,1
"9975",11732,0,3,3
"9976",11734,1,2,1
"9977",11735,0,3,3
"9978",11736,0,1,1
"9979",11737,2,2,0
"9980",11738,5,15,10
"9981",11739,2,4,2
"9982",11740,3,1,-2
"9983",11741,5,9,4
"9984",11743,2,0,-2
"9985",11744,2,2,0
"9986",11745,5,5,0
"9987",11746,1,6,5
"9988",11747,0,2,2
"9989",11748,4,3,-1
"9990",11749,1,1,0
"9991",11750,0,2,2
"9992",11751,1,1,0
"9993",11752,3,2,-1
"9994",11753,4,3,-1
"9995",11755,3,1,-2
"9996",11756,3,4,1
"9997",11758,1,5,4
"9998",11759,4,3,-1
"9999",11760,4,2,-2
"10000",11761,0,1,1
"10001",11763,1,10,9
"10002",11764,2,2,0
"10003",11765,1,2,1
"10004",11766,0,1,1
"10005",11767,3,3,0
"10006",11768,1,1,0
"10007",11769,2,10,8
"10008",11770,1,1,0
"10009",11772,1,1,0
"10010",11773,1,1,0
"10011",11774,0,1,1
"10012",11775,1,2,1
"10013",11777,0,3,3
"10014",11779,5,3,-2
"10015",11780,0,1,1
"10016",11781,0,1,1
"10017",11782,0,1,1
"10018",11783,8,4,-4
"10019",11784,2,4,2
"10020",11785,65,28,-37
"10021",11787,2,1,-1
"10022",11789,1,1,0
"10023",11790,11,6,-5
"10024",11791,0,2,2
"10025",11792,4,4,0
"10026",11794,2,1,-1
"10027",11795,3,4,1
"10028",11798,1,3,2
"10029",11799,2,2,0
"10030",11800,0,2,2
"10031",11801,1,0,-1
"10032",11802,2,3,1
"10033",11803,0,2,2
"10034",11805,3,0,-3
"10035",11807,0,1,1
"10036",11808,3,6,3
"10037",11809,2,1,-1
"10038",11810,2,1,-1
"10039",11811,1,0,-1
"10040",11812,0,2,2
"10041",11813,0,2,2
"10042",11815,0,2,2
"10043",11816,2,1,-1
"10044",11817,0,1,1
"10045",11819,9,5,-4
"10046",11820,1,1,0
"10047",11821,0,2,2
"10048",11822,9,7,-2
"10049",11823,0,4,4
"10050",11824,1,1,0
"10051",11825,1,9,8
"10052",11827,3,2,-1
"10053",11829,1,0,-1
"10054",11830,0,1,1
"10055",11831,4,2,-2
"10056",11832,2,2,0
"10057",11834,0,2,2
"10058",11835,2,0,-2
"10059",11836,0,3,3
"10060",11837,3,1,-2
"10061",11839,2,6,4
"10062",11840,2,2,0
"10063",11841,1,0,-1
"10064",11842,0,1,1
"10065",11843,2,7,5
"10066",11844,0,4,4
"10067",11846,1,2,1
"10068",11847,2,0,-2
"10069",11848,0,1,1
"10070",11849,4,2,-2
"10071",11850,0,2,2
"10072",11852,3,3,0
"10073",11853,0,1,1
"10074",11854,1,1,0
"10075",11855,2,4,2
"10076",11856,1,2,1
"10077",11858,1,1,0
"10078",11859,2,0,-2
"10079",11861,1,1,0
"10080",11866,1,3,2
"10081",11867,1,3,2
"10082",11868,0,2,2
"10083",11869,8,6,-2
"10084",11870,2,6,4
"10085",11871,0,1,1
"10086",11872,0,2,2
"10087",11873,1,5,4
"10088",11874,0,1,1
"10089",11875,0,1,1
"10090",11876,5,11,6
"10091",11877,8,2,-6
"10092",11878,1,2,1
"10093",11879,0,1,1
"10094",11880,0,1,1
"10095",11881,0,1,1
"10096",11882,2,2,0
"10097",11883,0,1,1
"10098",11884,7,4,-3
"10099",11885,2,2,0
"10100",11886,3,3,0
"10101",11887,2,2,0
"10102",11888,1,1,0
"10103",11890,0,1,1
"10104",11891,5,4,-1
"10105",11892,7,5,-2
"10106",11893,1,0,-1
"10107",11895,3,1,-2
"10108",11896,5,4,-1
"10109",11897,0,1,1
"10110",11899,1,2,1
"10111",11900,3,4,1
"10112",11901,2,2,0
"10113",11905,0,5,5
"10114",11906,0,1,1
"10115",11908,0,1,1
"10116",11909,3,2,-1
"10117",11910,1,2,1
"10118",11912,1,1,0
"10119",11915,0,1,1
"10120",11929,1,0,-1
"10121",11931,1,0,-1
"10122",11942,1,0,-1
"10123",11948,1,0,-1
"10124",11955,0,1,1
"10125",11979,1,0,-1
"10126",11996,1,1,0
"10127",11997,2,1,-1
"10128",12000,1,0,-1
"10129",12001,9,7,-2
"10130",12003,1,0,-1
"10131",12004,2,1,-1
"10132",12005,0,2,2
"10133",12007,1,0,-1
"10134",12010,3,6,3
"10135",12011,6,8,2
"10136",12013,8,2,-6
"10137",12014,6,3,-3
"10138",12015,0,1,1
"10139",12016,0,1,1
"10140",12017,7,4,-3
"10141",12018,2,0,-2
"10142",12019,0,1,1
"10143",12023,3,2,-1
"10144",12057,1,0,-1
"10145",12061,1,0,-1
"10146",12067,0,1,1
"10147",12085,1,0,-1
"10148",12087,1,0,-1
"10149",12111,1,0,-1
"10150",12116,0,1,1
"10151",12125,1,0,-1
"10152",12129,0,1,1
"10153",12135,1,0,-1
"10154",12139,2,0,-2
"10155",12175,1,0,-1
"10156",12191,0,1,1
"10157",12206,1,0,-1
"10158",12216,5,5,0
"10159",12217,1,0,-1
"10160",12218,3,5,2
"10161",12219,3,4,1
"10162",12220,3,4,1
"10163",12221,3,4,1
"10164",12223,3,3,0
"10165",12224,2,4,2
"10166",12225,1,1,0
"10167",12226,3,6,3
"10168",12227,3,0,-3
"10169",12228,3,4,1
"10170",12230,1,1,0
"10171",12231,1,3,2
"10172",12232,3,1,-2
"10173",12234,1,2,1
"10174",12235,0,3,3
"10175",12236,7,6,-1
"10176",12237,1,0,-1
"10177",12238,1,1,0
"10178",12240,0,1,1
"10179",12242,1,0,-1
"10180",12244,1,2,1
"10181",12247,0,1,1
"10182",12253,2,0,-2
"10183",12254,1,1,0
"10184",12255,0,1,1
"10185",12257,18,10,-8
"10186",12259,1,4,3
"10187",12260,1,0,-1
"10188",12262,0,1,1
"10189",12263,0,1,1
"10190",12264,0,3,3
"10191",12265,2,1,-1
"10192",12266,0,4,4
"10193",12267,2,0,-2
"10194",12269,0,3,3
"10195",12273,0,3,3
"10196",12274,1,1,0
"10197",12275,0,1,1
"10198",12276,1,1,0
"10199",12277,1,2,1
"10200",12278,1,4,3
"10201",12279,1,10,9
"10202",12280,0,2,2
"10203",12281,1,1,0
"10204",12282,0,1,1
"10205",12284,1,2,1
"10206",12285,3,5,2
"10207",12287,1,0,-1
"10208",12288,1,0,-1
"10209",12290,1,2,1
"10210",12291,5,3,-2
"10211",12292,0,3,3
"10212",12293,0,1,1
"10213",12294,1,0,-1
"10214",12296,1,0,-1
"10215",12297,1,0,-1
"10216",12298,0,2,2
"10217",12300,1,0,-1
"10218",12301,0,1,1
"10219",12302,0,1,1
"10220",12303,5,5,0
"10221",12304,0,2,2
"10222",12305,2,0,-2
"10223",12306,1,2,1
"10224",12307,2,2,0
"10225",12308,4,2,-2
"10226",12309,3,2,-1
"10227",12310,1,3,2
"10228",12311,4,5,1
"10229",12312,5,9,4
"10230",12313,10,6,-4
"10231",12314,10,5,-5
"10232",12315,1,0,-1
"10233",12316,1,1,0
"10234",12317,2,0,-2
"10235",12318,3,2,-1
"10236",12319,1,0,-1
"10237",12320,3,7,4
"10238",12322,1,0,-1
"10239",12323,2,0,-2
"10240",12324,1,1,0
"10241",12325,1,0,-1
"10242",12326,0,1,1
"10243",12327,0,1,1
"10244",12329,1,0,-1
"10245",12331,1,6,5
"10246",12332,2,1,-1
"10247",12334,2,0,-2
"10248",12337,1,10,9
"10249",12338,2,0,-2
"10250",12339,5,3,-2
"10251",12342,2,0,-2
"10252",12343,2,1,-1
"10253",12345,2,0,-2
"10254",12346,1,0,-1
"10255",12347,5,3,-2
"10256",12349,2,1,-1
"10257",12350,3,2,-1
"10258",12351,2,0,-2
"10259",12352,1,3,2
"10260",12353,3,1,-2
"10261",12354,5,4,-1
"10262",12355,0,1,1
"10263",12357,1,0,-1
"10264",12358,2,0,-2
"10265",12359,0,2,2
"10266",12360,1,1,0
"10267",12362,1,1,0
"10268",12363,2,6,4
"10269",12364,1,4,3
"10270",12365,5,4,-1
"10271",12366,1,1,0
"10272",12367,1,3,2
"10273",12369,2,3,1
"10274",12371,1,0,-1
"10275",12372,2,7,5
"10276",12373,0,1,1
"10277",12374,1,0,-1
"10278",12375,5,8,3
"10279",12376,6,8,2
"10280",12377,2,1,-1
"10281",12378,2,0,-2
"10282",12379,0,1,1
"10283",12380,4,0,-4
"10284",12381,1,0,-1
"10285",12382,1,3,2
"10286",12383,5,3,-2
"10287",12384,2,0,-2
"10288",12389,0,1,1
"10289",12390,0,1,1
"10290",12391,3,1,-2
"10291",12392,1,1,0
"10292",12393,2,6,4
"10293",12394,8,5,-3
"10294",12398,0,2,2
"10295",12399,0,1,1
"10296",12400,5,5,0
"10297",12401,2,4,2
"10298",12402,0,1,1
"10299",12405,0,1,1
"10300",12407,3,1,-2
"10301",12408,0,1,1
"10302",12409,3,1,-2
"10303",12410,0,1,1
"10304",12411,2,0,-2
"10305",12412,1,4,3
"10306",12413,1,1,0
"10307",12414,3,0,-3
"10308",12415,2,1,-1
"10309",12416,1,1,0
"10310",12417,2,4,2
"10311",12418,3,6,3
"10312",12419,0,1,1
"10313",12420,1,0,-1
"10314",12421,0,2,2
"10315",12422,2,4,2
"10316",12423,3,1,-2
"10317",12424,2,1,-1
"10318",12425,1,1,0
"10319",12427,0,1,1
"10320",12428,2,3,1
"10321",12429,1,1,0
"10322",12430,2,2,0
"10323",12435,2,1,-1
"10324",12436,2,2,0
"10325",12437,4,4,0
"10326",12438,0,1,1
"10327",12439,1,0,-1
"10328",12440,3,1,-2
"10329",12441,2,0,-2
"10330",12443,1,0,-1
"10331",12444,0,1,1
"10332",12445,4,8,4
"10333",12446,1,1,0
"10334",12447,1,0,-1
"10335",12448,0,1,1
"10336",12449,2,0,-2
"10337",12450,2,0,-2
"10338",12451,0,1,1
"10339",12452,3,2,-1
"10340",12453,2,0,-2
"10341",12455,0,4,4
"10342",12456,1,0,-1
"10343",12457,5,2,-3
"10344",12458,4,2,-2
"10345",12459,3,3,0
"10346",12460,1,1,0
"10347",12461,1,0,-1
"10348",12462,2,3,1
"10349",12463,2,0,-2
"10350",12464,2,3,1
"10351",12465,1,0,-1
"10352",12466,1,1,0
"10353",12467,2,0,-2
"10354",12468,0,1,1
"10355",12470,0,2,2
"10356",12471,8,8,0
"10357",12472,2,0,-2
"10358",12473,0,1,1
"10359",12474,0,4,4
"10360",12475,2,2,0
"10361",12476,1,0,-1
"10362",12477,0,1,1
"10363",12478,0,1,1
"10364",12479,1,0,-1
"10365",12481,4,2,-2
"10366",12483,2,0,-2
"10367",12484,4,2,-2
"10368",12486,1,1,0
"10369",12487,1,1,0
"10370",12489,1,0,-1
"10371",12490,0,1,1
"10372",12491,0,2,2
"10373",12492,1,1,0
"10374",12494,1,1,0
"10375",12495,2,2,0
"10376",12496,0,2,2
"10377",12497,0,3,3
"10378",12500,4,2,-2
"10379",12501,6,7,1
"10380",12502,1,0,-1
"10381",12503,0,2,2
"10382",12504,2,1,-1
"10383",12505,1,0,-1
"10384",12506,1,0,-1
"10385",12508,1,2,1
"10386",12510,0,2,2
"10387",12511,0,2,2
"10388",12512,0,2,2
"10389",12513,12,8,-4
"10390",12514,1,0,-1
"10391",12515,2,1,-1
"10392",12516,0,4,4
"10393",12517,2,2,0
"10394",12519,1,0,-1
"10395",12520,1,3,2
"10396",12521,1,4,3
"10397",12522,4,1,-3
"10398",12524,0,1,1
"10399",12526,3,1,-2
"10400",12527,3,7,4
"10401",12528,1,0,-1
"10402",12529,2,2,0
"10403",12530,2,0,-2
"10404",12531,0,1,1
"10405",12532,1,2,1
"10406",12533,0,2,2
"10407",12534,1,0,-1
"10408",12535,3,1,-2
"10409",12536,0,2,2
"10410",12537,2,0,-2
"10411",12538,1,3,2
"10412",12539,5,8,3
"10413",12540,3,1,-2
"10414",12541,2,2,0
"10415",12542,0,3,3
"10416",12543,2,0,-2
"10417",12544,1,3,2
"10418",12545,2,0,-2
"10419",12547,1,0,-1
"10420",12548,0,2,2
"10421",12549,0,2,2
"10422",12550,0,1,1
"10423",12551,1,1,0
"10424",12552,2,2,0
"10425",12553,1,1,0
"10426",12554,1,2,1
"10427",12555,1,0,-1
"10428",12556,1,0,-1
"10429",12557,1,1,0
"10430",12559,1,0,-1
"10431",12560,1,0,-1
"10432",12561,2,1,-1
"10433",12562,0,1,1
"10434",12563,1,3,2
"10435",12564,0,2,2
"10436",12565,2,2,0
"10437",12566,0,1,1
"10438",12569,1,0,-1
"10439",12570,3,2,-1
"10440",12571,6,3,-3
"10441",12572,0,1,1
"10442",12573,2,0,-2
"10443",12574,1,0,-1
"10444",12575,1,8,7
"10445",12577,2,2,0
"10446",12578,1,2,1
"10447",12579,2,1,-1
"10448",12582,1,2,1
"10449",12583,0,4,4
"10450",12584,0,2,2
"10451",12585,0,5,5
"10452",12586,1,1,0
"10453",12587,1,1,0
"10454",12588,2,1,-1
"10455",12589,7,3,-4
"10456",12590,1,0,-1
"10457",12591,0,1,1
"10458",12592,0,1,1
"10459",12593,5,1,-4
"10460",12594,1,0,-1
"10461",12595,3,5,2
"10462",12596,1,2,1
"10463",12597,3,0,-3
"10464",12600,4,3,-1
"10465",12601,0,1,1
"10466",12602,1,1,0
"10467",12603,0,1,1
"10468",12604,1,2,1
"10469",12606,1,3,2
"10470",12607,3,2,-1
"10471",12610,2,0,-2
"10472",12611,1,0,-1
"10473",12612,4,8,4
"10474",12613,0,1,1
"10475",12614,1,0,-1
"10476",12616,3,1,-2
"10477",12617,5,4,-1
"10478",12618,2,3,1
"10479",12619,2,2,0
"10480",12621,2,3,1
"10481",12622,2,3,1
"10482",12623,3,4,1
"10483",12624,5,0,-5
"10484",12625,0,1,1
"10485",12626,2,1,-1
"10486",12627,4,0,-4
"10487",12628,1,1,0
"10488",12630,3,2,-1
"10489",12632,3,2,-1
"10490",12633,2,0,-2
"10491",12634,5,3,-2
"10492",12635,0,2,2
"10493",12636,2,0,-2
"10494",12637,3,2,-1
"10495",12640,0,1,1
"10496",12641,0,1,1
"10497",12642,3,5,2
"10498",12643,0,3,3
"10499",12644,3,1,-2
"10500",12645,2,1,-1
"10501",12646,3,1,-2
"10502",12647,6,0,-6
"10503",12648,0,2,2
"10504",12650,1,2,1
"10505",12651,2,1,-1
"10506",12652,0,1,1
"10507",12653,1,0,-1
"10508",12654,1,1,0
"10509",12655,3,3,0
"10510",12656,0,1,1
"10511",12657,1,3,2
"10512",12658,2,0,-2
"10513",12659,2,1,-1
"10514",12660,1,0,-1
"10515",12661,1,0,-1
"10516",12663,0,1,1
"10517",12664,2,0,-2
"10518",12665,1,1,0
"10519",12666,1,1,0
"10520",12667,1,7,6
"10521",12668,1,0,-1
"10522",12669,1,4,3
"10523",12670,1,0,-1
"10524",12671,0,3,3
"10525",12672,2,10,8
"10526",12673,2,5,3
"10527",12674,0,5,5
"10528",12675,2,0,-2
"10529",12676,0,1,1
"10530",12677,5,5,0
"10531",12678,1,0,-1
"10532",12680,1,1,0
"10533",12681,1,0,-1
"10534",12682,1,2,1
"10535",12683,6,2,-4
"10536",12685,2,1,-1
"10537",12686,1,1,0
"10538",12688,2,0,-2
"10539",12689,0,1,1
"10540",12690,1,0,-1
"10541",12694,2,4,2
"10542",12695,5,5,0
"10543",12696,0,1,1
"10544",12697,1,1,0
"10545",12699,6,9,3
"10546",12700,4,1,-3
"10547",12701,2,0,-2
"10548",12704,0,1,1
"10549",12705,2,0,-2
"10550",12707,6,2,-4
"10551",12709,2,7,5
"10552",12710,4,0,-4
"10553",12711,5,3,-2
"10554",12712,3,4,1
"10555",12713,0,4,4
"10556",12714,5,3,-2
"10557",12715,1,0,-1
"10558",12716,2,0,-2
"10559",12718,2,2,0
"10560",12719,1,0,-1
"10561",12720,4,3,-1
"10562",12721,4,2,-2
"10563",12722,1,1,0
"10564",12723,1,1,0
"10565",12724,0,1,1
"10566",12726,0,1,1
"10567",12727,4,0,-4
"10568",12728,1,0,-1
"10569",12729,1,0,-1
"10570",12730,0,1,1
"10571",12731,2,1,-1
"10572",12733,1,1,0
"10573",12734,4,2,-2
"10574",12737,0,1,1
"10575",12739,3,8,5
"10576",12740,1,0,-1
"10577",12741,1,3,2
"10578",12742,1,0,-1
"10579",12744,0,1,1
"10580",12747,1,1,0
"10581",12748,3,0,-3
"10582",12749,2,4,2
"10583",12751,2,0,-2
"10584",12752,1,0,-1
"10585",12753,0,3,3
"10586",12755,0,1,1
"10587",12756,9,4,-5
"10588",12757,0,3,3
"10589",12759,0,3,3
"10590",12760,3,4,1
"10591",12761,0,1,1
"10592",12764,4,2,-2
"10593",12765,3,1,-2
"10594",12768,3,3,0
"10595",12769,2,3,1
"10596",12770,6,12,6
"10597",12771,2,1,-1
"10598",12773,1,0,-1
"10599",12776,0,2,2
"10600",12777,5,4,-1
"10601",12779,3,4,1
"10602",12780,2,2,0
"10603",12781,3,1,-2
"10604",12782,2,0,-2
"10605",12783,4,2,-2
"10606",12785,1,4,3
"10607",12787,3,5,2
"10608",12789,0,3,3
"10609",12791,1,1,0
"10610",12792,1,2,1
"10611",12793,1,1,0
"10612",12794,4,2,-2
"10613",12796,1,0,-1
"10614",12797,2,2,0
"10615",12798,2,2,0
"10616",12799,5,2,-3
"10617",12800,1,0,-1
"10618",12801,4,6,2
"10619",12803,4,1,-3
"10620",12804,1,1,0
"10621",12805,4,2,-2
"10622",12807,0,1,1
"10623",12808,0,1,1
"10624",12809,3,4,1
"10625",12810,1,0,-1
"10626",12812,2,2,0
"10627",12813,2,1,-1
"10628",12814,1,2,1
"10629",12816,0,1,1
"10630",12817,2,1,-1
"10631",12818,1,2,1
"10632",12819,3,0,-3
"10633",12820,2,0,-2
"10634",12822,2,1,-1
"10635",12823,3,6,3
"10636",12824,6,2,-4
"10637",12825,8,5,-3
"10638",12827,1,0,-1
"10639",12829,0,1,1
"10640",12831,3,1,-2
"10641",12833,1,0,-1
"10642",12834,4,5,1
"10643",12835,0,1,1
"10644",12836,0,2,2
"10645",12839,2,2,0
"10646",12843,3,2,-1
"10647",12845,3,2,-1
"10648",12846,0,2,2
"10649",12850,0,3,3
"10650",12851,6,2,-4
"10651",12852,1,1,0
"10652",12853,1,1,0
"10653",12854,0,4,4
"10654",12855,1,3,2
"10655",12856,3,0,-3
"10656",12859,0,3,3
"10657",12860,1,0,-1
"10658",12863,1,2,1
"10659",12864,0,1,1
"10660",12865,0,1,1
"10661",12866,13,6,-7
"10662",12868,3,2,-1
"10663",12869,0,3,3
"10664",12870,1,1,0
"10665",12874,1,7,6
"10666",12875,1,2,1
"10667",12876,0,1,1
"10668",12879,2,0,-2
"10669",12881,3,1,-2
"10670",12882,1,2,1
"10671",12884,0,1,1
"10672",12885,2,1,-1
"10673",12886,2,3,1
"10674",12887,2,6,4
"10675",12888,0,4,4
"10676",12889,4,4,0
"10677",12890,0,3,3
"10678",12891,2,0,-2
"10679",12892,1,2,1
"10680",12893,1,5,4
"10681",12894,13,8,-5
"10682",12896,1,0,-1
"10683",12897,3,5,2
"10684",12898,0,3,3
"10685",12901,1,2,1
"10686",12902,0,4,4
"10687",12903,2,2,0
"10688",12904,2,0,-2
"10689",12905,4,1,-3
"10690",12906,1,0,-1
"10691",12907,2,2,0
"10692",12909,1,7,6
"10693",12910,0,2,2
"10694",12911,0,1,1
"10695",12912,0,1,1
"10696",12913,6,9,3
"10697",12914,2,4,2
"10698",12915,2,6,4
"10699",12918,1,0,-1
"10700",12919,0,1,1
"10701",12920,2,0,-2
"10702",12921,0,1,1
"10703",12922,0,2,2
"10704",12923,0,3,3
"10705",12924,3,2,-1
"10706",12925,1,0,-1
"10707",12926,1,2,1
"10708",12927,1,1,0
"10709",12928,1,1,0
"10710",12930,6,1,-5
"10711",12931,1,1,0
"10712",12932,0,1,1
"10713",12933,2,7,5
"10714",12934,0,1,1
"10715",12935,1,0,-1
"10716",12936,0,4,4
"10717",12937,1,2,1
"10718",12938,1,0,-1
"10719",12939,1,2,1
"10720",12941,4,3,-1
"10721",12942,5,3,-2
"10722",12943,0,1,1
"10723",12944,2,2,0
"10724",12946,3,3,0
"10725",12947,3,4,1
"10726",12948,0,3,3
"10727",12949,2,0,-2
"10728",12952,1,5,4
"10729",12953,9,5,-4
"10730",12955,1,1,0
"10731",12956,2,5,3
"10732",12957,6,6,0
"10733",12958,1,0,-1
"10734",12959,0,2,2
"10735",12960,0,1,1
"10736",12961,0,1,1
"10737",12962,10,5,-5
"10738",12964,0,2,2
"10739",12965,0,1,1
"10740",12966,3,3,0
"10741",12967,1,1,0
"10742",12968,1,5,4
"10743",12970,0,1,1
"10744",12971,0,1,1
"10745",12972,5,0,-5
"10746",12973,4,0,-4
"10747",12975,2,6,4
"10748",12976,0,3,3
"10749",12977,2,0,-2
"10750",12978,0,1,1
"10751",12979,7,4,-3
"10752",12980,0,2,2
"10753",12981,1,0,-1
"10754",12982,0,1,1
"10755",12983,0,3,3
"10756",12984,1,2,1
"10757",12986,2,3,1
"10758",12987,1,1,0
"10759",12988,3,0,-3
"10760",12990,2,2,0
"10761",12991,1,0,-1
"10762",12992,0,1,1
"10763",12994,6,8,2
"10764",12995,7,5,-2
"10765",12997,1,0,-1
"10766",12998,0,1,1
"10767",13000,1,0,-1
"10768",13001,1,0,-1
"10769",13002,1,1,0
"10770",13004,2,3,1
"10771",13005,1,1,0
"10772",13007,18,10,-8
"10773",13008,1,0,-1
"10774",13009,1,3,2
"10775",13010,4,2,-2
"10776",13011,1,0,-1
"10777",13012,2,1,-1
"10778",13013,0,1,1
"10779",13014,1,4,3
"10780",13015,2,0,-2
"10781",13016,0,2,2
"10782",13017,7,3,-4
"10783",13018,5,2,-3
"10784",13019,0,2,2
"10785",13020,2,0,-2
"10786",13021,1,0,-1
"10787",13025,5,3,-2
"10788",13026,2,0,-2
"10789",13027,3,1,-2
"10790",13028,2,3,1
"10791",13029,1,1,0
"10792",13030,1,1,0
"10793",13032,2,4,2
"10794",13033,4,3,-1
"10795",13034,2,2,0
"10796",13035,6,3,-3
"10797",13036,2,8,6
"10798",13037,1,0,-1
"10799",13041,1,2,1
"10800",13042,1,0,-1
"10801",13044,1,2,1
"10802",13046,1,1,0
"10803",13047,2,1,-1
"10804",13048,3,2,-1
"10805",13049,1,0,-1
"10806",13050,2,1,-1
"10807",13051,4,3,-1
"10808",13052,4,2,-2
"10809",13053,1,1,0
"10810",13055,1,0,-1
"10811",13056,1,1,0
"10812",13057,0,3,3
"10813",13058,9,10,1
"10814",13059,1,6,5
"10815",13060,6,3,-3
"10816",13061,2,1,-1
"10817",13062,1,0,-1
"10818",13064,1,0,-1
"10819",13065,9,10,1
"10820",13066,2,1,-1
"10821",13067,2,3,1
"10822",13068,1,2,1
"10823",13069,1,0,-1
"10824",13070,5,4,-1
"10825",13071,0,2,2
"10826",13072,1,0,-1
"10827",13073,4,1,-3
"10828",13074,6,7,1
"10829",13075,6,7,1
"10830",13076,6,3,-3
"10831",13077,2,4,2
"10832",13078,0,1,1
"10833",13079,0,5,5
"10834",13080,1,1,0
"10835",13081,4,1,-3
"10836",13082,1,4,3
"10837",13083,6,3,-3
"10838",13084,1,2,1
"10839",13086,2,1,-1
"10840",13087,3,3,0
"10841",13088,3,3,0
"10842",13089,2,2,0
"10843",13090,0,3,3
"10844",13091,1,2,1
"10845",13092,0,1,1
"10846",13093,0,2,2
"10847",13094,5,2,-3
"10848",13095,9,10,1
"10849",13096,2,5,3
"10850",13097,2,3,1
"10851",13098,1,2,1
"10852",13099,1,0,-1
"10853",13100,1,1,0
"10854",13101,0,4,4
"10855",13102,7,6,-1
"10856",13103,7,3,-4
"10857",13104,5,2,-3
"10858",13105,52,25,-27
"10859",13106,1,1,0
"10860",13107,3,3,0
"10861",13108,0,2,2
"10862",13109,2,5,3
"10863",13110,2,4,2
"10864",13111,6,8,2
"10865",13112,2,0,-2
"10866",13113,1,0,-1
"10867",13114,0,6,6
"10868",13115,9,10,1
"10869",13116,1,1,0
"10870",13117,4,7,3
"10871",13118,10,13,3
"10872",13119,0,1,1
"10873",13120,9,6,-3
"10874",13121,3,2,-1
"10875",13123,3,1,-2
"10876",13124,1,2,1
"10877",13125,0,1,1
"10878",13126,1,5,4
"10879",13127,3,3,0
"10880",13128,1,1,0
"10881",13129,12,9,-3
"10882",13131,4,4,0
"10883",13132,1,2,1
"10884",13133,0,3,3
"10885",13135,0,1,1
"10886",13137,1,3,2
"10887",13138,5,1,-4
"10888",13139,2,2,0
"10889",13140,1,3,2
"10890",13142,9,1,-8
"10891",13143,1,4,3
"10892",13144,5,2,-3
"10893",13145,1,4,3
"10894",13147,1,0,-1
"10895",13148,1,1,0
"10896",13149,0,2,2
"10897",13150,0,2,2
"10898",13151,2,0,-2
"10899",13154,5,2,-3
"10900",13157,5,3,-2
"10901",13158,1,3,2
"10902",13159,0,1,1
"10903",13160,0,3,3
"10904",13161,8,2,-6
"10905",13162,2,8,6
"10906",13163,1,0,-1
"10907",13164,12,7,-5
"10908",13165,3,3,0
"10909",13166,5,3,-2
"10910",13167,0,2,2
"10911",13168,1,1,0
"10912",13171,0,2,2
"10913",13173,5,3,-2
"10914",13174,1,2,1
"10915",13176,4,3,-1
"10916",13177,3,2,-1
"10917",13178,1,0,-1
"10918",13179,5,4,-1
"10919",13180,2,0,-2
"10920",13181,2,7,5
"10921",13183,4,7,3
"10922",13185,2,1,-1
"10923",13186,1,2,1
"10924",13187,2,5,3
"10925",13188,2,0,-2
"10926",13189,0,2,2
"10927",13190,1,0,-1
"10928",13191,2,0,-2
"10929",13193,3,1,-2
"10930",13194,0,4,4
"10931",13195,1,0,-1
"10932",13197,7,11,4
"10933",13198,3,2,-1
"10934",13199,0,2,2
"10935",13200,5,4,-1
"10936",13204,3,11,8
"10937",13205,129,102,-27
"10938",13206,1,2,1
"10939",13207,0,1,1
"10940",13210,1,1,0
"10941",13211,1,1,0
"10942",13212,1,1,0
"10943",13213,8,2,-6
"10944",13215,0,3,3
"10945",13218,4,1,-3
"10946",13219,5,5,0
"10947",13223,9,1,-8
"10948",13224,1,1,0
"10949",13226,2,2,0
"10950",13227,3,1,-2
"10951",13230,3,1,-2
"10952",13233,2,4,2
"10953",13234,12,12,0
"10954",13235,1,1,0
"10955",13236,2,4,2
"10956",13237,2,1,-1
"10957",13238,1,0,-1
"10958",13239,2,2,0
"10959",13240,0,2,2
"10960",13241,0,2,2
"10961",13242,1,2,1
"10962",13244,1,6,5
"10963",13245,1,0,-1
"10964",13246,1,0,-1
"10965",13247,2,2,0
"10966",13248,1,4,3
"10967",13249,4,1,-3
"10968",13250,1,0,-1
"10969",13252,1,4,3
"10970",13254,2,0,-2
"10971",13255,1,0,-1
"10972",13257,18,18,0
"10973",13258,3,6,3
"10974",13259,0,1,1
"10975",13260,0,1,1
"10976",13261,0,2,2
"10977",13262,1,2,1
"10978",13263,1,6,5
"10979",13264,0,1,1
"10980",13265,3,9,6
"10981",13266,8,19,11
"10982",13267,3,1,-2
"10983",13268,1,4,3
"10984",13269,0,1,1
"10985",13270,0,5,5
"10986",13271,5,4,-1
"10987",13273,3,1,-2
"10988",13274,15,6,-9
"10989",13275,0,5,5
"10990",13276,1,1,0
"10991",13277,3,1,-2
"10992",13278,3,1,-2
"10993",13279,0,2,2
"10994",13280,3,4,1
"10995",13281,1,0,-1
"10996",13282,1,1,0
"10997",13283,15,6,-9
"10998",13284,3,3,0
"10999",13285,0,2,2
"11000",13286,1,5,4
"11001",13287,2,4,2
"11002",13289,0,3,3
"11003",13290,1,2,1
"11004",13291,0,3,3
"11005",13292,0,1,1
"11006",13293,129,103,-26
"11007",13294,2,2,0
"11008",13295,0,3,3
"11009",13296,0,1,1
"11010",13297,0,2,2
"11011",13298,5,3,-2
"11012",13299,7,11,4
"11013",13300,0,1,1
"11014",13301,6,8,2
"11015",13302,1,4,3
"11016",13303,3,3,0
"11017",13304,4,0,-4
"11018",13305,0,3,3
"11019",13307,12,8,-4
"11020",13308,8,19,11
"11021",13309,3,1,-2
"11022",13310,7,3,-4
"11023",13311,2,0,-2
"11024",13312,18,18,0
"11025",13314,2,0,-2
"11026",13315,15,7,-8
"11027",13316,3,1,-2
"11028",13317,0,2,2
"11029",13318,1,2,1
"11030",13319,2,3,1
"11031",13320,2,2,0
"11032",13321,0,2,2
"11033",13322,5,2,-3
"11034",13323,1,0,-1
"11035",13324,1,2,1
"11036",13325,6,6,0
"11037",13326,0,5,5
"11038",13327,0,5,5
"11039",13329,2,0,-2
"11040",13330,1,1,0
"11041",13331,0,2,2
"11042",13332,5,5,0
"11043",13333,1,2,1
"11044",13334,3,3,0
"11045",13335,0,1,1
"11046",13337,7,11,4
"11047",13338,1,1,0
"11048",13339,0,3,3
"11049",13340,1,2,1
"11050",13341,1,3,2
"11051",13342,1,1,0
"11052",13343,1,2,1
"11053",13344,11,16,5
"11054",13345,2,2,0
"11055",13346,19,18,-1
"11056",13347,0,2,2
"11057",13348,1,1,0
"11058",13349,2,6,4
"11059",13351,2,5,3
"11060",13354,2,1,-1
"11061",13355,1,0,-1
"11062",13356,5,5,0
"11063",13357,4,2,-2
"11064",13358,2,3,1
"11065",13359,1,0,-1
"11066",13360,1,0,-1
"11067",13361,2,5,3
"11068",13362,2,6,4
"11069",13363,0,1,1
"11070",13364,0,3,3
"11071",13365,1,3,2
"11072",13366,1,0,-1
"11073",13367,0,1,1
"11074",13368,1,0,-1
"11075",13369,1,2,1
"11076",13370,2,6,4
"11077",13371,2,0,-2
"11078",13372,0,1,1
"11079",13373,5,1,-4
"11080",13374,4,3,-1
"11081",13375,1,0,-1
"11082",13376,3,1,-2
"11083",13377,3,2,-1
"11084",13378,1,0,-1
"11085",13379,1,12,11
"11086",13380,1,0,-1
"11087",13381,2,5,3
"11088",13383,5,4,-1
"11089",13384,0,7,7
"11090",13385,1,5,4
"11091",13386,7,13,6
"11092",13387,2,3,1
"11093",13388,8,5,-3
"11094",13389,2,1,-1
"11095",13391,2,1,-1
"11096",13392,0,2,2
"11097",13393,0,7,7
"11098",13394,1,0,-1
"11099",13395,10,8,-2
"11100",13396,3,5,2
"11101",13397,1,2,1
"11102",13398,1,0,-1
"11103",13399,1,4,3
"11104",13401,4,2,-2
"11105",13403,0,3,3
"11106",13404,2,14,12
"11107",13405,3,1,-2
"11108",13407,4,4,0
"11109",13408,4,0,-4
"11110",13409,1,3,2
"11111",13411,1,2,1
"11112",13412,1,4,3
"11113",13413,2,5,3
"11114",13414,1,2,1
"11115",13415,0,2,2
"11116",13416,4,0,-4
"11117",13417,1,4,3
"11118",13418,1,2,1
"11119",13421,0,1,1
"11120",13423,2,0,-2
"11121",13424,0,1,1
"11122",13425,4,4,0
"11123",13426,3,0,-3
"11124",13428,2,2,0
"11125",13429,0,2,2
"11126",13430,1,1,0
"11127",13431,2,0,-2
"11128",13432,0,1,1
"11129",13433,4,1,-3
"11130",13436,0,1,1
"11131",13437,0,1,1
"11132",13439,0,4,4
"11133",13441,0,1,1
"11134",13442,4,4,0
"11135",13443,2,0,-2
"11136",13444,2,0,-2
"11137",13445,2,0,-2
"11138",13446,0,1,1
"11139",13447,8,9,1
"11140",13448,4,4,0
"11141",13449,0,4,4
"11142",13450,1,0,-1
"11143",13451,0,2,2
"11144",13452,0,4,4
"11145",13453,1,0,-1
"11146",13454,1,0,-1
"11147",13455,1,0,-1
"11148",13456,7,7,0
"11149",13457,1,0,-1
"11150",13460,2,4,2
"11151",13461,1,0,-1
"11152",13462,0,1,1
"11153",13463,7,4,-3
"11154",13465,2,3,1
"11155",13466,4,5,1
"11156",13467,1,2,1
"11157",13469,1,1,0
"11158",13470,0,2,2
"11159",13471,1,3,2
"11160",13472,1,4,3
"11161",13473,1,1,0
"11162",13474,3,2,-1
"11163",13475,3,2,-1
"11164",13477,2,4,2
"11165",13478,1,0,-1
"11166",13479,1,3,2
"11167",13480,0,1,1
"11168",13481,1,3,2
"11169",13482,1,0,-1
"11170",13483,7,6,-1
"11171",13484,1,4,3
"11172",13485,2,1,-1
"11173",13486,3,5,2
"11174",13487,2,3,1
"11175",13488,0,1,1
"11176",13490,0,1,1
"11177",13494,2,7,5
"11178",13495,0,1,1
"11179",13496,2,1,-1
"11180",13497,1,0,-1
"11181",13498,0,1,1
"11182",13499,0,4,4
"11183",13500,0,2,2
"11184",13501,1,3,2
"11185",13502,1,4,3
"11186",13503,0,2,2
"11187",13504,14,14,0
"11188",13505,5,5,0
"11189",13506,11,14,3
"11190",13507,0,2,2
"11191",13508,0,2,2
"11192",13509,13,28,15
"11193",13510,3,15,12
"11194",13511,0,3,3
"11195",13512,4,8,4
"11196",13513,0,2,2
"11197",13514,2,8,6
"11198",13515,0,2,2
"11199",13516,2,4,2
"11200",13517,19,30,11
"11201",13518,0,2,2
"11202",13519,2,0,-2
"11203",13520,11,22,11
"11204",13521,4,6,2
"11205",13522,2,11,9
"11206",13523,1,4,3
"11207",13524,1,0,-1
"11208",13526,5,0,-5
"11209",13527,5,11,6
"11210",13528,0,2,2
"11211",13529,2,2,0
"11212",13530,1,2,1
"11213",13532,3,11,8
"11214",13533,0,2,2
"11215",13534,1,5,4
"11216",13535,2,19,17
"11217",13537,0,4,4
"11218",13538,7,10,3
"11219",13539,0,1,1
"11220",13540,14,12,-2
"11221",13541,0,5,5
"11222",13542,1,0,-1
"11223",13543,0,2,2
"11224",13544,2,2,0
"11225",13545,1,17,16
"11226",13546,5,8,3
"11227",13547,1,1,0
"11228",13548,0,1,1
"11229",13549,4,1,-3
"11230",13550,11,3,-8
"11231",13551,4,5,1
"11232",13552,1,3,2
"11233",13554,6,15,9
"11234",13556,1,2,1
"11235",13557,9,19,10
"11236",13559,1,0,-1
"11237",13560,4,1,-3
"11238",13561,0,1,1
"11239",13562,2,2,0
"11240",13563,2,3,1
"11241",13564,1,1,0
"11242",13565,1,3,2
"11243",13566,6,4,-2
"11244",13568,6,4,-2
"11245",13569,1,0,-1
"11246",13571,0,1,1
"11247",13572,0,1,1
"11248",13573,9,3,-6
"11249",13574,1,2,1
"11250",13575,0,1,1
"11251",13576,4,3,-1
"11252",13578,1,1,0
"11253",13579,2,4,2
"11254",13580,1,0,-1
"11255",13581,3,4,1
"11256",13582,1,0,-1
"11257",13583,2,6,4
"11258",13584,0,3,3
"11259",13585,6,8,2
"11260",13586,11,9,-2
"11261",13588,4,4,0
"11262",13589,1,2,1
"11263",13590,1,2,1
"11264",13591,0,2,2
"11265",13592,1,0,-1
"11266",13593,1,0,-1
"11267",13594,0,4,4
"11268",13595,0,2,2
"11269",13596,2,0,-2
"11270",13597,2,7,5
"11271",13598,1,2,1
"11272",13599,2,0,-2
"11273",13601,0,2,2
"11274",13602,6,6,0
"11275",13603,7,9,2
"11276",13604,1,0,-1
"11277",13605,1,3,2
"11278",13606,1,2,1
"11279",13607,0,4,4
"11280",13608,0,2,2
"11281",13609,0,1,1
"11282",13610,3,3,0
"11283",13611,2,3,1
"11284",13612,3,3,0
"11285",13614,14,17,3
"11286",13615,2,1,-1
"11287",13616,1,1,0
"11288",13617,2,0,-2
"11289",13618,1,0,-1
"11290",13620,1,1,0
"11291",13621,1,0,-1
"11292",13622,1,0,-1
"11293",13624,0,3,3
"11294",13625,0,3,3
"11295",13626,3,1,-2
"11296",13627,0,2,2
"11297",13629,2,0,-2
"11298",13630,4,1,-3
"11299",13631,3,2,-1
"11300",13632,1,0,-1
"11301",13634,1,3,2
"11302",13635,12,16,4
"11303",13636,2,1,-1
"11304",13637,2,3,1
"11305",13638,6,7,1
"11306",13639,0,2,2
"11307",13642,0,1,1
"11308",13643,2,2,0
"11309",13644,9,3,-6
"11310",13645,0,1,1
"11311",13646,3,1,-2
"11312",13647,0,1,1
"11313",13648,1,0,-1
"11314",13649,5,29,24
"11315",13650,1,0,-1
"11316",13651,8,6,-2
"11317",13652,7,6,-1
"11318",13654,3,12,9
"11319",13656,1,0,-1
"11320",13657,6,9,3
"11321",13658,0,2,2
"11322",13660,1,1,0
"11323",13662,0,14,14
"11324",13663,2,2,0
"11325",13664,1,1,0
"11326",13665,0,2,2
"11327",13666,4,1,-3
"11328",13667,0,1,1
"11329",13668,7,6,-1
"11330",13669,1,0,-1
"11331",13670,4,4,0
"11332",13671,2,5,3
"11333",13672,0,1,1
"11334",13673,2,0,-2
"11335",13674,1,1,0
"11336",13676,0,1,1
"11337",13678,7,7,0
"11338",13679,0,1,1
"11339",13680,5,15,10
"11340",13681,4,1,-3
"11341",13682,0,2,2
"11342",13684,2,5,3
"11343",13685,0,2,2
"11344",13686,2,2,0
"11345",13688,6,5,-1
"11346",13689,3,8,5
"11347",13690,1,0,-1
"11348",13691,1,2,1
"11349",13692,3,3,0
"11350",13693,4,9,5
"11351",13694,3,7,4
"11352",13695,8,10,2
"11353",13696,1,1,0
"11354",13698,3,3,0
"11355",13699,3,3,0
"11356",13700,6,9,3
"11357",13701,1,2,1
"11358",13702,2,2,0
"11359",13703,0,2,2
"11360",13704,10,10,0
"11361",13705,1,3,2
"11362",13707,1,5,4
"11363",13708,7,4,-3
"11364",13709,2,2,0
"11365",13710,1,0,-1
"11366",13711,0,1,1
"11367",13712,6,7,1
"11368",13713,6,6,0
"11369",13716,0,4,4
"11370",13717,5,5,0
"11371",13718,2,0,-2
"11372",13719,1,10,9
"11373",13721,2,5,3
"11374",13722,0,1,1
"11375",13724,0,5,5
"11376",13726,1,0,-1
"11377",13727,1,0,-1
"11378",13728,1,2,1
"11379",13729,2,2,0
"11380",13730,2,5,3
"11381",13731,0,1,1
"11382",13732,3,1,-2
"11383",13733,10,7,-3
"11384",13735,1,1,0
"11385",13737,2,0,-2
"11386",13740,2,3,1
"11387",13741,3,1,-2
"11388",13743,3,0,-3
"11389",13744,4,1,-3
"11390",13745,1,2,1
"11391",13746,1,1,0
"11392",13747,1,1,0
"11393",13748,7,4,-3
"11394",13749,1,2,1
"11395",13750,6,4,-2
"11396",13752,1,4,3
"11397",13753,2,3,1
"11398",13754,2,3,1
"11399",13755,2,5,3
"11400",13756,3,3,0
"11401",13758,4,12,8
"11402",13759,3,3,0
"11403",13760,6,11,5
"11404",13761,2,0,-2
"11405",13764,0,1,1
"11406",13765,0,1,1
"11407",13769,1,0,-1
"11408",13770,1,2,1
"11409",13771,2,0,-2
"11410",13772,0,5,5
"11411",13773,1,2,1
"11412",13774,1,1,0
"11413",13776,2,1,-1
"11414",13778,2,1,-1
"11415",13779,0,1,1
"11416",13780,1,1,0
"11417",13781,1,0,-1
"11418",13783,0,1,1
"11419",13784,4,2,-2
"11420",13785,0,3,3
"11421",13786,1,3,2
"11422",13787,0,3,3
"11423",13788,1,0,-1
"11424",13789,1,0,-1
"11425",13791,3,9,6
"11426",13792,4,1,-3
"11427",13793,1,2,1
"11428",13794,8,4,-4
"11429",13795,1,2,1
"11430",13796,2,2,0
"11431",13797,6,2,-4
"11432",13800,7,8,1
"11433",13801,0,3,3
"11434",13802,2,1,-1
"11435",13804,3,3,0
"11436",13805,1,0,-1
"11437",13806,3,1,-2
"11438",13808,0,2,2
"11439",13811,1,3,2
"11440",13812,7,10,3
"11441",13813,1,0,-1
"11442",13814,3,1,-2
"11443",13815,3,2,-1
"11444",13816,4,1,-3
"11445",13817,2,1,-1
"11446",13818,1,2,1
"11447",13820,1,0,-1
"11448",13821,1,1,0
"11449",13822,0,2,2
"11450",13823,4,0,-4
"11451",13825,3,3,0
"11452",13826,0,1,1
"11453",13827,1,0,-1
"11454",13828,1,0,-1
"11455",13829,2,2,0
"11456",13830,2,2,0
"11457",13831,1,0,-1
"11458",13832,1,0,-1
"11459",13833,1,0,-1
"11460",13834,4,1,-3
"11461",13835,0,1,1
"11462",13837,4,6,2
"11463",13838,1,9,8
"11464",13839,8,11,3
"11465",13840,3,2,-1
"11466",13841,0,1,1
"11467",13842,6,5,-1
"11468",13843,0,1,1
"11469",13844,7,1,-6
"11470",13845,4,4,0
"11471",13846,9,33,24
"11472",13847,0,2,2
"11473",13848,1,0,-1
"11474",13850,0,1,1
"11475",13851,0,3,3
"11476",13852,1,1,0
"11477",13853,3,6,3
"11478",13854,0,2,2
"11479",13855,0,1,1
"11480",13856,14,10,-4
"11481",13857,1,0,-1
"11482",13858,0,1,1
"11483",13859,7,5,-2
"11484",13860,2,2,0
"11485",13861,2,7,5
"11486",13862,2,2,0
"11487",13863,3,4,1
"11488",13864,1,2,1
"11489",13865,0,2,2
"11490",13867,3,0,-3
"11491",13868,1,1,0
"11492",13869,3,1,-2
"11493",13870,4,12,8
"11494",13871,11,18,7
"11495",13872,1,1,0
"11496",13873,3,5,2
"11497",13875,0,6,6
"11498",13876,1,0,-1
"11499",13877,1,0,-1
"11500",13878,12,7,-5
"11501",13880,4,1,-3
"11502",13881,1,3,2
"11503",13882,0,1,1
"11504",13883,1,0,-1
"11505",13884,1,1,0
"11506",13885,8,8,0
"11507",13886,1,0,-1
"11508",13888,2,6,4
"11509",13889,0,3,3
"11510",13890,2,2,0
"11511",13891,1,1,0
"11512",13892,0,3,3
"11513",13893,0,2,2
"11514",13894,3,3,0
"11515",13895,1,2,1
"11516",13896,0,1,1
"11517",13898,2,3,1
"11518",13899,3,4,1
"11519",13900,4,33,29
"11520",13902,2,1,-1
"11521",13903,6,6,0
"11522",13904,1,4,3
"11523",13905,2,3,1
"11524",13906,0,5,5
"11525",13907,2,1,-1
"11526",13908,2,1,-1
"11527",13909,1,1,0
"11528",13910,17,17,0
"11529",13912,0,1,1
"11530",13913,0,2,2
"11531",13914,0,2,2
"11532",13915,1,1,0
"11533",13916,1,3,2
"11534",13917,2,1,-1
"11535",13918,2,2,0
"11536",13919,3,1,-2
"11537",13920,0,1,1
"11538",13921,4,1,-3
"11539",13922,0,1,1
"11540",13923,1,1,0
"11541",13924,0,5,5
"11542",13925,1,2,1
"11543",13926,0,5,5
"11544",13927,4,6,2
"11545",13929,4,2,-2
"11546",13930,0,1,1
"11547",13931,4,14,10
"11548",13932,1,0,-1
"11549",13933,9,16,7
"11550",13934,4,9,5
"11551",13935,2,2,0
"11552",13936,0,1,1
"11553",13937,2,2,0
"11554",13938,1,0,-1
"11555",13939,4,1,-3
"11556",13941,5,1,-4
"11557",13942,2,1,-1
"11558",13943,1,2,1
"11559",13944,4,4,0
"11560",13946,2,0,-2
"11561",13947,1,4,3
"11562",13949,1,0,-1
"11563",13950,1,7,6
"11564",13955,0,1,1
"11565",13956,6,2,-4
"11566",13959,0,2,2
"11567",13960,1,0,-1
"11568",13961,6,8,2
"11569",13962,4,2,-2
"11570",13963,0,1,1
"11571",13966,7,0,-7
"11572",13967,2,8,6
"11573",13968,0,2,2
"11574",13969,1,4,3
"11575",13970,0,1,1
"11576",13972,2,1,-1
"11577",13974,1,3,2
"11578",13975,0,1,1
"11579",13976,5,4,-1
"11580",13977,2,4,2
"11581",13978,3,0,-3
"11582",13979,0,1,1
"11583",13981,4,6,2
"11584",13983,0,1,1
"11585",13984,0,2,2
"11586",13985,2,0,-2
"11587",13986,7,4,-3
"11588",13987,0,2,2
"11589",13988,0,3,3
"11590",13989,4,9,5
"11591",13990,0,4,4
"11592",13991,4,9,5
"11593",13992,5,0,-5
"11594",13993,5,14,9
"11595",13994,1,3,2
"11596",13995,0,1,1
"11597",13996,1,2,1
"11598",13997,6,6,0
"11599",13998,0,5,5
"11600",13999,2,10,8
"11601",14000,2,1,-1
"11602",14001,1,0,-1
"11603",14002,0,5,5
"11604",14003,4,4,0
"11605",14004,1,7,6
"11606",14005,0,4,4
"11607",14006,21,22,1
"11608",14007,1,0,-1
"11609",14008,3,1,-2
"11610",14009,2,25,23
"11611",14010,8,14,6
"11612",14012,1,0,-1
"11613",14013,5,2,-3
"11614",14014,4,1,-3
"11615",14015,0,1,1
"11616",14016,0,4,4
"11617",14017,10,4,-6
"11618",14018,2,3,1
"11619",14019,1,1,0
"11620",14020,2,0,-2
"11621",14021,1,1,0
"11622",14022,1,2,1
"11623",14023,2,5,3
"11624",14024,2,24,22
"11625",14025,1,0,-1
"11626",14026,0,2,2
"11627",14028,1,1,0
"11628",14029,3,3,0
"11629",14030,2,2,0
"11630",14032,4,2,-2
"11631",14033,3,3,0
"11632",14034,6,4,-2
"11633",14037,5,8,3
"11634",14038,1,0,-1
"11635",14040,2,3,1
"11636",14042,7,5,-2
"11637",14043,0,1,1
"11638",14044,3,2,-1
"11639",14046,12,13,1
"11640",14047,3,2,-1
"11641",14048,2,7,5
"11642",14049,2,1,-1
"11643",14050,1,0,-1
"11644",14052,4,3,-1
"11645",14054,0,1,1
"11646",14056,0,2,2
"11647",14057,2,15,13
"11648",14058,6,2,-4
"11649",14059,0,2,2
"11650",14060,5,9,4
"11651",14061,0,2,2
"11652",14062,3,5,2
"11653",14063,3,4,1
"11654",14064,1,3,2
"11655",14065,7,6,-1
"11656",14066,9,7,-2
"11657",14067,9,6,-3
"11658",14068,1,2,1
"11659",14069,2,4,2
"11660",14071,1,6,5
"11661",14072,1,0,-1
"11662",14073,0,4,4
"11663",14074,3,1,-2
"11664",14076,0,1,1
"11665",14077,0,2,2
"11666",14078,2,2,0
"11667",14079,0,1,1
"11668",14080,2,2,0
"11669",14082,1,10,9
"11670",14083,5,10,5
"11671",14084,2,3,1
"11672",14085,1,0,-1
"11673",14086,2,0,-2
"11674",14087,0,1,1
"11675",14088,2,2,0
"11676",14089,6,10,4
"11677",14090,0,2,2
"11678",14091,1,0,-1
"11679",14092,1,1,0
"11680",14096,2,5,3
"11681",14097,1,2,1
"11682",14099,12,4,-8
"11683",14100,0,2,2
"11684",14101,3,6,3
"11685",14102,0,1,1
"11686",14103,1,1,0
"11687",14105,3,1,-2
"11688",14106,6,1,-5
"11689",14108,1,5,4
"11690",14109,1,2,1
"11691",14110,0,1,1
"11692",14111,5,4,-1
"11693",14112,4,2,-2
"11694",14115,0,1,1
"11695",14117,1,3,2
"11696",14118,7,7,0
"11697",14119,0,3,3
"11698",14120,0,2,2
"11699",14122,1,1,0
"11700",14124,7,9,2
"11701",14125,0,1,1
"11702",14126,2,1,-1
"11703",14127,2,1,-1
"11704",14128,3,0,-3
"11705",14129,1,4,3
"11706",14130,4,1,-3
"11707",14131,0,1,1
"11708",14134,0,1,1
"11709",14135,2,0,-2
"11710",14136,4,8,4
"11711",14137,2,1,-1
"11712",14140,3,1,-2
"11713",14141,1,3,2
"11714",14142,0,1,1
"11715",14143,0,2,2
"11716",14144,7,4,-3
"11717",14145,2,1,-1
"11718",14146,6,10,4
"11719",14147,9,14,5
"11720",14148,2,7,5
"11721",14149,0,3,3
"11722",14151,1,0,-1
"11723",14152,15,5,-10
"11724",14153,3,2,-1
"11725",14155,2,1,-1
"11726",14157,1,2,1
"11727",14158,0,1,1
"11728",14159,1,1,0
"11729",14160,0,1,1
"11730",14161,8,12,4
"11731",14162,3,3,0
"11732",14163,5,4,-1
"11733",14164,2,1,-1
"11734",14165,2,0,-2
"11735",14166,2,1,-1
"11736",14167,1,3,2
"11737",14168,0,1,1
"11738",14169,7,6,-1
"11739",14170,1,0,-1
"11740",14171,7,10,3
"11741",14172,2,2,0
"11742",14173,3,4,1
"11743",14174,6,2,-4
"11744",14175,1,2,1
"11745",14176,1,6,5
"11746",14177,1,1,0
"11747",14178,0,2,2
"11748",14179,1,6,5
"11749",14180,4,9,5
"11750",14183,5,3,-2
"11751",14184,1,0,-1
"11752",14185,7,7,0
"11753",14186,1,0,-1
"11754",14187,1,12,11
"11755",14188,1,1,0
"11756",14189,1,2,1
"11757",14190,0,1,1
"11758",14192,1,0,-1
"11759",14193,2,2,0
"11760",14194,0,2,2
"11761",14195,1,6,5
"11762",14196,2,1,-1
"11763",14197,2,2,0
"11764",14198,3,5,2
"11765",14199,1,1,0
"11766",14200,1,0,-1
"11767",14201,12,10,-2
"11768",14202,1,0,-1
"11769",14203,1,0,-1
"11770",14204,0,1,1
"11771",14205,4,0,-4
"11772",14206,4,2,-2
"11773",14207,3,4,1
"11774",14208,0,3,3
"11775",14209,1,1,0
"11776",14210,1,6,5
"11777",14213,5,5,0
"11778",14215,1,0,-1
"11779",14216,1,2,1
"11780",14217,2,0,-2
"11781",14218,0,5,5
"11782",14220,9,7,-2
"11783",14221,2,2,0
"11784",14222,2,13,11
"11785",14224,4,7,3
"11786",14225,0,1,1
"11787",14226,15,14,-1
"11788",14227,6,0,-6
"11789",14228,0,1,1
"11790",14229,12,29,17
"11791",14230,1,1,0
"11792",14231,1,1,0
"11793",14232,1,11,10
"11794",14233,5,2,-3
"11795",14234,1,5,4
"11796",14235,3,0,-3
"11797",14236,11,12,1
"11798",14237,21,9,-12
"11799",14238,0,1,1
"11800",14239,1,1,0
"11801",14240,0,1,1
"11802",14241,0,1,1
"11803",14242,2,3,1
"11804",14243,0,6,6
"11805",14244,0,1,1
"11806",14245,1,3,2
"11807",14246,13,4,-9
"11808",14247,2,1,-1
"11809",14248,1,3,2
"11810",14250,7,6,-1
"11811",14251,1,3,2
"11812",14252,11,8,-3
"11813",14253,1,0,-1
"11814",14254,4,5,1
"11815",14255,0,1,1
"11816",14257,4,3,-1
"11817",14258,0,1,1
"11818",14259,4,2,-2
"11819",14260,2,2,0
"11820",14263,4,8,4
"11821",14264,2,0,-2
"11822",14266,0,2,2
"11823",14267,5,9,4
"11824",14268,36,19,-17
"11825",14269,1,1,0
"11826",14271,2,1,-1
"11827",14272,3,1,-2
"11828",14273,0,2,2
"11829",14275,15,15,0
"11830",14276,5,8,3
"11831",14278,1,0,-1
"11832",14279,2,2,0
"11833",14280,8,6,-2
"11834",14281,1,3,2
"11835",14282,2,2,0
"11836",14283,1,2,1
"11837",14284,2,4,2
"11838",14285,0,1,1
"11839",14286,1,0,-1
"11840",14287,6,3,-3
"11841",14288,7,17,10
"11842",14289,0,4,4
"11843",14290,11,9,-2
"11844",14291,13,23,10
"11845",14292,1,2,1
"11846",14293,0,3,3
"11847",14294,2,3,1
"11848",14296,1,1,0
"11849",14297,1,0,-1
"11850",14298,1,3,2
"11851",14299,1,1,0
"11852",14300,5,0,-5
"11853",14301,0,1,1
"11854",14302,1,6,5
"11855",14303,2,1,-1
"11856",14304,0,2,2
"11857",14307,4,4,0
"11858",14308,1,2,1
"11859",14309,3,3,0
"11860",14310,7,5,-2
"11861",14312,4,1,-3
"11862",14313,1,1,0
"11863",14314,7,10,3
"11864",14315,0,10,10
"11865",14316,1,2,1
"11866",14317,1,1,0
"11867",14319,1,0,-1
"11868",14320,1,0,-1
"11869",14321,1,5,4
"11870",14322,1,1,0
"11871",14323,4,9,5
"11872",14324,0,2,2
"11873",14325,0,2,2
"11874",14326,1,9,8
"11875",14328,1,2,1
"11876",14329,1,0,-1
"11877",14330,1,1,0
"11878",14331,2,0,-2
"11879",14332,2,3,1
"11880",14333,7,4,-3
"11881",14334,5,5,0
"11882",14335,1,0,-1
"11883",14337,0,1,1
"11884",14339,1,1,0
"11885",14340,5,0,-5
"11886",14341,0,1,1
"11887",14342,1,1,0
"11888",14343,1,1,0
"11889",14344,2,4,2
"11890",14345,0,4,4
"11891",14346,0,4,4
"11892",14347,3,3,0
"11893",14348,0,1,1
"11894",14349,4,1,-3
"11895",14350,1,4,3
"11896",14351,4,3,-1
"11897",14352,3,3,0
"11898",14353,0,2,2
"11899",14355,0,5,5
"11900",14356,1,3,2
"11901",14357,4,1,-3
"11902",14358,0,4,4
"11903",14360,1,9,8
"11904",14361,1,1,0
"11905",14362,1,1,0
"11906",14363,1,2,1
"11907",14364,2,3,1
"11908",14365,2,5,3
"11909",14366,2,1,-1
"11910",14367,0,2,2
"11911",14369,3,5,2
"11912",14370,7,12,5
"11913",14371,2,2,0
"11914",14372,1,3,2
"11915",14373,1,2,1
"11916",14374,2,3,1
"11917",14375,1,3,2
"11918",14376,2,0,-2
"11919",14377,1,0,-1
"11920",14378,0,1,1
"11921",14379,5,6,1
"11922",14380,3,1,-2
"11923",14382,3,3,0
"11924",14384,0,1,1
"11925",14385,0,4,4
"11926",14386,2,1,-1
"11927",14388,7,3,-4
"11928",14389,0,9,9
"11929",14390,1,7,6
"11930",14391,4,3,-1
"11931",14392,3,1,-2
"11932",14393,2,2,0
"11933",14394,5,3,-2
"11934",14395,0,4,4
"11935",14396,1,4,3
"11936",14397,3,0,-3
"11937",14398,0,2,2
"11938",14399,3,8,5
"11939",14400,4,2,-2
"11940",14401,1,4,3
"11941",14402,1,1,0
"11942",14403,14,18,4
"11943",14404,1,3,2
"11944",14405,3,1,-2
"11945",14406,1,3,2
"11946",14407,0,1,1
"11947",14408,1,6,5
"11948",14409,3,3,0
"11949",14410,2,2,0
"11950",14411,2,1,-1
"11951",14412,12,12,0
"11952",14413,1,3,2
"11953",14415,0,2,2
"11954",14416,2,2,0
"11955",14417,0,1,1
"11956",14418,3,0,-3
"11957",14419,0,1,1
"11958",14420,1,1,0
"11959",14421,3,4,1
"11960",14422,1,1,0
"11961",14423,1,2,1
"11962",14424,2,4,2
"11963",14425,1,0,-1
"11964",14426,2,2,0
"11965",14427,1,14,13
"11966",14428,0,1,1
"11967",14429,3,2,-1
"11968",14430,0,3,3
"11969",14431,4,3,-1
"11970",14432,0,1,1
"11971",14433,1,0,-1
"11972",14434,1,5,4
"11973",14435,1,1,0
"11974",14436,3,2,-1
"11975",14437,3,2,-1
"11976",14438,7,6,-1
"11977",14439,0,1,1
"11978",14440,1,3,2
"11979",14441,3,1,-2
"11980",14442,10,7,-3
"11981",14443,2,1,-1
"11982",14445,10,5,-5
"11983",14446,2,5,3
"11984",14447,2,2,0
"11985",14448,9,3,-6
"11986",14449,1,0,-1
"11987",14450,3,3,0
"11988",14452,10,7,-3
"11989",14453,0,1,1
"11990",14454,1,0,-1
"11991",14455,1,0,-1
"11992",14456,3,4,1
"11993",14457,0,2,2
"11994",14458,3,5,2
"11995",14459,1,9,8
"11996",14460,3,2,-1
"11997",14461,11,3,-8
"11998",14462,3,1,-2
"11999",14463,10,2,-8
"12000",14464,4,6,2
"12001",14465,1,4,3
"12002",14467,1,0,-1
"12003",14468,1,1,0
"12004",14469,0,1,1
"12005",14470,1,0,-1
"12006",14472,2,1,-1
"12007",14474,1,2,1
"12008",14475,3,1,-2
"12009",14476,1,0,-1
"12010",14477,5,4,-1
"12011",14478,2,3,1
"12012",14479,0,1,1
"12013",14483,1,1,0
"12014",14484,1,0,-1
"12015",14485,0,5,5
"12016",14486,1,5,4
"12017",14487,5,2,-3
"12018",14488,1,0,-1
"12019",14490,1,0,-1
"12020",14491,1,1,0
"12021",14492,5,0,-5
"12022",14493,1,1,0
"12023",14495,1,2,1
"12024",14497,4,4,0
"12025",14498,1,1,0
"12026",14499,2,1,-1
"12027",14500,0,2,2
"12028",14502,1,12,11
"12029",14504,2,1,-1
"12030",14505,4,0,-4
"12031",14506,6,1,-5
"12032",14507,2,4,2
"12033",14508,1,1,0
"12034",14510,7,4,-3
"12035",14512,10,10,0
"12036",14513,1,3,2
"12037",14515,4,2,-2
"12038",14517,2,1,-1
"12039",14518,2,1,-1
"12040",14519,3,4,1
"12041",14520,1,1,0
"12042",14521,1,3,2
"12043",14522,24,16,-8
"12044",14523,4,4,0
"12045",14524,2,3,1
"12046",14525,6,6,0
"12047",14526,1,1,0
"12048",14527,0,4,4
"12049",14528,11,3,-8
"12050",14529,5,5,0
"12051",14530,0,5,5
"12052",14531,0,3,3
"12053",14532,2,2,0
"12054",14534,4,7,3
"12055",14535,5,8,3
"12056",14536,2,1,-1
"12057",14537,0,1,1
"12058",14538,2,3,1
"12059",14539,1,3,2
"12060",14540,2,3,1
"12061",14541,0,1,1
"12062",14542,2,5,3
"12063",14544,0,2,2
"12064",14545,1,4,3
"12065",14546,1,0,-1
"12066",14547,7,5,-2
"12067",14548,2,5,3
"12068",14549,1,2,1
"12069",14550,2,2,0
"12070",14551,3,0,-3
"12071",14552,6,1,-5
"12072",14553,10,5,-5
"12073",14555,3,5,2
"12074",14556,0,2,2
"12075",14557,2,3,1
"12076",14558,1,5,4
"12077",14559,0,2,2
"12078",14560,2,0,-2
"12079",14561,0,2,2
"12080",14562,2,1,-1
"12081",14563,0,3,3
"12082",14564,4,1,-3
"12083",14565,3,1,-2
"12084",14566,0,4,4
"12085",14567,0,2,2
"12086",14568,1,1,0
"12087",14570,4,3,-1
"12088",14571,0,1,1
"12089",14572,3,1,-2
"12090",14573,2,1,-1
"12091",14574,3,9,6
"12092",14575,0,2,2
"12093",14576,1,3,2
"12094",14577,2,8,6
"12095",14579,12,4,-8
"12096",14580,0,2,2
"12097",14581,1,0,-1
"12098",14582,0,1,1
"12099",14584,3,2,-1
"12100",14585,1,1,0
"12101",14586,1,2,1
"12102",14587,0,9,9
"12103",14588,2,1,-1
"12104",14589,0,3,3
"12105",14590,2,0,-2
"12106",14591,0,3,3
"12107",14592,1,2,1
"12108",14593,3,2,-1
"12109",14594,1,0,-1
"12110",14595,1,2,1
"12111",14596,1,1,0
"12112",14597,2,3,1
"12113",14598,0,1,1
"12114",14599,2,0,-2
"12115",14600,2,2,0
"12116",14601,1,0,-1
"12117",14602,2,0,-2
"12118",14603,1,3,2
"12119",14604,1,2,1
"12120",14605,1,2,1
"12121",14607,1,0,-1
"12122",14608,1,2,1
"12123",14610,10,8,-2
"12124",14611,1,2,1
"12125",14612,2,2,0
"12126",14613,2,1,-1
"12127",14614,1,4,3
"12128",14615,1,1,0
"12129",14616,3,0,-3
"12130",14617,41,18,-23
"12131",14618,1,5,4
"12132",14619,9,13,4
"12133",14620,0,2,2
"12134",14621,5,4,-1
"12135",14622,3,0,-3
"12136",14623,1,0,-1
"12137",14624,0,1,1
"12138",14625,0,2,2
"12139",14626,2,2,0
"12140",14627,2,0,-2
"12141",14628,1,4,3
"12142",14630,0,1,1
"12143",14631,1,4,3
"12144",14632,2,3,1
"12145",14633,0,2,2
"12146",14635,1,3,2
"12147",14637,2,0,-2
"12148",14638,0,4,4
"12149",14639,2,1,-1
"12150",14640,1,2,1
"12151",14641,5,5,0
"12152",14642,6,1,-5
"12153",14643,0,3,3
"12154",14644,1,2,1
"12155",14645,0,1,1
"12156",14646,1,0,-1
"12157",14647,1,2,1
"12158",14648,1,0,-1
"12159",14649,3,8,5
"12160",14650,2,0,-2
"12161",14651,4,4,0
"12162",14653,2,0,-2
"12163",14654,2,0,-2
"12164",14655,4,1,-3
"12165",14658,1,0,-1
"12166",14659,2,7,5
"12167",14660,0,1,1
"12168",14661,4,3,-1
"12169",14662,0,1,1
"12170",14663,3,1,-2
"12171",14665,7,3,-4
"12172",14666,0,24,24
"12173",14667,2,9,7
"12174",14668,1,2,1
"12175",14669,23,26,3
"12176",14670,3,2,-1
"12177",14671,7,6,-1
"12178",14672,0,1,1
"12179",14673,0,1,1
"12180",14675,4,3,-1
"12181",14676,11,28,17
"12182",14677,5,8,3
"12183",14678,2,2,0
"12184",14679,1,0,-1
"12185",14680,0,1,1
"12186",14681,3,1,-2
"12187",14682,0,1,1
"12188",14683,0,1,1
"12189",14684,18,54,36
"12190",14685,0,1,1
"12191",14686,0,1,1
"12192",14687,1,1,0
"12193",14688,4,7,3
"12194",14689,4,8,4
"12195",14690,4,2,-2
"12196",14691,6,1,-5
"12197",14692,0,2,2
"12198",14693,3,2,-1
"12199",14694,0,1,1
"12200",14695,0,1,1
"12201",14697,0,1,1
"12202",14699,1,2,1
"12203",14700,1,0,-1
"12204",14701,4,5,1
"12205",14703,2,0,-2
"12206",14704,0,1,1
"12207",14705,1,1,0
"12208",14706,1,0,-1
"12209",14707,0,1,1
"12210",14708,1,2,1
"12211",14709,2,7,5
"12212",14710,0,1,1
"12213",14712,0,1,1
"12214",14713,0,1,1
"12215",14714,0,1,1
"12216",14715,1,0,-1
"12217",14716,0,3,3
"12218",14717,0,1,1
"12219",14718,1,1,0
"12220",14721,0,1,1
"12221",14722,10,25,15
"12222",14723,2,3,1
"12223",14724,7,4,-3
"12224",14726,9,1,-8
"12225",14727,0,3,3
"12226",14728,3,1,-2
"12227",14729,4,2,-2
"12228",14730,0,1,1
"12229",14732,2,1,-1
"12230",14733,8,4,-4
"12231",14734,1,10,9
"12232",14735,3,1,-2
"12233",14736,2,2,0
"12234",14737,3,2,-1
"12235",14738,4,4,0
"12236",14739,4,2,-2
"12237",14740,2,19,17
"12238",14741,5,2,-3
"12239",14742,1,2,1
"12240",14744,0,1,1
"12241",14745,4,6,2
"12242",14746,0,2,2
"12243",14747,0,1,1
"12244",14748,2,8,6
"12245",14749,2,4,2
"12246",14750,15,5,-10
"12247",14751,0,1,1
"12248",14752,3,1,-2
"12249",14753,3,2,-1
"12250",14754,0,2,2
"12251",14755,0,6,6
"12252",14756,0,1,1
"12253",14757,11,9,-2
"12254",14758,2,1,-1
"12255",14759,15,2,-13
"12256",14760,1,1,0
"12257",14761,1,15,14
"12258",14763,0,1,1
"12259",14764,14,9,-5
"12260",14765,1,2,1
"12261",14766,2,1,-1
"12262",14767,14,14,0
"12263",14768,2,2,0
"12264",14769,1,19,18
"12265",14770,9,1,-8
"12266",14772,0,1,1
"12267",14773,0,1,1
"12268",14774,0,1,1
"12269",14775,6,24,18
"12270",14776,0,1,1
"12271",14777,1,17,16
"12272",14778,6,22,16
"12273",14780,1,2,1
"12274",14781,1,0,-1
"12275",14782,0,1,1
"12276",14783,5,3,-2
"12277",14784,9,3,-6
"12278",14785,0,1,1
"12279",14786,2,0,-2
"12280",14787,0,1,1
"12281",14788,0,1,1
"12282",14789,1,4,3
"12283",14790,0,1,1
"12284",14791,0,2,2
"12285",14792,3,2,-1
"12286",14794,0,1,1
"12287",14795,1,1,0
"12288",14797,0,1,1
"12289",14798,1,1,0
"12290",14799,0,1,1
"12291",14800,0,1,1
"12292",14801,1,1,0
"12293",14802,1,0,-1
"12294",14803,15,9,-6
"12295",14804,0,1,1
"12296",14805,1,2,1
"12297",14806,2,0,-2
"12298",14807,1,1,0
"12299",14808,1,5,4
"12300",14809,4,5,1
"12301",14810,5,3,-2
"12302",14812,2,0,-2
"12303",14813,2,1,-1
"12304",14814,3,5,2
"12305",14815,0,1,1
"12306",14816,0,1,1
"12307",14817,6,1,-5
"12308",14819,2,1,-1
"12309",14820,1,1,0
"12310",14821,22,20,-2
"12311",14822,5,4,-1
"12312",14824,0,1,1
"12313",14826,2,27,25
"12314",14827,0,3,3
"12315",14828,0,1,1
"12316",14829,0,1,1
"12317",14830,9,1,-8
"12318",14831,3,1,-2
"12319",14832,0,1,1
"12320",14834,2,7,5
"12321",14835,1,2,1
"12322",14836,9,4,-5
"12323",14837,0,1,1
"12324",14838,1,0,-1
"12325",14840,2,2,0
"12326",14842,1,1,0
"12327",14843,1,1,0
"12328",14844,13,11,-2
"12329",14845,0,1,1
"12330",14846,0,1,1
"12331",14848,0,2,2
"12332",14849,5,5,0
"12333",14850,0,1,1
"12334",14851,1,1,0
"12335",14852,6,48,42
"12336",14854,1,5,4
"12337",14855,0,1,1
"12338",14856,1,8,7
"12339",14857,6,16,10
"12340",14858,0,1,1
"12341",14859,0,1,1
"12342",14860,1,0,-1
"12343",14862,1,0,-1
"12344",14863,2,0,-2
"12345",14864,1,0,-1
"12346",14865,0,2,2
"12347",14866,1,2,1
"12348",14868,0,1,1
"12349",14869,6,2,-4
"12350",14870,0,1,1
"12351",14871,2,5,3
"12352",14873,3,6,3
"12353",14874,1,4,3
"12354",14875,0,2,2
"12355",14876,0,2,2
"12356",14877,1,1,0
"12357",14878,0,1,1
"12358",14879,2,5,3
"12359",14880,0,3,3
"12360",14881,6,4,-2
"12361",14882,4,12,8
"12362",14883,0,1,1
"12363",14884,1,4,3
"12364",14885,1,1,0
"12365",14887,0,1,1
"12366",14888,2,1,-1
"12367",14889,0,3,3
"12368",14890,0,1,1
"12369",14891,0,1,1
"12370",14893,1,0,-1
"12371",14895,14,13,-1
"12372",14896,0,7,7
"12373",14897,3,1,-2
"12374",14898,0,1,1
"12375",14899,2,6,4
"12376",14900,1,1,0
"12377",14901,0,1,1
"12378",14902,0,1,1
"12379",14903,1,1,0
"12380",14904,0,2,2
"12381",14905,2,15,13
"12382",14906,1,2,1
"12383",14908,10,8,-2
"12384",14909,0,1,1
"12385",14910,4,6,2
"12386",14911,0,10,10
"12387",14912,0,2,2
"12388",14913,7,2,-5
"12389",14914,0,2,2
"12390",14915,0,1,1
"12391",14916,3,1,-2
"12392",14917,12,11,-1
"12393",14918,1,0,-1
"12394",14920,1,0,-1
"12395",14921,4,3,-1
"12396",14923,0,2,2
"12397",14924,6,2,-4
"12398",14925,4,17,13
"12399",14926,5,4,-1
"12400",14927,0,1,1
"12401",14928,0,1,1
"12402",14929,1,0,-1
"12403",14930,3,2,-1
"12404",14931,0,1,1
"12405",14932,17,4,-13
"12406",14933,0,1,1
"12407",14934,5,2,-3
"12408",14935,1,0,-1
"12409",14936,0,2,2
"12410",14937,1,1,0
"12411",14938,3,1,-2
"12412",14939,13,3,-10
"12413",14940,2,1,-1
"12414",14941,0,1,1
"12415",14942,0,1,1
"12416",14943,2,1,-1
"12417",14944,0,1,1
"12418",14946,7,4,-3
"12419",14947,0,2,2
"12420",14948,2,1,-1
"12421",14949,1,2,1
"12422",14950,5,2,-3
"12423",14951,0,2,2
"12424",14952,3,2,-1
"12425",14954,6,4,-2
"12426",14955,1,2,1
"12427",14957,1,2,1
"12428",14961,2,3,1
"12429",14963,1,1,0
"12430",14965,4,0,-4
"12431",14966,0,2,2
"12432",14967,0,2,2
"12433",14969,3,1,-2
"12434",14970,1,1,0
"12435",14971,5,6,1
"12436",14972,2,0,-2
"12437",14973,1,1,0
"12438",14974,0,2,2
"12439",14975,0,2,2
"12440",14976,6,4,-2
"12441",14977,0,1,1
"12442",14978,0,1,1
"12443",14979,21,6,-15
"12444",14980,0,1,1
"12445",14981,1,9,8
"12446",14983,1,0,-1
"12447",14984,3,2,-1
"12448",14985,0,1,1
"12449",14986,4,9,5
"12450",14987,1,1,0
"12451",14989,2,4,2
"12452",14990,1,3,2
"12453",14991,0,1,1
"12454",14992,2,3,1
"12455",14993,1,1,0
"12456",14994,3,2,-1
"12457",14996,2,4,2
"12458",14997,4,1,-3
"12459",14998,3,6,3
"12460",14999,0,1,1
"12461",15001,11,6,-5
"12462",15002,0,3,3
"12463",15003,3,4,1
"12464",15004,1,1,0
"12465",15005,2,1,-1
"12466",15007,0,1,1
"12467",15008,5,1,-4
"12468",15009,0,1,1
"12469",15010,13,8,-5
"12470",15011,1,2,1
"12471",15014,0,1,1
"12472",15017,4,0,-4
"12473",15018,10,29,19
"12474",15019,23,17,-6
"12475",15020,1,1,0
"12476",15021,3,3,0
"12477",15023,4,6,2
"12478",15024,0,1,1
"12479",15025,1,2,1
"12480",15027,10,7,-3
"12481",15028,0,1,1
"12482",15029,1,1,0
"12483",15030,1,0,-1
"12484",15032,0,1,1
"12485",15033,0,27,27
"12486",15035,0,1,1
"12487",15036,2,4,2
"12488",15037,4,4,0
"12489",15038,0,2,2
"12490",15039,4,11,7
"12491",15040,2,0,-2
"12492",15041,2,0,-2
"12493",15042,1,0,-1
"12494",15043,2,1,-1
"12495",15044,0,1,1
"12496",15047,0,1,1
"12497",15048,2,0,-2
"12498",15049,3,1,-2
"12499",15050,1,0,-1
"12500",15051,0,1,1
"12501",15052,21,13,-8
"12502",15053,0,2,2
"12503",15054,1,1,0
"12504",15055,4,10,6
"12505",15057,1,3,2
"12506",15058,0,1,1
"12507",15059,5,5,0
"12508",15060,0,1,1
"12509",15061,2,2,0
"12510",15063,2,2,0
"12511",15064,7,7,0
"12512",15065,9,3,-6
"12513",15066,0,1,1
"12514",15067,6,7,1
"12515",15068,0,1,1
"12516",15069,0,2,2
"12517",15070,1,0,-1
"12518",15071,3,2,-1
"12519",15072,2,1,-1
"12520",15073,0,1,1
"12521",15074,4,3,-1
"12522",15075,10,9,-1
"12523",15076,1,8,7
"12524",15077,2,2,0
"12525",15078,2,4,2
"12526",15079,7,5,-2
"12527",15080,0,2,2
"12528",15081,1,2,1
"12529",15082,13,4,-9
"12530",15083,1,1,0
"12531",15084,0,5,5
"12532",15085,2,3,1
"12533",15086,1,0,-1
"12534",15087,3,2,-1
"12535",15088,0,1,1
"12536",15089,0,1,1
"12537",15090,0,1,1
"12538",15091,0,1,1
"12539",15092,5,1,-4
"12540",15093,7,7,0
"12541",15094,2,0,-2
"12542",15095,6,2,-4
"12543",15096,1,0,-1
"12544",15097,1,0,-1
"12545",15098,2,4,2
"12546",15099,0,1,1
"12547",15101,6,13,7
"12548",15102,1,6,5
"12549",15103,22,23,1
"12550",15104,6,7,1
"12551",15105,1,0,-1
"12552",15106,2,1,-1
"12553",15107,2,2,0
"12554",15109,1,0,-1
"12555",15110,1,2,1
"12556",15113,1,0,-1
"12557",15114,1,1,0
"12558",15115,25,9,-16
"12559",15116,0,1,1
"12560",15117,7,3,-4
"12561",15119,0,11,11
"12562",15120,0,5,5
"12563",15121,8,10,2
"12564",15122,4,5,1
"12565",15123,2,1,-1
"12566",15124,1,1,0
"12567",15125,3,2,-1
"12568",15126,10,7,-3
"12569",15127,5,2,-3
"12570",15128,2,1,-1
"12571",15129,5,45,40
"12572",15130,1,2,1
"12573",15131,1,1,0
"12574",15132,3,10,7
"12575",15133,4,7,3
"12576",15136,1,0,-1
"12577",15137,2,0,-2
"12578",15138,0,2,2
"12579",15139,1,2,1
"12580",15140,5,4,-1
"12581",15141,8,1,-7
"12582",15143,0,1,1
"12583",15144,13,8,-5
"12584",15145,0,2,2
"12585",15146,1,1,0
"12586",15147,0,1,1
"12587",15148,25,39,14
"12588",15149,1,1,0
"12589",15150,1,11,10
"12590",15151,1,0,-1
"12591",15152,6,12,6
"12592",15153,3,1,-2
"12593",15155,3,2,-1
"12594",15156,8,7,-1
"12595",15157,0,4,4
"12596",15158,1,3,2
"12597",15159,2,2,0
"12598",15160,1,1,0
"12599",15161,2,3,1
"12600",15162,1,1,0
"12601",15163,2,0,-2
"12602",15164,8,9,1
"12603",15165,4,7,3
"12604",15166,1,2,1
"12605",15167,8,2,-6
"12606",15168,0,2,2
"12607",15169,5,3,-2
"12608",15170,12,6,-6
"12609",15171,1,0,-1
"12610",15172,2,6,4
"12611",15173,1,15,14
"12612",15174,2,3,1
"12613",15176,1,1,0
"12614",15178,0,1,1
"12615",15179,21,13,-8
"12616",15180,1,0,-1
"12617",15181,1,3,2
"12618",15182,1,0,-1
"12619",15184,1,0,-1
"12620",15185,0,1,1
"12621",15186,1,0,-1
"12622",15187,1,1,0
"12623",15188,8,6,-2
"12624",15189,0,1,1
"12625",15191,7,3,-4
"12626",15193,1,0,-1
"12627",15194,1,1,0
"12628",15195,5,6,1
"12629",15197,13,9,-4
"12630",15199,0,1,1
"12631",15200,1,0,-1
"12632",15201,4,4,0
"12633",15202,1,2,1
"12634",15203,1,1,0
"12635",15204,15,5,-10
"12636",15205,5,18,13
"12637",15206,2,8,6
"12638",15207,1,1,0
"12639",15208,1,1,0
"12640",15209,1,0,-1
"12641",15210,2,2,0
"12642",15211,0,1,1
"12643",15212,3,1,-2
"12644",15213,3,1,-2
"12645",15214,1,1,0
"12646",15215,1,1,0
"12647",15216,0,2,2
"12648",15217,4,2,-2
"12649",15218,1,0,-1
"12650",15219,1,5,4
"12651",15220,0,2,2
"12652",15221,4,7,3
"12653",15222,1,0,-1
"12654",15223,1,1,0
"12655",15224,2,10,8
"12656",15225,0,1,1
"12657",15226,8,4,-4
"12658",15227,2,0,-2
"12659",15228,0,1,1
"12660",15229,0,2,2
"12661",15230,1,3,2
"12662",15231,2,2,0
"12663",15232,19,6,-13
"12664",15233,0,1,1
"12665",15234,4,4,0
"12666",15237,0,1,1
"12667",15238,1,1,0
"12668",15239,1,1,0
"12669",15240,4,1,-3
"12670",15241,0,1,1
"12671",15242,9,4,-5
"12672",15243,2,3,1
"12673",15244,0,1,1
"12674",15245,11,11,0
"12675",15246,29,19,-10
"12676",15247,0,1,1
"12677",15249,0,1,1
"12678",15250,3,3,0
"12679",15252,1,3,2
"12680",15253,0,1,1
"12681",15254,1,0,-1
"12682",15255,1,1,0
"12683",15256,1,1,0
"12684",15257,0,1,1
"12685",15259,1,2,1
"12686",15260,3,6,3
"12687",15261,16,13,-3
"12688",15262,2,2,0
"12689",15263,4,0,-4
"12690",15264,9,1,-8
"12691",15265,3,2,-1
"12692",15266,26,18,-8
"12693",15267,1,0,-1
"12694",15268,8,5,-3
"12695",15269,2,4,2
"12696",15270,0,1,1
"12697",15271,1,0,-1
"12698",15272,5,6,1
"12699",15273,3,0,-3
"12700",15274,1,2,1
"12701",15275,0,1,1
"12702",15276,0,1,1
"12703",15278,0,1,1
"12704",15279,2,0,-2
"12705",15280,3,1,-2
"12706",15281,1,4,3
"12707",15282,3,2,-1
"12708",15283,4,2,-2
"12709",15284,1,3,2
"12710",15285,6,15,9
"12711",15286,0,1,1
"12712",15287,3,7,4
"12713",15288,11,7,-4
"12714",15289,0,1,1
"12715",15290,0,1,1
"12716",15291,0,7,7
"12717",15292,4,5,1
"12718",15293,0,1,1
"12719",15294,4,3,-1
"12720",15295,0,1,1
"12721",15296,2,31,29
"12722",15297,2,3,1
"12723",15298,0,1,1
"12724",15299,3,1,-2
"12725",15300,3,3,0
"12726",15301,8,17,9
"12727",15303,1,5,4
"12728",15304,0,1,1
"12729",15305,0,3,3
"12730",15306,3,6,3
"12731",15307,2,5,3
"12732",15308,3,3,0
"12733",15309,0,1,1
"12734",15311,1,1,0
"12735",15312,2,1,-1
"12736",15313,0,1,1
"12737",15317,2,3,1
"12738",15318,1,1,0
"12739",15319,0,1,1
"12740",15320,1,0,-1
"12741",15321,0,1,1
"12742",15324,2,1,-1
"12743",15326,1,2,1
"12744",15327,1,4,3
"12745",15329,15,11,-4
"12746",15330,1,1,0
"12747",15331,2,11,9
"12748",15332,5,5,0
"12749",15333,1,1,0
"12750",15334,13,14,1
"12751",15335,4,4,0
"12752",15337,0,2,2
"12753",15338,9,8,-1
"12754",15339,0,1,1
"12755",15340,16,33,17
"12756",15341,13,10,-3
"12757",15342,1,0,-1
"12758",15343,1,1,0
"12759",15344,0,1,1
"12760",15345,13,1,-12
"12761",15346,3,4,1
"12762",15347,3,2,-1
"12763",15348,1,2,1
"12764",15349,3,2,-1
"12765",15350,6,25,19
"12766",15351,3,0,-3
"12767",15352,0,8,8
"12768",15353,2,1,-1
"12769",15354,0,1,1
"12770",15355,1,3,2
"12771",15356,2,0,-2
"12772",15358,0,1,1
"12773",15359,0,1,1
"12774",15360,2,1,-1
"12775",15361,0,7,7
"12776",15362,3,4,1
"12777",15363,0,1,1
"12778",15364,1,0,-1
"12779",15365,4,1,-3
"12780",15366,0,1,1
"12781",15367,0,2,2
"12782",15369,3,4,1
"12783",15370,0,1,1
"12784",15371,1,4,3
"12785",15373,6,2,-4
"12786",15374,1,0,-1
"12787",15375,7,0,-7
"12788",15376,0,1,1
"12789",15377,1,5,4
"12790",15378,1,2,1
"12791",15379,6,5,-1
"12792",15380,12,14,2
"12793",15381,10,16,6
"12794",15382,1,1,0
"12795",15384,3,2,-1
"12796",15385,1,0,-1
"12797",15386,0,1,1
"12798",15387,0,17,17
"12799",15389,0,1,1
"12800",15391,0,1,1
"12801",15392,1,1,0
"12802",15393,5,6,1
"12803",15394,0,1,1
"12804",15395,1,0,-1
"12805",15396,28,35,7
"12806",15397,1,1,0
"12807",15398,0,1,1
"12808",15399,0,1,1
"12809",15401,0,7,7
"12810",15402,0,1,1
"12811",15403,2,5,3
"12812",15404,4,1,-3
"12813",15405,6,4,-2
"12814",15406,4,1,-3
"12815",15408,2,24,22
"12816",15410,1,0,-1
"12817",15411,2,0,-2
"12818",15412,1,2,1
"12819",15413,10,7,-3
"12820",15414,1,1,0
"12821",15415,9,6,-3
"12822",15416,0,2,2
"12823",15417,1,0,-1
"12824",15418,0,1,1
"12825",15419,4,1,-3
"12826",15420,0,1,1
"12827",15421,2,0,-2
"12828",15423,3,0,-3
"12829",15425,3,6,3
"12830",15426,1,4,3
"12831",15427,0,1,1
"12832",15428,11,9,-2
"12833",15429,2,10,8
"12834",15430,0,1,1
"12835",15431,1,1,0
"12836",15432,0,2,2
"12837",15433,1,0,-1
"12838",15434,0,6,6
"12839",15435,0,4,4
"12840",15436,0,2,2
"12841",15437,2,1,-1
"12842",15439,1,0,-1
"12843",15440,0,3,3
"12844",15441,0,1,1
"12845",15442,2,0,-2
"12846",15443,3,0,-3
"12847",15444,2,1,-1
"12848",15446,0,1,1
"12849",15447,3,2,-1
"12850",15448,2,0,-2
"12851",15449,0,5,5
"12852",15450,3,1,-2
"12853",15452,3,5,2
"12854",15453,9,15,6
"12855",15454,1,0,-1
"12856",15455,0,1,1
"12857",15458,0,1,1
"12858",15459,7,18,11
"12859",15460,0,1,1
"12860",15461,0,1,1
"12861",15462,0,1,1
"12862",15463,2,15,13
"12863",15464,3,0,-3
"12864",15465,4,4,0
"12865",15467,1,3,2
"12866",15468,1,0,-1
"12867",15469,8,10,2
"12868",15471,8,6,-2
"12869",15472,10,2,-8
"12870",15473,0,1,1
"12871",15474,2,0,-2
"12872",15475,0,6,6
"12873",15476,1,2,1
"12874",15477,4,1,-3
"12875",15479,2,4,2
"12876",15480,17,8,-9
"12877",15481,3,2,-1
"12878",15482,3,17,14
"12879",15483,2,1,-1
"12880",15484,1,3,2
"12881",15485,1,1,0
"12882",15486,0,1,1
"12883",15487,0,1,1
"12884",15489,1,1,0
"12885",15490,7,4,-3
"12886",15492,7,9,2
"12887",15493,7,7,0
"12888",15494,1,0,-1
"12889",15495,4,2,-2
"12890",15496,2,9,7
"12891",15497,11,8,-3
"12892",15498,3,2,-1
"12893",15499,1,1,0
"12894",15500,0,2,2
"12895",15501,0,2,2
"12896",15502,2,8,6
"12897",15505,1,0,-1
"12898",15506,11,12,1
"12899",15507,0,1,1
"12900",15508,6,4,-2
"12901",15510,0,2,2
"12902",15511,0,1,1
"12903",15512,1,0,-1
"12904",15513,3,8,5
"12905",15514,2,4,2
"12906",15515,5,5,0
"12907",15516,1,2,1
"12908",15517,1,3,2
"12909",15518,16,14,-2
"12910",15520,5,8,3
"12911",15521,4,1,-3
"12912",15522,2,1,-1
"12913",15523,2,1,-1
"12914",15524,0,3,3
"12915",15525,2,4,2
"12916",15526,0,1,1
"12917",15527,2,0,-2
"12918",15528,0,2,2
"12919",15529,1,0,-1
"12920",15530,0,1,1
"12921",15531,1,2,1
"12922",15532,0,9,9
"12923",15533,6,3,-3
"12924",15534,3,0,-3
"12925",15535,2,2,0
"12926",15536,1,1,0
"12927",15537,1,0,-1
"12928",15539,2,0,-2
"12929",15540,14,8,-6
"12930",15541,4,8,4
"12931",15542,0,1,1
"12932",15543,3,1,-2
"12933",15544,1,1,0
"12934",15546,4,0,-4
"12935",15547,2,5,3
"12936",15548,1,3,2
"12937",15549,0,1,1
"12938",15550,4,8,4
"12939",15552,0,5,5
"12940",15553,1,1,0
"12941",15554,0,2,2
"12942",15555,0,1,1
"12943",15556,1,0,-1
"12944",15557,3,2,-1
"12945",15558,2,2,0
"12946",15559,5,5,0
"12947",15560,3,8,5
"12948",15561,0,1,1
"12949",15562,8,6,-2
"12950",15563,6,4,-2
"12951",15564,1,1,0
"12952",15565,4,2,-2
"12953",15566,3,1,-2
"12954",15567,1,1,0
"12955",15568,1,0,-1
"12956",15569,4,11,7
"12957",15570,0,4,4
"12958",15572,45,22,-23
"12959",15573,4,3,-1
"12960",15574,0,1,1
"12961",15575,1,1,0
"12962",15576,4,9,5
"12963",15577,0,4,4
"12964",15578,3,1,-2
"12965",15579,6,3,-3
"12966",15581,2,4,2
"12967",15582,1,0,-1
"12968",15583,9,5,-4
"12969",15584,2,1,-1
"12970",15585,0,3,3
"12971",15586,13,8,-5
"12972",15587,1,4,3
"12973",15588,1,4,3
"12974",15589,5,4,-1
"12975",15590,0,1,1
"12976",15591,2,2,0
"12977",15592,1,2,1
"12978",15594,16,8,-8
"12979",15595,0,1,1
"12980",15596,0,1,1
"12981",15597,0,1,1
"12982",15598,1,1,0
"12983",15601,5,3,-2
"12984",15602,12,7,-5
"12985",15603,3,3,0
"12986",15604,0,1,1
"12987",15605,0,1,1
"12988",15606,5,5,0
"12989",15607,1,3,2
"12990",15608,1,1,0
"12991",15609,0,1,1
"12992",15610,0,1,1
"12993",15611,10,15,5
"12994",15612,12,3,-9
"12995",15613,31,20,-11
"12996",15614,2,1,-1
"12997",15615,0,1,1
"12998",15616,0,1,1
"12999",15617,0,1,1
"13000",15618,0,1,1
"13001",15620,1,0,-1
"13002",15621,1,1,0
"13003",15622,6,4,-2
"13004",15625,6,0,-6
"13005",15626,2,1,-1
"13006",15628,1,0,-1
"13007",15629,1,0,-1
"13008",15630,0,1,1
"13009",15632,3,2,-1
"13010",15633,41,37,-4
"13011",15634,9,35,26
"13012",15636,4,5,1
"13013",15637,10,8,-2
"13014",15638,15,32,17
"13015",15640,0,1,1
"13016",15642,0,1,1
"13017",15643,0,1,1
"13018",15644,2,1,-1
"13019",15645,11,9,-2
"13020",15646,3,4,1
"13021",15647,1,1,0
"13022",15648,0,1,1
"13023",15651,6,6,0
"13024",15652,0,1,1
"13025",15654,4,3,-1
"13026",15655,7,4,-3
"13027",15656,1,1,0
"13028",15657,38,53,15
"13029",15658,0,1,1
"13030",15659,3,2,-1
"13031",15660,1,1,0
"13032",15661,0,1,1
"13033",15663,2,7,5
"13034",15664,5,8,3
"13035",15665,3,0,-3
"13036",15666,1,0,-1
"13037",15667,0,1,1
"13038",15668,6,6,0
"13039",15669,1,0,-1
"13040",15670,0,2,2
"13041",15671,5,1,-4
"13042",15672,23,10,-13
"13043",15673,3,3,0
"13044",15674,0,1,1
"13045",15675,0,1,1
"13046",15676,0,1,1
"13047",15678,10,5,-5
"13048",15679,1,1,0
"13049",15680,18,6,-12
"13050",15681,0,1,1
"13051",15682,0,1,1
"13052",15683,0,1,1
"13053",15684,0,1,1
"13054",15685,11,7,-4
"13055",15686,1,1,0
"13056",15687,1,3,2
"13057",15688,1,0,-1
"13058",15689,0,1,1
"13059",15690,6,4,-2
"13060",15691,1,2,1
"13061",15692,1,3,2
"13062",15693,0,1,1
"13063",15694,0,1,1
"13064",15695,1,1,0
"13065",15696,1,0,-1
"13066",15697,5,2,-3
"13067",15698,5,5,0
"13068",15699,0,2,2
"13069",15700,1,0,-1
"13070",15701,2,4,2
"13071",15702,4,3,-1
"13072",15703,1,0,-1
"13073",15704,0,1,1
"13074",15705,0,1,1
"13075",15707,0,1,1
"13076",15708,0,1,1
"13077",15709,0,1,1
"13078",15710,1,0,-1
"13079",15711,1,1,0
"13080",15712,1,3,2
"13081",15714,7,13,6
"13082",15715,8,13,5
"13083",15716,0,1,1
"13084",15717,2,0,-2
"13085",15718,1,0,-1
"13086",15719,2,0,-2
"13087",15720,13,4,-9
"13088",15721,2,9,7
"13089",15722,1,7,6
"13090",15723,14,16,2
"13091",15724,1,1,0
"13092",15725,2,2,0
"13093",15726,5,3,-2
"13094",15727,9,2,-7
"13095",15728,0,1,1
"13096",15729,0,1,1
"13097",15730,1,5,4
"13098",15731,6,3,-3
"13099",15732,0,1,1
"13100",15733,8,9,1
"13101",15735,3,4,1
"13102",15736,0,1,1
"13103",15738,6,1,-5
"13104",15739,1,3,2
"13105",15740,0,2,2
"13106",15741,20,10,-10
"13107",15742,0,1,1
"13108",15743,4,3,-1
"13109",15744,2,1,-1
"13110",15745,2,1,-1
"13111",15746,1,3,2
"13112",15747,2,1,-1
"13113",15748,6,7,1
"13114",15749,6,6,0
"13115",15750,1,0,-1
"13116",15751,0,1,1
"13117",15752,1,0,-1
"13118",15753,2,4,2
"13119",15754,4,1,-3
"13120",15755,0,1,1
"13121",15756,0,2,2
"13122",15758,1,1,0
"13123",15759,2,1,-1
"13124",15760,2,0,-2
"13125",15761,1,0,-1
"13126",15762,1,4,3
"13127",15763,2,2,0
"13128",15764,11,2,-9
"13129",15765,0,1,1
"13130",15767,1,3,2
"13131",15768,3,1,-2
"13132",15769,0,3,3
"13133",15770,0,1,1
"13134",15771,0,1,1
"13135",15773,0,1,1
"13136",15774,4,3,-1
"13137",15775,0,1,1
"13138",15776,2,0,-2
"13139",15777,1,1,0
"13140",15778,2,0,-2
"13141",15779,0,1,1
"13142",15780,0,1,1
"13143",15781,1,0,-1
"13144",15782,0,1,1
"13145",15783,1,0,-1
"13146",15784,4,4,0
"13147",15785,0,1,1
"13148",15786,2,0,-2
"13149",15787,1,0,-1
"13150",15788,8,8,0
"13151",15790,5,8,3
"13152",15791,4,4,0
"13153",15792,5,4,-1
"13154",15793,1,0,-1
"13155",15794,0,22,22
"13156",15795,0,1,1
"13157",15796,5,8,3
"13158",15797,0,1,1
"13159",15798,4,5,1
"13160",15799,1,0,-1
"13161",15800,34,11,-23
"13162",15801,5,0,-5
"13163",15802,0,1,1
"13164",15804,9,11,2
"13165",15805,3,6,3
"13166",15806,1,0,-1
"13167",15807,0,2,2
"13168",15808,0,1,1
"13169",15809,0,1,1
"13170",15810,3,6,3
"13171",15811,2,2,0
"13172",15812,1,1,0
"13173",15813,12,4,-8
"13174",15814,1,1,0
"13175",15815,1,1,0
"13176",15816,7,2,-5
"13177",15817,3,1,-2
"13178",15819,0,1,1
"13179",15820,0,1,1
"13180",15821,2,12,10
"13181",15822,14,14,0
"13182",15823,8,13,5
"13183",15824,9,1,-8
"13184",15825,1,4,3
"13185",15826,7,7,0
"13186",15827,0,3,3
"13187",15829,1,0,-1
"13188",15830,0,1,1
"13189",15832,0,6,6
"13190",15833,3,3,0
"13191",15834,2,3,1
"13192",15835,1,1,0
"13193",15836,0,1,1
"13194",15838,0,1,1
"13195",15839,4,3,-1
"13196",15841,8,7,-1
"13197",15842,2,3,1
"13198",15843,1,1,0
"13199",15844,4,0,-4
"13200",15846,4,2,-2
"13201",15847,2,1,-1
"13202",15848,2,6,4
"13203",15849,1,0,-1
"13204",15850,6,4,-2
"13205",15851,3,0,-3
"13206",15852,1,3,2
"13207",15853,0,1,1
"13208",15854,2,0,-2
"13209",15855,3,0,-3
"13210",15856,2,3,1
"13211",15857,4,4,0
"13212",15858,0,1,1
"13213",15859,0,1,1
"13214",15860,2,1,-1
"13215",15861,2,2,0
"13216",15862,0,2,2
"13217",15863,1,1,0
"13218",15865,2,0,-2
"13219",15866,3,1,-2
"13220",15868,3,4,1
"13221",15869,3,6,3
"13222",15870,0,2,2
"13223",15871,6,5,-1
"13224",15873,1,5,4
"13225",15874,1,3,2
"13226",15875,1,8,7
"13227",15877,2,4,2
"13228",15878,9,40,31
"13229",15879,3,7,4
"13230",15880,1,0,-1
"13231",15881,3,5,2
"13232",15882,0,3,3
"13233",15883,0,3,3
"13234",15884,1,1,0
"13235",15885,1,1,0
"13236",15886,2,4,2
"13237",15887,2,5,3
"13238",15888,0,4,4
"13239",15889,0,1,1
"13240",15890,22,48,26
"13241",15891,5,5,0
"13242",15892,2,2,0
"13243",15893,0,5,5
"13244",15894,2,1,-1
"13245",15895,1,4,3
"13246",15896,0,5,5
"13247",15898,1,1,0
"13248",15899,0,4,4
"13249",15900,2,1,-1
"13250",15901,0,2,2
"13251",15902,0,3,3
"13252",15903,3,2,-1
"13253",15904,0,1,1
"13254",15905,1,1,0
"13255",15906,0,1,1
"13256",15907,1,2,1
"13257",15908,4,7,3
"13258",15909,0,1,1
"13259",15910,0,5,5
"13260",15911,0,1,1
"13261",15913,1,4,3
"13262",15914,1,0,-1
"13263",15915,0,4,4
"13264",15916,0,1,1
"13265",15917,3,4,1
"13266",15918,1,1,0
"13267",15919,3,6,3
"13268",15920,1,0,-1
"13269",15921,0,7,7
"13270",15922,1,6,5
"13271",15923,0,6,6
"13272",15924,4,7,3
"13273",15925,0,1,1
"13274",15926,0,1,1
"13275",15927,2,0,-2
"13276",15928,0,2,2
"13277",15929,3,2,-1
"13278",15930,0,2,2
"13279",15931,0,1,1
"13280",15932,12,45,33
"13281",15933,1,2,1
"13282",15934,3,6,3
"13283",15936,0,1,1
"13284",15937,1,1,0
"13285",15938,1,2,1
"13286",15939,1,0,-1
"13287",15940,0,1,1
"13288",15941,33,53,20
"13289",15942,3,0,-3
"13290",15943,3,4,1
"13291",15945,1,0,-1
"13292",15946,5,3,-2
"13293",15947,0,9,9
"13294",15948,1,0,-1
"13295",15949,2,5,3
"13296",15950,3,4,1
"13297",15951,7,4,-3
"13298",15953,0,1,1
"13299",15954,0,3,3
"13300",15955,0,1,1
"13301",15956,0,1,1
"13302",15957,7,1,-6
"13303",15959,0,3,3
"13304",15960,0,1,1
"13305",15961,1,0,-1
"13306",15962,2,9,7
"13307",15963,4,10,6
"13308",15965,26,17,-9
"13309",15966,1,1,0
"13310",15968,2,7,5
"13311",15969,2,7,5
"13312",15970,4,5,1
"13313",15971,5,6,1
"13314",15972,1,2,1
"13315",15973,3,2,-1
"13316",15974,3,4,1
"13317",15975,0,1,1
"13318",15976,0,1,1
"13319",15977,0,1,1
"13320",15978,1,1,0
"13321",15979,1,5,4
"13322",15980,1,0,-1
"13323",15981,0,7,7
"13324",15982,0,5,5
"13325",15983,6,7,1
"13326",15984,0,1,1
"13327",15985,1,1,0
"13328",15986,0,2,2
"13329",15987,0,1,1
"13330",15988,1,1,0
"13331",15990,0,1,1
"13332",15991,4,6,2
"13333",15992,0,2,2
"13334",15993,0,1,1
"13335",15994,0,1,1
"13336",15995,0,1,1
"13337",15996,4,38,34
"13338",15997,2,2,0
"13339",15998,0,1,1
"13340",15999,0,1,1
"13341",16000,0,4,4
"13342",16001,1,2,1
"13343",16002,2,0,-2
"13344",16003,0,2,2
"13345",16004,0,1,1
"13346",16006,0,1,1
"13347",16007,5,4,-1
"13348",16009,1,3,2
"13349",16010,1,1,0
"13350",16011,13,26,13
"13351",16012,0,4,4
"13352",16014,1,3,2
"13353",16015,0,2,2
"13354",16016,1,0,-1
"13355",16017,0,5,5
"13356",16019,8,4,-4
"13357",16021,0,1,1
"13358",16022,2,1,-1
"13359",16023,0,1,1
"13360",16024,5,1,-4
"13361",16026,4,1,-3
"13362",16027,1,1,0
"13363",16028,0,2,2
"13364",16029,1,3,2
"13365",16030,1,1,0
"13366",16031,0,1,1
"13367",16033,2,2,0
"13368",16034,0,2,2
"13369",16035,2,1,-1
"13370",16036,1,1,0
"13371",16037,2,3,1
"13372",16038,3,4,1
"13373",16039,10,43,33
"13374",16040,0,3,3
"13375",16041,0,4,4
"13376",16042,12,5,-7
"13377",16043,1,4,3
"13378",16044,3,5,2
"13379",16045,2,6,4
"13380",16046,0,2,2
"13381",16047,2,5,3
"13382",16048,1,0,-1
"13383",16049,0,1,1
"13384",16051,0,1,1
"13385",16052,1,1,0
"13386",16053,2,1,-1
"13387",16054,0,2,2
"13388",16055,0,4,4
"13389",16056,4,10,6
"13390",16057,11,11,0
"13391",16058,0,1,1
"13392",16060,1,0,-1
"13393",16061,1,6,5
"13394",16062,0,1,1
"13395",16063,0,3,3
"13396",16064,1,1,0
"13397",16065,5,3,-2
"13398",16066,0,1,1
"13399",16067,0,1,1
"13400",16068,0,7,7
"13401",16069,3,1,-2
"13402",16071,2,0,-2
"13403",16072,5,10,5
"13404",16073,2,2,0
"13405",16074,0,2,2
"13406",16075,1,0,-1
"13407",16077,0,8,8
"13408",16079,0,1,1
"13409",16080,0,2,2
"13410",16081,2,9,7
"13411",16082,0,2,2
"13412",16083,0,2,2
"13413",16084,4,3,-1
"13414",16085,1,0,-1
"13415",16086,1,9,8
"13416",16087,5,3,-2
"13417",16088,4,17,13
"13418",16089,5,3,-2
"13419",16090,0,1,1
"13420",16091,3,7,4
"13421",16094,0,7,7
"13422",16096,1,1,0
"13423",16097,1,0,-1
"13424",16098,0,5,5
"13425",16099,3,2,-1
"13426",16100,0,1,1
"13427",16101,2,7,5
"13428",16103,3,8,5
"13429",16104,1,1,0
"13430",16106,6,6,0
"13431",16107,1,0,-1
"13432",16108,1,4,3
"13433",16109,3,2,-1
"13434",16110,1,6,5
"13435",16111,6,11,5
"13436",16112,1,0,-1
"13437",16113,0,4,4
"13438",16114,0,1,1
"13439",16115,0,6,6
"13440",16116,1,2,1
"13441",16117,5,1,-4
"13442",16118,1,0,-1
"13443",16119,5,4,-1
"13444",16120,1,2,1
"13445",16121,0,1,1
"13446",16122,1,7,6
"13447",16125,1,1,0
"13448",16126,1,1,0
"13449",16127,1,1,0
"13450",16128,0,1,1
"13451",16129,1,1,0
"13452",16130,3,5,2
"13453",16131,2,0,-2
"13454",16132,2,1,-1
"13455",16134,2,3,1
"13456",16135,0,3,3
"13457",16137,0,1,1
"13458",16138,5,10,5
"13459",16139,3,6,3
"13460",16140,3,0,-3
"13461",16141,2,7,5
"13462",16142,2,3,1
"13463",16143,1,6,5
"13464",16144,3,0,-3
"13465",16145,0,5,5
"13466",16146,3,4,1
"13467",16147,1,1,0
"13468",16148,0,1,1
"13469",16149,5,12,7
"13470",16150,0,3,3
"13471",16151,20,10,-10
"13472",16152,7,4,-3
"13473",16153,0,1,1
"13474",16154,1,5,4
"13475",16155,1,1,0
"13476",16156,2,1,-1
"13477",16157,1,0,-1
"13478",16158,6,6,0
"13479",16159,0,4,4
"13480",16160,1,0,-1
"13481",16161,0,2,2
"13482",16162,2,2,0
"13483",16163,2,0,-2
"13484",16165,2,6,4
"13485",16166,1,1,0
"13486",16167,0,1,1
"13487",16168,1,4,3
"13488",16169,0,5,5
"13489",16170,1,0,-1
"13490",16171,24,15,-9
"13491",16172,8,9,1
"13492",16173,7,3,-4
"13493",16174,2,10,8
"13494",16175,1,5,4
"13495",16177,5,15,10
"13496",16178,11,15,4
"13497",16179,1,0,-1
"13498",16181,1,8,7
"13499",16182,1,0,-1
"13500",16183,2,1,-1
"13501",16186,0,2,2
"13502",16187,1,0,-1
"13503",16188,0,1,1
"13504",16189,2,6,4
"13505",16192,4,4,0
"13506",16193,4,5,1
"13507",16195,1,2,1
"13508",16197,1,0,-1
"13509",16198,1,0,-1
"13510",16200,6,11,5
"13511",16201,5,5,0
"13512",16202,1,2,1
"13513",16203,0,1,1
"13514",16204,1,2,1
"13515",16205,1,3,2
"13516",16206,2,3,1
"13517",16207,1,3,2
"13518",16208,0,1,1
"13519",16210,0,1,1
"13520",16211,0,1,1
"13521",16212,2,2,0
"13522",16213,0,5,5
"13523",16214,2,4,2
"13524",16215,1,4,3
"13525",16217,0,1,1
"13526",16219,0,2,2
"13527",16220,6,12,6
"13528",16222,6,7,1
"13529",16223,2,0,-2
"13530",16224,1,0,-1
"13531",16225,1,1,0
"13532",16226,2,3,1
"13533",16227,1,0,-1
"13534",16228,12,6,-6
"13535",16229,2,1,-1
"13536",16230,4,0,-4
"13537",16231,2,14,12
"13538",16232,0,1,1
"13539",16233,6,2,-4
"13540",16234,2,2,0
"13541",16235,1,3,2
"13542",16236,0,2,2
"13543",16238,1,1,0
"13544",16239,3,7,4
"13545",16240,2,0,-2
"13546",16241,2,3,1
"13547",16242,3,1,-2
"13548",16243,2,5,3
"13549",16244,0,1,1
"13550",16245,0,9,9
"13551",16246,4,5,1
"13552",16247,1,4,3
"13553",16248,0,6,6
"13554",16249,1,10,9
"13555",16251,2,2,0
"13556",16252,3,2,-1
"13557",16253,4,3,-1
"13558",16255,1,0,-1
"13559",16256,4,3,-1
"13560",16257,3,4,1
"13561",16258,0,1,1
"13562",16259,1,0,-1
"13563",16260,2,1,-1
"13564",16262,0,4,4
"13565",16263,1,9,8
"13566",16264,0,3,3
"13567",16265,1,0,-1
"13568",16266,1,2,1
"13569",16267,1,0,-1
"13570",16268,2,0,-2
"13571",16269,0,3,3
"13572",16270,1,5,4
"13573",16271,0,2,2
"13574",16272,0,1,1
"13575",16273,0,2,2
"13576",16274,3,7,4
"13577",16275,4,2,-2
"13578",16276,2,3,1
"13579",16277,0,1,1
"13580",16278,1,3,2
"13581",16279,2,1,-1
"13582",16280,1,0,-1
"13583",16281,2,14,12
"13584",16282,1,0,-1
"13585",16283,21,18,-3
"13586",16284,2,16,14
"13587",16285,5,20,15
"13588",16286,0,7,7
"13589",16287,0,1,1
"13590",16288,1,0,-1
"13591",16289,0,3,3
"13592",16290,0,1,1
"13593",16291,0,1,1
"13594",16292,0,4,4
"13595",16293,0,3,3
"13596",16294,0,6,6
"13597",16295,0,4,4
"13598",16296,6,14,8
"13599",16297,0,3,3
"13600",16298,2,1,-1
"13601",16299,0,1,1
"13602",16301,2,2,0
"13603",16302,1,4,3
"13604",16303,1,0,-1
"13605",16304,12,8,-4
"13606",16305,0,1,1
"13607",16306,5,1,-4
"13608",16307,4,4,0
"13609",16309,0,1,1
"13610",16310,0,2,2
"13611",16312,5,1,-4
"13612",16313,1,1,0
"13613",16315,0,1,1
"13614",16316,0,1,1
"13615",16318,1,10,9
"13616",16319,1,1,0
"13617",16320,5,7,2
"13618",16321,0,1,1
"13619",16322,5,10,5
"13620",16323,0,1,1
"13621",16324,0,2,2
"13622",16325,0,1,1
"13623",16327,1,0,-1
"13624",16328,1,1,0
"13625",16329,1,3,2
"13626",16330,0,1,1
"13627",16331,2,1,-1
"13628",16332,1,1,0
"13629",16333,1,2,1
"13630",16334,5,10,5
"13631",16335,0,5,5
"13632",16336,2,9,7
"13633",16337,7,40,33
"13634",16338,0,1,1
"13635",16339,2,2,0
"13636",16340,2,1,-1
"13637",16341,1,4,3
"13638",16342,0,1,1
"13639",16343,2,1,-1
"13640",16344,0,1,1
"13641",16345,0,1,1
"13642",16347,5,3,-2
"13643",16348,0,1,1
"13644",16349,0,1,1
"13645",16350,0,1,1
"13646",16351,3,8,5
"13647",16352,0,1,1
"13648",16353,1,6,5
"13649",16355,3,12,9
"13650",16356,0,5,5
"13651",16357,1,0,-1
"13652",16358,1,1,0
"13653",16359,3,0,-3
"13654",16360,9,42,33
"13655",16361,4,13,9
"13656",16362,0,1,1
"13657",16363,1,1,0
"13658",16364,1,8,7
"13659",16365,1,0,-1
"13660",16366,1,2,1
"13661",16367,0,7,7
"13662",16368,2,9,7
"13663",16369,0,2,2
"13664",16370,2,3,1
"13665",16372,0,1,1
"13666",16373,0,3,3
"13667",16374,0,1,1
"13668",16375,4,3,-1
"13669",16376,0,1,1
"13670",16377,1,3,2
"13671",16378,14,11,-3
"13672",16379,2,9,7
"13673",16380,0,1,1
"13674",16381,3,7,4
"13675",16382,1,5,4
"13676",16383,0,2,2
"13677",16384,0,3,3
"13678",16385,0,4,4
"13679",16386,3,0,-3
"13680",16387,0,4,4
"13681",16388,1,3,2
"13682",16389,1,1,0
"13683",16390,1,1,0
"13684",16392,1,6,5
"13685",16393,1,2,1
"13686",16394,1,1,0
"13687",16395,0,2,2
"13688",16396,2,1,-1
"13689",16397,28,32,4
"13690",16398,0,1,1
"13691",16399,1,1,0
"13692",16400,0,1,1
"13693",16401,0,1,1
"13694",16403,1,0,-1
"13695",16405,1,0,-1
"13696",16406,5,8,3
"13697",16407,12,10,-2
"13698",16408,7,36,29
"13699",16409,3,5,2
"13700",16410,0,3,3
"13701",16411,0,6,6
"13702",16412,4,11,7
"13703",16413,0,1,1
"13704",16414,0,1,1
"13705",16415,5,5,0
"13706",16416,0,3,3
"13707",16417,1,7,6
"13708",16418,12,23,11
"13709",16419,5,4,-1
"13710",16420,0,1,1
"13711",16421,1,0,-1
"13712",16423,1,4,3
"13713",16424,1,0,-1
"13714",16425,2,0,-2
"13715",16427,1,5,4
"13716",16428,2,2,0
"13717",16429,2,2,0
"13718",16430,0,1,1
"13719",16431,3,3,0
"13720",16432,1,1,0
"13721",16433,5,1,-4
"13722",16434,7,9,2
"13723",16435,0,1,1
"13724",16436,4,14,10
"13725",16437,1,0,-1
"13726",16438,1,4,3
"13727",16439,2,6,4
"13728",16442,0,1,1
"13729",16443,0,1,1
"13730",16444,0,2,2
"13731",16445,0,1,1
"13732",16446,0,1,1
"13733",16447,4,1,-3
"13734",16448,0,1,1
"13735",16449,3,3,0
"13736",16451,0,1,1
"13737",16453,0,1,1
"13738",16454,0,1,1
"13739",16455,1,2,1
"13740",16456,0,3,3
"13741",16457,0,5,5
"13742",16458,0,1,1
"13743",16459,0,2,2
"13744",16460,0,1,1
"13745",16461,1,7,6
"13746",16462,2,2,0
"13747",16463,0,2,2
"13748",16464,0,1,1
"13749",16465,0,4,4
"13750",16466,1,5,4
"13751",16467,2,0,-2
"13752",16468,3,1,-2
"13753",16469,1,0,-1
"13754",16470,1,6,5
"13755",16471,2,4,2
"13756",16472,2,8,6
"13757",16474,0,1,1
"13758",16475,4,2,-2
"13759",16476,0,1,1
"13760",16477,2,3,1
"13761",16478,0,1,1
"13762",16479,2,0,-2
"13763",16480,4,1,-3
"13764",16481,1,4,3
"13765",16483,4,8,4
"13766",16484,0,1,1
"13767",16485,1,4,3
"13768",16486,0,1,1
"13769",16487,6,8,2
"13770",16489,4,4,0
"13771",16490,1,1,0
"13772",16491,3,3,0
"13773",16492,1,0,-1
"13774",16493,0,3,3
"13775",16495,1,9,8
"13776",16496,1,1,0
"13777",16498,2,3,1
"13778",16499,1,1,0
"13779",16501,2,7,5
"13780",16502,1,0,-1
"13781",16503,0,1,1
"13782",16504,3,7,4
"13783",16505,3,5,2
"13784",16506,2,1,-1
"13785",16507,1,1,0
"13786",16509,3,5,2
"13787",16510,2,0,-2
"13788",16511,0,1,1
"13789",16512,0,1,1
"13790",16513,2,1,-1
"13791",16514,1,1,0
"13792",16515,1,2,1
"13793",16516,0,1,1
"13794",16517,0,7,7
"13795",16519,1,0,-1
"13796",16520,2,10,8
"13797",16521,0,1,1
"13798",16522,2,2,0
"13799",16523,4,2,-2
"13800",16524,0,1,1
"13801",16525,0,8,8
"13802",16526,3,4,1
"13803",16527,3,9,6
"13804",16528,3,0,-3
"13805",16529,3,3,0
"13806",16530,8,37,29
"13807",16531,7,14,7
"13808",16532,0,1,1
"13809",16534,3,1,-2
"13810",16536,1,1,0
"13811",16537,5,1,-4
"13812",16538,0,1,1
"13813",16539,0,1,1
"13814",16540,0,4,4
"13815",16541,4,6,2
"13816",16542,1,1,0
"13817",16545,2,1,-1
"13818",16547,0,1,1
"13819",16548,8,23,15
"13820",16549,1,4,3
"13821",16550,1,0,-1
"13822",16551,3,1,-2
"13823",16552,2,0,-2
"13824",16553,1,3,2
"13825",16555,0,1,1
"13826",16556,2,4,2
"13827",16557,0,2,2
"13828",16558,1,1,0
"13829",16560,1,0,-1
"13830",16561,2,33,31
"13831",16562,1,1,0
"13832",16563,1,1,0
"13833",16564,6,36,30
"13834",16565,3,0,-3
"13835",16566,4,6,2
"13836",16567,0,7,7
"13837",16568,5,2,-3
"13838",16569,10,26,16
"13839",16570,2,0,-2
"13840",16571,0,6,6
"13841",16572,1,1,0
"13842",16573,3,9,6
"13843",16575,0,1,1
"13844",16577,1,1,0
"13845",16578,1,3,2
"13846",16579,1,5,4
"13847",16580,2,7,5
"13848",16581,2,1,-1
"13849",16583,0,10,10
"13850",16584,3,1,-2
"13851",16585,1,1,0
"13852",16586,3,1,-2
"13853",16587,3,2,-1
"13854",16588,0,3,3
"13855",16589,0,3,3
"13856",16590,7,19,12
"13857",16591,1,1,0
"13858",16592,1,1,0
"13859",16593,4,2,-2
"13860",16594,3,3,0
"13861",16595,0,3,3
"13862",16596,1,0,-1
"13863",16597,0,1,1
"13864",16598,0,1,1
"13865",16599,0,7,7
"13866",16600,0,2,2
"13867",16602,0,1,1
"13868",16603,0,2,2
"13869",16604,0,1,1
"13870",16605,0,2,2
"13871",16606,1,3,2
"13872",16607,0,6,6
"13873",16608,0,1,1
"13874",16609,0,4,4
"13875",16610,2,0,-2
"13876",16611,0,5,5
"13877",16612,0,4,4
"13878",16613,2,12,10
"13879",16614,1,0,-1
"13880",16615,0,1,1
"13881",16616,8,38,30
"13882",16617,3,1,-2
"13883",16618,1,2,1
"13884",16619,2,2,0
"13885",16620,1,2,1
"13886",16621,4,2,-2
"13887",16623,0,1,1
"13888",16624,2,3,1
"13889",16625,25,17,-8
"13890",16626,0,1,1
"13891",16627,0,2,2
"13892",16628,0,1,1
"13893",16629,0,1,1
"13894",16630,10,41,31
"13895",16631,0,1,1
"13896",16633,0,1,1
"13897",16635,0,1,1
"13898",16636,0,5,5
"13899",16637,0,2,2
"13900",16640,0,1,1
"13901",16641,6,4,-2
"13902",16642,8,1,-7
"13903",16643,0,1,1
"13904",16644,2,3,1
"13905",16645,2,4,2
"13906",16646,8,9,1
"13907",16647,0,1,1
"13908",16648,0,4,4
"13909",16649,5,0,-5
"13910",16650,0,6,6
"13911",16651,1,3,2
"13912",16652,1,0,-1
"13913",16653,3,33,30
"13914",16654,1,1,0
"13915",16655,0,2,2
"13916",16656,1,1,0
"13917",16657,1,0,-1
"13918",16658,1,5,4
"13919",16659,3,4,1
"13920",16660,0,1,1
"13921",16661,0,2,2
"13922",16662,3,9,6
"13923",16663,0,1,1
"13924",16667,0,1,1
"13925",16668,1,2,1
"13926",16669,3,3,0
"13927",16670,0,1,1
"13928",16671,0,2,2
"13929",16672,1,2,1
"13930",16673,1,1,0
"13931",16674,1,4,3
"13932",16675,2,3,1
"13933",16676,1,8,7
"13934",16677,2,1,-1
"13935",16679,0,1,1
"13936",16680,0,1,1
"13937",16681,0,3,3
"13938",16682,1,3,2
"13939",16683,0,1,1
"13940",16684,1,2,1
"13941",16685,0,8,8
"13942",16686,1,3,2
"13943",16687,5,5,0
"13944",16688,0,1,1
"13945",16689,22,19,-3
"13946",16690,6,4,-2
"13947",16691,1,0,-1
"13948",16692,2,4,2
"13949",16693,0,1,1
"13950",16694,3,0,-3
"13951",16696,7,4,-3
"13952",16697,0,1,1
"13953",16698,4,3,-1
"13954",16699,1,1,0
"13955",16700,0,1,1
"13956",16701,3,9,6
"13957",16702,0,2,2
"13958",16704,1,0,-1
"13959",16705,3,0,-3
"13960",16706,0,4,4
"13961",16708,3,1,-2
"13962",16709,0,1,1
"13963",16710,1,1,0
"13964",16711,0,1,1
"13965",16712,1,0,-1
"13966",16713,4,3,-1
"13967",16714,0,3,3
"13968",16715,2,6,4
"13969",16716,1,1,0
"13970",16717,0,7,7
"13971",16718,4,5,1
"13972",16719,1,0,-1
"13973",16720,1,0,-1
"13974",16721,0,1,1
"13975",16722,4,7,3
"13976",16723,0,2,2
"13977",16724,0,2,2
"13978",16725,0,1,1
"13979",16726,2,2,0
"13980",16727,0,5,5
"13981",16728,0,3,3
"13982",16729,0,1,1
"13983",16730,2,2,0
"13984",16731,4,8,4
"13985",16732,2,2,0
"13986",16733,0,1,1
"13987",16734,3,0,-3
"13988",16736,2,5,3
"13989",16738,0,3,3
"13990",16739,1,2,1
"13991",16740,0,6,6
"13992",16741,1,1,0
"13993",16744,1,3,2
"13994",16747,1,2,1
"13995",16748,5,9,4
"13996",16749,0,1,1
"13997",16750,4,9,5
"13998",16751,1,4,3
"13999",16752,0,4,4
"14000",16753,0,1,1
"14001",16754,2,13,11
"14002",16755,0,9,9
"14003",16756,2,7,5
"14004",16757,1,0,-1
"14005",16758,7,49,42
"14006",16759,3,1,-2
"14007",16761,5,1,-4
"14008",16762,10,1,-9
"14009",16763,0,5,5
"14010",16764,0,2,2
"14011",16766,1,3,2
"14012",16767,6,1,-5
"14013",16769,0,1,1
"14014",16770,19,10,-9
"14015",16771,1,0,-1
"14016",16772,1,4,3
"14017",16774,1,1,0
"14018",16776,1,3,2
"14019",16777,0,2,2
"14020",16778,0,1,1
"14021",16779,2,11,9
"14022",16780,2,2,0
"14023",16781,8,6,-2
"14024",16782,0,4,4
"14025",16783,0,2,2
"14026",16784,1,3,2
"14027",16786,0,2,2
"14028",16787,2,5,3
"14029",16788,0,1,1
"14030",16789,1,4,3
"14031",16790,0,1,1
"14032",16791,1,0,-1
"14033",16792,1,7,6
"14034",16793,1,9,8
"14035",16794,1,4,3
"14036",16795,1,1,0
"14037",16796,0,3,3
"14038",16797,0,1,1
"14039",16798,1,1,0
"14040",16799,4,6,2
"14041",16800,3,2,-1
"14042",16801,2,5,3
"14043",16802,3,0,-3
"14044",16803,3,6,3
"14045",16804,0,1,1
"14046",16805,4,1,-3
"14047",16806,5,2,-3
"14048",16807,2,1,-1
"14049",16808,2,33,31
"14050",16809,1,1,0
"14051",16810,3,1,-2
"14052",16811,0,1,1
"14053",16812,3,0,-3
"14054",16813,0,1,1
"14055",16815,0,1,1
"14056",16816,0,2,2
"14057",16817,5,2,-3
"14058",16818,4,6,2
"14059",16819,0,3,3
"14060",16820,0,1,1
"14061",16821,14,7,-7
"14062",16822,1,0,-1
"14063",16823,0,2,2
"14064",16824,8,10,2
"14065",16825,5,6,1
"14066",16826,5,4,-1
"14067",16827,5,7,2
"14068",16829,10,12,2
"14069",16830,5,1,-4
"14070",16831,0,1,1
"14071",16832,17,6,-11
"14072",16833,7,10,3
"14073",16834,1,0,-1
"14074",16836,1,0,-1
"14075",16837,2,0,-2
"14076",16838,2,2,0
"14077",16839,0,1,1
"14078",16840,1,2,1
"14079",16841,11,12,1
"14080",16842,0,1,1
"14081",16843,7,1,-6
"14082",16844,11,1,-10
"14083",16845,0,1,1
"14084",16846,0,1,1
"14085",16847,10,7,-3
"14086",16848,4,0,-4
"14087",16849,1,4,3
"14088",16852,0,2,2
"14089",16853,3,2,-1
"14090",16854,1,0,-1
"14091",16855,1,1,0
"14092",16856,0,1,1
"14093",16857,10,14,4
"14094",16858,3,1,-2
"14095",16859,7,3,-4
"14096",16860,1,1,0
"14097",16862,1,0,-1
"14098",16863,4,14,10
"14099",16864,2,1,-1
"14100",16866,3,0,-3
"14101",16867,0,1,1
"14102",16869,1,1,0
"14103",16870,1,3,2
"14104",16872,0,1,1
"14105",16873,0,2,2
"14106",16877,1,0,-1
"14107",16879,2,4,2
"14108",16882,1,0,-1
"14109",16884,0,2,2
"14110",16885,0,1,1
"14111",16886,0,1,1
"14112",16887,3,5,2
"14113",16888,0,1,1
"14114",16890,0,1,1
"14115",16891,2,0,-2
"14116",16892,3,6,3
"14117",16894,7,4,-3
"14118",16895,1,1,0
"14119",16898,0,1,1
"14120",16900,0,1,1
"14121",16902,1,0,-1
"14122",16903,0,2,2
"14123",16904,0,1,1
"14124",16905,1,0,-1
"14125",16906,1,0,-1
"14126",16907,1,0,-1
"14127",16908,0,1,1
"14128",16909,6,2,-4
"14129",16910,1,1,0
"14130",16911,1,0,-1
"14131",16912,0,1,1
"14132",16914,1,1,0
"14133",16916,3,11,8
"14134",16918,1,0,-1
"14135",16919,8,6,-2
"14136",16923,0,1,1
"14137",16926,5,0,-5
"14138",16927,5,14,9
"14139",16928,2,4,2
"14140",16929,0,2,2
"14141",16930,0,1,1
"14142",16931,0,2,2
"14143",16933,0,1,1
"14144",16934,1,2,1
"14145",16935,5,10,5
"14146",16936,0,2,2
"14147",16937,10,11,1
"14148",16938,0,2,2
"14149",16939,15,9,-6
"14150",16940,0,5,5
"14151",16941,5,8,3
"14152",16942,4,6,2
"14153",16943,6,11,5
"14154",16944,2,5,3
"14155",16946,2,5,3
"14156",16947,8,22,14
"14157",16948,23,27,4
"14158",16949,2,5,3
"14159",16950,10,1,-9
"14160",16951,7,8,1
"14161",16952,0,5,5
"14162",16953,4,7,3
"14163",16954,2,5,3
"14164",16956,23,11,-12
"14165",16958,18,8,-10
"14166",16959,3,4,1
"14167",16960,2,1,-1
"14168",16961,3,9,6
"14169",16962,0,2,2
"14170",16963,4,15,11
"14171",16964,22,21,-1
"14172",16967,5,1,-4
"14173",16968,0,1,1
"14174",16969,2,8,6
"14175",16970,5,9,4
"14176",16971,0,1,1
"14177",16972,3,17,14
"14178",16974,6,13,7
"14179",16975,1,0,-1
"14180",16976,34,23,-11
"14181",16977,9,1,-8
"14182",16978,6,1,-5
"14183",16979,4,12,8
"14184",16981,1,6,5
"14185",16982,1,6,5
"14186",16983,3,2,-1
"14187",16984,3,6,3
"14188",16986,3,6,3
"14189",16987,3,11,8
"14190",16988,0,1,1
"14191",16989,0,1,1
"14192",16990,4,17,13
"14193",16991,1,1,0
"14194",16992,4,4,0
"14195",16993,6,3,-3
"14196",16994,2,0,-2
"14197",16995,7,5,-2
"14198",16996,2,5,3
"14199",16998,0,1,1
"14200",16999,0,18,18
"14201",17000,2,5,3
"14202",17001,4,8,4
"14203",17002,2,3,1
"14204",17003,5,11,6
"14205",17004,0,5,5
"14206",17006,1,2,1
"14207",17007,1,0,-1
"14208",17008,1,1,0
"14209",17009,1,4,3
"14210",17010,3,10,7
"14211",17011,2,0,-2
"14212",17012,1,8,7
"14213",17013,2,5,3
"14214",17014,0,1,1
"14215",17015,1,3,2
"14216",17016,22,11,-11
"14217",17017,9,5,-4
"14218",17018,1,1,0
"14219",17019,2,5,3
"14220",17020,2,13,11
"14221",17021,2,1,-1
"14222",17022,0,2,2
"14223",17023,8,13,5
"14224",17024,7,9,2
"14225",17025,0,4,4
"14226",17026,1,3,2
"14227",17027,3,2,-1
"14228",17028,2,5,3
"14229",17029,3,7,4
"14230",17030,30,25,-5
"14231",17031,44,28,-16
"14232",17032,2,7,5
"14233",17033,13,27,14
"14234",17034,1,1,0
"14235",17035,0,5,5
"14236",17036,0,4,4
"14237",17037,1,1,0
"14238",17038,0,1,1
"14239",17040,1,0,-1
"14240",17041,25,10,-15
"14241",17042,3,13,10
"14242",17044,28,13,-15
"14243",17045,2,5,3
"14244",17046,1,1,0
"14245",17047,8,4,-4
"14246",17048,1,1,0
"14247",17049,6,15,9
"14248",17050,4,9,5
"14249",17051,2,5,3
"14250",17052,1,4,3
"14251",17053,2,8,6
"14252",17054,2,4,2
"14253",17055,6,4,-2
"14254",17056,23,9,-14
"14255",17058,2,5,3
"14256",17062,6,10,4
"14257",17063,0,3,3
"14258",17065,1,1,0
"14259",17067,3,3,0
"14260",17068,9,14,5
"14261",17069,11,24,13
"14262",17070,0,1,1
"14263",17072,13,6,-7
"14264",17074,4,13,9
"14265",17075,11,34,23
"14266",17076,2,5,3
"14267",17077,3,2,-1
"14268",17078,21,11,-10
"14269",17079,1,3,2
"14270",17080,7,9,2
"14271",17081,4,13,9
"14272",17082,24,15,-9
"14273",17083,3,6,3
"14274",17084,2,12,10
"14275",17085,4,4,0
"14276",17086,2,1,-1
"14277",17088,3,11,8
"14278",17089,3,3,0
"14279",17090,6,5,-1
"14280",17092,21,20,-1
"14281",17093,3,6,3
"14282",17094,2,2,0
"14283",17095,23,15,-8
"14284",17096,0,2,2
"14285",17097,2,0,-2
"14286",17098,3,2,-1
"14287",17099,2,5,3
"14288",17100,6,3,-3
"14289",17101,1,1,0
"14290",17102,2,9,7
"14291",17103,13,2,-11
"14292",17104,0,3,3
"14293",17105,2,1,-1
"14294",17106,13,2,-11
"14295",17108,2,5,3
"14296",17109,0,4,4
"14297",17110,1,8,7
"14298",17111,21,21,0
"14299",17112,6,5,-1
"14300",17113,0,9,9
"14301",17114,5,15,10
"14302",17115,4,6,2
"14303",17116,13,2,-11
"14304",17117,0,1,1
"14305",17119,3,4,1
"14306",17120,1,15,14
"14307",17121,0,1,1
"14308",17123,1,1,0
"14309",17125,1,3,2
"14310",17126,5,8,3
"14311",17128,0,1,1
"14312",17129,2,2,0
"14313",17130,1,3,2
"14314",17132,1,2,1
"14315",17133,2,3,1
"14316",17134,9,11,2
"14317",17135,0,2,2
"14318",17136,0,1,1
"14319",17138,1,0,-1
"14320",17139,4,7,3
"14321",17140,1,0,-1
"14322",17142,3,0,-3
"14323",17143,22,4,-18
"14324",17145,0,2,2
"14325",17146,12,11,-1
"14326",17148,1,0,-1
"14327",17149,1,2,1
"14328",17150,1,0,-1
"14329",17151,2,1,-1
"14330",17152,1,2,1
"14331",17153,1,2,1
"14332",17154,8,2,-6
"14333",17156,1,0,-1
"14334",17157,1,1,0
"14335",17159,0,4,4
"14336",17161,1,2,1
"14337",17162,3,1,-2
"14338",17163,0,1,1
"14339",17164,4,5,1
"14340",17165,1,0,-1
"14341",17166,1,3,2
"14342",17167,4,3,-1
"14343",17168,1,6,5
"14344",17169,8,3,-5
"14345",17170,1,1,0
"14346",17171,10,19,9
"14347",17172,1,2,1
"14348",17173,1,4,3
"14349",17174,36,18,-18
"14350",17175,14,7,-7
"14351",17176,6,4,-2
"14352",17177,0,2,2
"14353",17178,2,13,11
"14354",17179,2,6,4
"14355",17180,2,0,-2
"14356",17181,1,0,-1
"14357",17182,6,3,-3
"14358",17184,1,2,1
"14359",17185,34,6,-28
"14360",17186,0,1,1
"14361",17187,17,21,4
"14362",17189,0,2,2
"14363",17190,16,11,-5
"14364",17191,5,1,-4
"14365",17192,1,2,1
"14366",17196,1,0,-1
"14367",17197,1,3,2
"14368",17200,0,2,2
"14369",17202,1,2,1
"14370",17226,3,2,-1
"14371",17227,2,0,-2
"14372",17228,0,1,1
"14373",17229,0,1,1
"14374",17230,13,2,-11
"14375",17232,1,1,0
"14376",17233,8,0,-8
"14377",17234,1,7,6
"14378",17235,1,0,-1
"14379",17236,1,0,-1
"14380",17240,2,0,-2
"14381",17241,0,2,2
"14382",17242,3,3,0
"14383",17244,4,3,-1
"14384",17245,1,1,0
"14385",17247,2,2,0
"14386",17249,1,0,-1
"14387",17251,8,0,-8
"14388",17252,1,0,-1
"14389",17253,2,2,0
"14390",17255,3,10,7
"14391",17256,3,6,3
"14392",17257,2,1,-1
"14393",17258,8,0,-8
"14394",17259,1,0,-1
"14395",17260,0,1,1
"14396",17261,1,7,6
"14397",17262,2,1,-1
"14398",17263,13,2,-11
"14399",17264,0,3,3
"14400",17267,3,1,-2
"14401",17268,1,0,-1
"14402",17270,26,9,-17
"14403",17272,2,1,-1
"14404",17274,2,0,-2
"14405",17275,1,2,1
"14406",17277,0,1,1
"14407",17278,1,1,0
"14408",17279,2,7,5
"14409",17280,5,7,2
"14410",17282,1,2,1
"14411",17283,1,1,0
"14412",17284,2,2,0
"14413",17285,1,2,1
"14414",17287,0,2,2
"14415",17288,2,0,-2
"14416",17289,3,0,-3
"14417",17290,1,1,0
"14418",17292,5,9,4
"14419",17293,1,4,3
"14420",17294,0,1,1
"14421",17297,1,0,-1
"14422",17298,1,2,1
"14423",17299,1,2,1
"14424",17300,0,1,1
"14425",17301,2,2,0
"14426",17302,0,3,3
"14427",17303,0,4,4
"14428",17304,3,3,0
"14429",17305,1,5,4
"14430",17306,3,0,-3
"14431",17307,5,6,1
"14432",17308,1,1,0
"14433",17309,5,8,3
"14434",17310,4,3,-1
"14435",17312,2,2,0
"14436",17313,11,16,5
"14437",17314,1,0,-1
"14438",17315,0,1,1
"14439",17316,3,0,-3
"14440",17317,7,2,-5
"14441",17318,3,2,-1
"14442",17319,1,3,2
"14443",17320,1,0,-1
"14444",17321,3,5,2
"14445",17322,0,4,4
"14446",17323,5,0,-5
"14447",17324,9,11,2
"14448",17325,1,2,1
"14449",17326,3,3,0
"14450",17327,7,10,3
"14451",17329,0,1,1
"14452",17330,2,5,3
"14453",17331,1,2,1
"14454",17332,2,0,-2
"14455",17333,0,1,1
"14456",17334,4,0,-4
"14457",17335,1,1,0
"14458",17336,5,11,6
"14459",17337,2,4,2
"14460",17338,0,3,3
"14461",17339,2,0,-2
"14462",17340,0,2,2
"14463",17341,1,0,-1
"14464",17342,0,2,2
"14465",17343,2,2,0
"14466",17344,0,1,1
"14467",17346,0,1,1
"14468",17347,1,1,0
"14469",17348,0,2,2
"14470",17349,5,1,-4
"14471",17350,13,18,5
"14472",17351,7,0,-7
"14473",17352,2,3,1
"14474",17353,1,2,1
"14475",17354,0,2,2
"14476",17355,0,1,1
"14477",17356,1,0,-1
"14478",17357,1,0,-1
"14479",17358,2,1,-1
"14480",17359,3,1,-2
"14481",17360,3,4,1
"14482",17361,1,0,-1
"14483",17362,1,2,1
"14484",17364,1,3,2
"14485",17365,10,6,-4
"14486",17366,0,1,1
"14487",17367,4,8,4
"14488",17368,3,2,-1
"14489",17369,2,3,1
"14490",17370,1,1,0
"14491",17371,0,1,1
"14492",17373,8,3,-5
"14493",17375,1,2,1
"14494",17376,0,6,6
"14495",17379,2,1,-1
"14496",17380,2,2,0
"14497",17381,4,2,-2
"14498",17382,1,2,1
"14499",17383,4,2,-2
"14500",17384,4,3,-1
"14501",17385,0,1,1
"14502",17386,1,1,0
"14503",17389,1,1,0
"14504",17391,1,1,0
"14505",17393,7,4,-3
"14506",17394,0,6,6
"14507",17396,0,4,4
"14508",17397,2,1,-1
"14509",17398,3,10,7
"14510",17399,9,11,2
"14511",17400,0,2,2
"14512",17401,1,4,3
"14513",17402,1,0,-1
"14514",17403,4,4,0
"14515",17404,1,1,0
"14516",17405,0,2,2
"14517",17406,6,8,2
"14518",17408,2,2,0
"14519",17409,7,4,-3
"14520",17410,0,1,1
"14521",17411,5,0,-5
"14522",17412,2,3,1
"14523",17413,0,2,2
"14524",17414,3,0,-3
"14525",17415,3,1,-2
"14526",17416,5,12,7
"14527",17418,1,1,0
"14528",17419,0,1,1
"14529",17420,3,0,-3
"14530",17421,1,5,4
"14531",17422,0,1,1
"14532",17423,0,1,1
"14533",17424,1,1,0
"14534",17425,1,2,1
"14535",17426,2,4,2
"14536",17427,0,4,4
"14537",17428,5,5,0
"14538",17430,2,0,-2
"14539",17431,1,0,-1
"14540",17432,0,3,3
"14541",17435,1,0,-1
"14542",17437,0,2,2
"14543",17439,3,3,0
"14544",17441,9,10,1
"14545",17442,3,1,-2
"14546",17444,1,7,6
"14547",17445,1,0,-1
"14548",17447,3,3,0
"14549",17448,2,3,1
"14550",17449,1,1,0
"14551",17450,0,2,2
"14552",17451,2,3,1
"14553",17452,1,2,1
"14554",17453,2,4,2
"14555",17454,0,2,2
"14556",17455,0,6,6
"14557",17457,7,10,3
"14558",17458,8,7,-1
"14559",17459,0,1,1
"14560",17460,1,3,2
"14561",17461,0,1,1
"14562",17462,2,3,1
"14563",17464,5,5,0
"14564",17465,0,3,3
"14565",17466,16,9,-7
"14566",17468,0,2,2
"14567",17469,1,2,1
"14568",17470,1,7,6
"14569",17471,3,5,2
"14570",17473,3,0,-3
"14571",17475,0,1,1
"14572",17477,2,4,2
"14573",17478,28,19,-9
"14574",17479,0,1,1
"14575",17480,1,0,-1
"14576",17481,1,0,-1
"14577",17482,2,0,-2
"14578",17485,4,6,2
"14579",17486,6,12,6
"14580",17487,26,15,-11
"14581",17488,2,2,0
"14582",17489,4,4,0
"14583",17490,1,2,1
"14584",17491,0,1,1
"14585",17493,9,16,7
"14586",17494,3,2,-1
"14587",17495,0,1,1
"14588",17496,0,1,1
"14589",17497,0,1,1
"14590",17498,1,0,-1
"14591",17499,0,1,1
"14592",17500,1,0,-1
"14593",17502,0,4,4
"14594",17503,0,1,1
"14595",17504,1,2,1
"14596",17505,0,1,1
"14597",17506,2,6,4
"14598",17507,0,4,4
"14599",17508,0,2,2
"14600",17509,0,1,1
"14601",17510,1,3,2
"14602",17511,3,9,6
"14603",17512,1,1,0
"14604",17513,3,3,0
"14605",17514,2,2,0
"14606",17515,9,10,1
"14607",17517,1,2,1
"14608",17518,0,1,1
"14609",17519,0,1,1
"14610",17520,1,0,-1
"14611",17521,0,1,1
"14612",17522,2,9,7
"14613",17523,3,3,0
"14614",17524,3,13,10
"14615",17525,5,0,-5
"14616",17526,1,0,-1
"14617",17527,1,0,-1
"14618",17528,0,3,3
"14619",17529,11,1,-10
"14620",17530,2,5,3
"14621",17531,2,2,0
"14622",17532,1,2,1
"14623",17533,0,2,2
"14624",17534,1,0,-1
"14625",17535,1,2,1
"14626",17536,1,1,0
"14627",17537,1,6,5
"14628",17538,0,1,1
"14629",17539,1,0,-1
"14630",17540,1,0,-1
"14631",17541,30,19,-11
"14632",17542,0,1,1
"14633",17543,2,0,-2
"14634",17544,2,1,-1
"14635",17545,1,3,2
"14636",17546,8,7,-1
"14637",17547,0,2,2
"14638",17548,2,1,-1
"14639",17549,0,1,1
"14640",17550,2,3,1
"14641",17551,5,2,-3
"14642",17552,2,1,-1
"14643",17553,0,1,1
"14644",17554,0,3,3
"14645",17555,17,8,-9
"14646",17556,1,2,1
"14647",17557,1,2,1
"14648",17559,0,1,1
"14649",17561,3,0,-3
"14650",17564,0,2,2
"14651",17565,0,1,1
"14652",17566,0,1,1
"14653",17567,0,1,1
"14654",17568,7,2,-5
"14655",17571,6,3,-3
"14656",17572,2,0,-2
"14657",17573,3,4,1
"14658",17574,1,5,4
"14659",17575,4,3,-1
"14660",17576,4,2,-2
"14661",17577,0,1,1
"14662",17578,4,4,0
"14663",17579,0,2,2
"14664",17580,0,1,1
"14665",17581,2,1,-1
"14666",17582,1,5,4
"14667",17583,4,3,-1
"14668",17584,3,1,-2
"14669",17585,1,2,1
"14670",17586,2,0,-2
"14671",17587,2,7,5
"14672",17588,0,2,2
"14673",17589,3,0,-3
"14674",17591,2,3,1
"14675",17592,3,0,-3
"14676",17593,1,1,0
"14677",17594,0,2,2
"14678",17596,0,1,1
"14679",17597,5,5,0
"14680",17598,3,5,2
"14681",17599,1,0,-1
"14682",17600,1,5,4
"14683",17601,0,3,3
"14684",17602,0,2,2
"14685",17603,1,1,0
"14686",17604,0,1,1
"14687",17605,0,1,1
"14688",17607,2,1,-1
"14689",17608,4,3,-1
"14690",17609,1,2,1
"14691",17610,0,1,1
"14692",17611,1,2,1
"14693",17612,0,1,1
"14694",17613,2,3,1
"14695",17614,2,3,1
"14696",17615,0,3,3
"14697",17616,2,0,-2
"14698",17617,1,2,1
"14699",17618,0,2,2
"14700",17619,1,1,0
"14701",17620,1,4,3
"14702",17621,1,1,0
"14703",17622,4,4,0
"14704",17623,3,3,0
"14705",17624,4,5,1
"14706",17625,1,1,0
"14707",17626,1,1,0
"14708",17627,0,1,1
"14709",17628,4,1,-3
"14710",17629,1,5,4
"14711",17631,17,9,-8
"14712",17632,1,3,2
"14713",17633,1,2,1
"14714",17634,0,2,2
"14715",17635,6,3,-3
"14716",17636,0,1,1
"14717",17637,1,2,1
"14718",17638,4,7,3
"14719",17640,3,5,2
"14720",17641,0,4,4
"14721",17642,1,7,6
"14722",17643,0,3,3
"14723",17644,0,3,3
"14724",17645,2,0,-2
"14725",17646,0,2,2
"14726",17647,2,2,0
"14727",17648,1,5,4
"14728",17649,4,4,0
"14729",17650,1,6,5
"14730",17651,1,5,4
"14731",17652,2,1,-1
"14732",17653,3,9,6
"14733",17656,1,1,0
"14734",17657,2,1,-1
"14735",17658,1,3,2
"14736",17660,0,3,3
"14737",17661,1,3,2
"14738",17662,7,11,4
"14739",17663,1,2,1
"14740",17665,2,1,-1
"14741",17666,0,1,1
"14742",17667,0,3,3
"14743",17668,6,3,-3
"14744",17670,16,8,-8
"14745",17671,1,1,0
"14746",17672,1,3,2
"14747",17673,6,0,-6
"14748",17674,11,15,4
"14749",17675,0,1,1
"14750",17676,0,1,1
"14751",17677,1,1,0
"14752",17678,3,1,-2
"14753",17679,6,1,-5
"14754",17680,1,2,1
"14755",17681,4,8,4
"14756",17682,8,6,-2
"14757",17683,0,1,1
"14758",17684,0,4,4
"14759",17685,1,1,0
"14760",17687,3,2,-1
"14761",17688,3,6,3
"14762",17690,2,4,2
"14763",17691,0,1,1
"14764",17692,8,7,-1
"14765",17693,4,5,1
"14766",17694,1,2,1
"14767",17697,3,1,-2
"14768",17698,1,4,3
"14769",17699,0,1,1
"14770",17701,0,1,1
"14771",17702,3,4,1
"14772",17703,1,0,-1
"14773",17704,5,8,3
"14774",17705,26,20,-6
"14775",17706,0,1,1
"14776",17707,1,3,2
"14777",17708,0,1,1
"14778",17711,0,1,1
"14779",17712,0,2,2
"14780",17713,0,1,1
"14781",17714,0,6,6
"14782",17717,2,1,-1
"14783",17718,0,1,1
"14784",17719,3,1,-2
"14785",17720,7,7,0
"14786",17721,2,3,1
"14787",17723,0,2,2
"14788",17727,0,2,2
"14789",17728,1,5,4
"14790",17729,0,1,1
"14791",17730,1,1,0
"14792",17731,6,4,-2
"14793",17732,0,7,7
"14794",17733,1,1,0
"14795",17734,0,1,1
"14796",17735,0,1,1
"14797",17736,2,7,5
"14798",17737,4,7,3
"14799",17738,0,3,3
"14800",17739,0,5,5
"14801",17740,4,8,4
"14802",17741,3,3,0
"14803",17742,1,3,2
"14804",17743,1,3,2
"14805",17744,1,3,2
"14806",17745,0,2,2
"14807",17748,1,1,0
"14808",17749,2,7,5
"14809",17750,7,3,-4
"14810",17752,2,2,0
"14811",17753,3,2,-1
"14812",17754,1,5,4
"14813",17755,0,2,2
"14814",17757,1,1,0
"14815",17758,24,19,-5
"14816",17759,0,6,6
"14817",17760,3,9,6
"14818",17761,5,3,-2
"14819",17763,1,2,1
"14820",17764,2,0,-2
"14821",17765,4,4,0
"14822",17766,6,5,-1
"14823",17767,0,3,3
"14824",17768,4,4,0
"14825",17769,5,2,-3
"14826",17771,6,0,-6
"14827",17772,1,2,1
"14828",17773,2,0,-2
"14829",17774,30,22,-8
"14830",17776,5,7,2
"14831",17777,1,2,1
"14832",17778,4,8,4
"14833",17779,3,2,-1
"14834",17780,0,1,1
"14835",17781,3,3,0
"14836",17782,4,3,-1
"14837",17783,10,6,-4
"14838",17785,0,2,2
"14839",17786,0,1,1
"14840",17787,1,1,0
"14841",17788,1,1,0
"14842",17789,4,1,-3
"14843",17790,2,3,1
"14844",17791,0,4,4
"14845",17792,3,5,2
"14846",17793,0,2,2
"14847",17795,0,1,1
"14848",17796,3,9,6
"14849",17797,6,4,-2
"14850",17798,2,4,2
"14851",17800,0,6,6
"14852",17801,1,2,1
"14853",17803,5,8,3
"14854",17805,4,2,-2
"14855",17807,1,0,-1
"14856",17808,4,5,1
"14857",17809,1,2,1
"14858",17810,6,3,-3
"14859",17811,1,1,0
"14860",17813,1,0,-1
"14861",17814,2,0,-2
"14862",17816,0,2,2
"14863",17817,8,8,0
"14864",17819,2,2,0
"14865",17820,0,1,1
"14866",17821,1,1,0
"14867",17822,0,3,3
"14868",17823,3,8,5
"14869",17824,2,2,0
"14870",17826,2,2,0
"14871",17827,0,2,2
"14872",17828,1,2,1
"14873",17829,1,11,10
"14874",17830,0,2,2
"14875",17831,2,1,-1
"14876",17832,2,1,-1
"14877",17834,1,2,1
"14878",17836,4,4,0
"14879",17838,1,0,-1
"14880",17839,0,2,2
"14881",17841,4,4,0
"14882",17842,3,8,5
"14883",17843,2,2,0
"14884",17844,3,0,-3
"14885",17846,1,4,3
"14886",17847,28,27,-1
"14887",17848,0,1,1
"14888",17849,13,5,-8
"14889",17850,1,1,0
"14890",17852,0,3,3
"14891",17853,5,5,0
"14892",17854,0,1,1
"14893",17855,2,3,1
"14894",17856,1,0,-1
"14895",17857,1,15,14
"14896",17860,1,1,0
"14897",17861,0,3,3
"14898",17862,0,1,1
"14899",17863,1,1,0
"14900",17864,0,3,3
"14901",17866,1,1,0
"14902",17867,0,1,1
"14903",17868,4,6,2
"14904",17869,5,4,-1
"14905",17870,0,1,1
"14906",17871,1,2,1
"14907",17872,0,6,6
"14908",17874,0,1,1
"14909",17876,3,2,-1
"14910",17877,13,6,-7
"14911",17878,5,4,-1
"14912",17879,2,2,0
"14913",17881,1,0,-1
"14914",17882,1,0,-1
"14915",17883,2,2,0
"14916",17884,8,10,2
"14917",17885,21,14,-7
"14918",17886,0,1,1
"14919",17887,1,2,1
"14920",17889,8,12,4
"14921",17890,13,5,-8
"14922",17891,32,15,-17
"14923",17892,6,5,-1
"14924",17893,0,1,1
"14925",17894,37,27,-10
"14926",17895,0,2,2
"14927",17896,0,2,2
"14928",17899,0,2,2
"14929",17900,1,1,0
"14930",17901,2,1,-1
"14931",17902,21,22,1
"14932",17903,1,1,0
"14933",17906,3,5,2
"14934",17909,0,2,2
"14935",17910,2,2,0
"14936",17912,0,6,6
"14937",17913,7,4,-3
"14938",17914,3,4,1
"14939",17915,1,4,3
"14940",17916,2,10,8
"14941",17918,3,8,5
"14942",17919,1,0,-1
"14943",17920,4,6,2
"14944",17921,1,2,1
"14945",17922,1,2,1
"14946",17923,0,1,1
"14947",17924,3,2,-1
"14948",17925,5,59,54
"14949",17928,3,2,-1
"14950",17929,2,1,-1
"14951",17931,0,3,3
"14952",17932,1,1,0
"14953",17933,0,1,1
"14954",17934,4,3,-1
"14955",17935,1,2,1
"14956",17937,0,1,1
"14957",17938,2,5,3
"14958",17939,0,2,2
"14959",17940,0,1,1
"14960",17942,0,1,1
"14961",17943,3,0,-3
"14962",17944,0,2,2
"14963",17945,7,5,-2
"14964",17946,1,2,1
"14965",17948,1,4,3
"14966",17949,0,2,2
"14967",17950,2,1,-1
"14968",17953,2,1,-1
"14969",17955,0,1,1
"14970",17956,0,2,2
"14971",17958,0,1,1
"14972",17959,0,3,3
"14973",17960,6,5,-1
"14974",17961,0,1,1
"14975",17962,0,2,2
"14976",17963,1,0,-1
"14977",17964,1,3,2
"14978",17965,0,1,1
"14979",17966,1,3,2
"14980",17967,3,19,16
"14981",17968,1,1,0
"14982",17972,0,1,1
"14983",17973,1,0,-1
"14984",17974,1,0,-1
"14985",17975,1,4,3
"14986",17976,1,4,3
"14987",17978,3,2,-1
"14988",17979,1,1,0
"14989",17980,1,9,8
"14990",17982,0,7,7
"14991",17983,36,21,-15
"14992",17985,1,2,1
"14993",17986,1,1,0
"14994",17987,4,7,3
"14995",17988,1,0,-1
"14996",17989,0,4,4
"14997",17990,0,1,1
"14998",17991,0,1,1
"14999",17993,3,2,-1
"15000",17994,0,3,3
"15001",17995,3,1,-2
"15002",17996,0,4,4
"15003",17997,0,1,1
"15004",17998,4,2,-2
"15005",17999,4,5,1
"15006",18000,0,2,2
"15007",18001,2,7,5
"15008",18002,0,2,2
"15009",18005,2,3,1
"15010",18006,2,0,-2
"15011",18007,36,25,-11
"15012",18008,0,1,1
"15013",18009,1,2,1
"15014",18011,1,0,-1
"15015",18013,1,0,-1
"15016",18014,0,2,2
"15017",18016,3,4,1
"15018",18017,1,2,1
"15019",18018,0,1,1
"15020",18019,1,2,1
"15021",18020,1,2,1
"15022",18021,0,2,2
"15023",18022,0,5,5
"15024",18023,1,1,0
"15025",18024,1,2,1
"15026",18025,0,2,2
"15027",18026,3,3,0
"15028",18027,1,1,0
"15029",18028,1,3,2
"15030",18029,0,3,3
"15031",18030,0,2,2
"15032",18031,1,7,6
"15033",18032,2,0,-2
"15034",18033,4,9,5
"15035",18034,2,0,-2
"15036",18035,1,6,5
"15037",18036,0,3,3
"15038",18038,0,4,4
"15039",18040,3,3,0
"15040",18041,0,1,1
"15041",18042,0,2,2
"15042",18043,1,1,0
"15043",18045,0,1,1
"15044",18046,1,2,1
"15045",18047,0,1,1
"15046",18048,2,1,-1
"15047",18049,3,1,-2
"15048",18050,2,2,0
"15049",18051,1,0,-1
"15050",18052,0,2,2
"15051",18053,1,3,2
"15052",18054,7,11,4
"15053",18056,1,4,3
"15054",18057,2,7,5
"15055",18061,13,10,-3
"15056",18062,2,1,-1
"15057",18064,9,4,-5
"15058",18065,2,3,1
"15059",18066,31,15,-16
"15060",18067,0,3,3
"15061",18068,1,0,-1
"15062",18069,0,2,2
"15063",18070,4,2,-2
"15064",18071,2,2,0
"15065",18072,1,0,-1
"15066",18073,0,1,1
"15067",18075,3,3,0
"15068",18076,3,0,-3
"15069",18077,0,3,3
"15070",18078,0,1,1
"15071",18079,1,2,1
"15072",18080,1,2,1
"15073",18083,5,3,-2
"15074",18084,1,1,0
"15075",18086,2,2,0
"15076",18087,7,11,4
"15077",18088,4,1,-3
"15078",18089,2,0,-2
"15079",18090,6,1,-5
"15080",18091,3,1,-2
"15081",18092,1,1,0
"15082",18093,1,4,3
"15083",18095,3,2,-1
"15084",18097,3,1,-2
"15085",18098,2,0,-2
"15086",18099,1,5,4
"15087",18101,3,0,-3
"15088",18102,1,2,1
"15089",18103,6,0,-6
"15090",18104,5,5,0
"15091",18105,0,2,2
"15092",18106,2,2,0
"15093",18107,3,3,0
"15094",18108,3,2,-1
"15095",18109,0,1,1
"15096",18110,4,2,-2
"15097",18114,1,0,-1
"15098",18116,0,1,1
"15099",18117,2,1,-1
"15100",18118,0,6,6
"15101",18119,1,0,-1
"15102",18120,1,2,1
"15103",18121,0,1,1
"15104",18122,2,2,0
"15105",18123,2,2,0
"15106",18124,2,1,-1
"15107",18125,2,2,0
"15108",18126,2,4,2
"15109",18127,12,5,-7
"15110",18128,1,2,1
"15111",18130,0,1,1
"15112",18131,5,5,0
"15113",18132,0,2,2
"15114",18134,0,1,1
"15115",18135,2,3,1
"15116",18136,1,4,3
"15117",18139,3,9,6
"15118",18140,1,2,1
"15119",18141,8,9,1
"15120",18142,2,2,0
"15121",18143,0,1,1
"15122",18144,2,2,0
"15123",18145,5,32,27
"15124",18147,0,1,1
"15125",18148,0,1,1
"15126",18149,4,19,15
"15127",18151,4,2,-2
"15128",18152,5,5,0
"15129",18153,2,1,-1
"15130",18157,1,2,1
"15131",18159,2,0,-2
"15132",18160,0,3,3
"15133",18161,3,0,-3
"15134",18162,2,2,0
"15135",18163,1,0,-1
"15136",18164,0,1,1
"15137",18165,3,0,-3
"15138",18167,0,3,3
"15139",18169,0,2,2
"15140",18170,3,16,13
"15141",18171,1,0,-1
"15142",18172,3,1,-2
"15143",18173,4,0,-4
"15144",18174,0,3,3
"15145",18175,3,3,0
"15146",18176,8,5,-3
"15147",18178,4,2,-2
"15148",18180,2,1,-1
"15149",18181,11,7,-4
"15150",18182,0,1,1
"15151",18183,2,1,-1
"15152",18186,5,1,-4
"15153",18187,4,3,-1
"15154",18188,1,0,-1
"15155",18189,4,4,0
"15156",18192,1,1,0
"15157",18193,2,2,0
"15158",18194,2,2,0
"15159",18195,3,3,0
"15160",18196,1,0,-1
"15161",18197,1,0,-1
"15162",18198,2,1,-1
"15163",18199,1,4,3
"15164",18200,4,4,0
"15165",18201,8,4,-4
"15166",18202,24,35,11
"15167",18203,117,69,-48
"15168",18205,16,17,1
"15169",18206,13,7,-6
"15170",18207,110,72,-38
"15171",18208,116,68,-48
"15172",18210,123,65,-58
"15173",18211,4,4,0
"15174",18212,0,3,3
"15175",18213,0,2,2
"15176",18215,1,3,2
"15177",18216,1,1,0
"15178",18217,2,5,3
"15179",18218,3,2,-1
"15180",18219,2,3,1
"15181",18220,1,2,1
"15182",18221,3,1,-2
"15183",18222,3,0,-3
"15184",18223,3,5,2
"15185",18224,2,11,9
"15186",18225,6,10,4
"15187",18226,1,1,0
"15188",18227,1,3,2
"15189",18230,94,57,-37
"15190",18232,124,74,-50
"15191",18234,24,11,-13
"15192",18235,2,1,-1
"15193",18236,2,1,-1
"15194",18237,2,1,-1
"15195",18239,2,0,-2
"15196",18240,3,2,-1
"15197",18241,2,1,-1
"15198",18242,1,0,-1
"15199",18243,1,0,-1
"15200",18244,1,0,-1
"15201",18245,2,1,-1
"15202",18246,2,1,-1
"15203",18247,2,1,-1
"15204",18248,2,1,-1
"15205",18249,2,1,-1
"15206",18250,2,1,-1
"15207",18251,2,1,-1
"15208",18252,1,0,-1
"15209",18253,2,1,-1
"15210",18254,2,1,-1
"15211",18256,1,0,-1
"15212",18257,13,12,-1
"15213",18258,2,4,2
"15214",18259,6,24,18
"15215",18260,28,26,-2
"15216",18261,3,1,-2
"15217",18262,11,17,6
"15218",18263,1,0,-1
"15219",18264,4,8,4
"15220",18265,3,4,1
"15221",18266,1,3,2
"15222",18268,1,1,0
"15223",18269,1,3,2
"15224",18270,2,1,-1
"15225",18271,2,2,0
"15226",18272,19,23,4
"15227",18273,3,1,-2
"15228",18274,1,2,1
"15229",18275,7,8,1
"15230",18277,0,1,1
"15231",18280,2,0,-2
"15232",18281,5,3,-2
"15233",18282,4,7,3
"15234",18283,1,3,2
"15235",18284,6,34,28
"15236",18285,0,2,2
"15237",18286,13,1,-12
"15238",18287,1,1,0
"15239",18288,1,0,-1
"15240",18289,1,0,-1
"15241",18290,1,2,1
"15242",18291,2,1,-1
"15243",18292,3,0,-3
"15244",18293,35,20,-15
"15245",18294,1,1,0
"15246",18295,1,2,1
"15247",18297,0,1,1
"15248",18298,2,4,2
"15249",18299,3,1,-2
"15250",18300,1,2,1
"15251",18301,2,0,-2
"15252",18303,3,3,0
"15253",18304,1,4,3
"15254",18305,2,3,1
"15255",18306,0,1,1
"15256",18307,0,1,1
"15257",18308,4,4,0
"15258",18309,3,2,-1
"15259",18310,3,2,-1
"15260",18311,0,1,1
"15261",18312,1,0,-1
"15262",18314,28,19,-9
"15263",18316,4,4,0
"15264",18317,2,2,0
"15265",18318,1,0,-1
"15266",18319,6,6,0
"15267",18321,1,1,0
"15268",18322,0,1,1
"15269",18323,1,0,-1
"15270",18324,9,5,-4
"15271",18325,38,26,-12
"15272",18326,2,3,1
"15273",18327,0,6,6
"15274",18328,6,4,-2
"15275",18329,1,0,-1
"15276",18332,0,5,5
"15277",18333,0,1,1
"15278",18334,0,3,3
"15279",18335,7,3,-4
"15280",18336,1,1,0
"15281",18337,6,22,16
"15282",18338,6,13,7
"15283",18339,0,4,4
"15284",18340,21,25,4
"15285",18341,5,0,-5
"15286",18342,1,2,1
"15287",18344,5,7,2
"15288",18345,2,0,-2
"15289",18346,0,5,5
"15290",18347,1,1,0
"15291",18348,6,7,1
"15292",18349,0,6,6
"15293",18351,0,5,5
"15294",18352,1,1,0
"15295",18353,1,2,1
"15296",18354,3,3,0
"15297",18356,12,4,-8
"15298",18358,4,2,-2
"15299",18359,0,1,1
"15300",18360,2,2,0
"15301",18361,1,4,3
"15302",18362,1,6,5
"15303",18364,1,1,0
"15304",18366,0,1,1
"15305",18368,3,7,4
"15306",18369,1,2,1
"15307",18371,1,0,-1
"15308",18372,2,8,6
"15309",18373,0,2,2
"15310",18374,1,1,0
"15311",18375,2,5,3
"15312",18376,1,3,2
"15313",18378,0,1,1
"15314",18379,2,6,4
"15315",18380,1,0,-1
"15316",18381,4,5,1
"15317",18382,1,0,-1
"15318",18383,0,1,1
"15319",18384,2,1,-1
"15320",18385,0,5,5
"15321",18386,44,16,-28
"15322",18387,1,1,0
"15323",18389,0,11,11
"15324",18390,3,0,-3
"15325",18391,0,4,4
"15326",18392,3,2,-1
"15327",18393,2,2,0
"15328",18394,0,4,4
"15329",18395,1,0,-1
"15330",18396,2,1,-1
"15331",18397,2,3,1
"15332",18400,3,2,-1
"15333",18401,0,1,1
"15334",18402,0,3,3
"15335",18403,0,2,2
"15336",18404,3,3,0
"15337",18405,1,4,3
"15338",18406,1,2,1
"15339",18407,5,3,-2
"15340",18408,0,1,1
"15341",18409,2,0,-2
"15342",18410,1,5,4
"15343",18411,4,7,3
"15344",18412,2,4,2
"15345",18413,1,1,0
"15346",18414,2,2,0
"15347",18415,7,10,3
"15348",18416,0,1,1
"15349",18417,1,0,-1
"15350",18418,2,2,0
"15351",18419,0,2,2
"15352",18420,1,0,-1
"15353",18421,0,4,4
"15354",18423,29,23,-6
"15355",18424,4,0,-4
"15356",18425,2,0,-2
"15357",18426,2,3,1
"15358",18427,49,21,-28
"15359",18428,1,4,3
"15360",18429,0,2,2
"15361",18431,0,1,1
"15362",18432,5,3,-2
"15363",18433,0,4,4
"15364",18434,1,0,-1
"15365",18435,8,4,-4
"15366",18436,0,1,1
"15367",18437,3,1,-2
"15368",18438,1,0,-1
"15369",18439,0,1,1
"15370",18440,1,1,0
"15371",18442,6,13,7
"15372",18444,1,0,-1
"15373",18446,2,0,-2
"15374",18448,2,2,0
"15375",18451,2,4,2
"15376",18452,3,0,-3
"15377",18454,2,7,5
"15378",18455,2,2,0
"15379",18456,1,1,0
"15380",18457,2,3,1
"15381",18459,5,3,-2
"15382",18460,1,3,2
"15383",18461,2,2,0
"15384",18462,34,26,-8
"15385",18463,2,2,0
"15386",18464,5,3,-2
"15387",18466,1,1,0
"15388",18469,0,3,3
"15389",18470,0,2,2
"15390",18471,2,2,0
"15391",18472,0,1,1
"15392",18473,0,2,2
"15393",18474,3,2,-1
"15394",18475,1,1,0
"15395",18476,4,3,-1
"15396",18477,3,3,0
"15397",18479,5,8,3
"15398",18480,0,1,1
"15399",18482,1,0,-1
"15400",18483,5,3,-2
"15401",18484,3,4,1
"15402",18485,3,1,-2
"15403",18486,2,1,-1
"15404",18487,3,3,0
"15405",18488,2,1,-1
"15406",18489,4,2,-2
"15407",18492,1,0,-1
"15408",18493,2,1,-1
"15409",18494,2,1,-1
"15410",18495,3,0,-3
"15411",18496,8,7,-1
"15412",18497,1,2,1
"15413",18498,0,1,1
"15414",18499,2,3,1
"15415",18500,0,1,1
"15416",18501,2,0,-2
"15417",18502,16,22,6
"15418",18504,2,2,0
"15419",18505,1,2,1
"15420",18506,2,0,-2
"15421",18507,0,1,1
"15422",18508,0,1,1
"15423",18509,12,24,12
"15424",18510,4,1,-3
"15425",18511,1,4,3
"15426",18512,1,2,1
"15427",18513,3,4,1
"15428",18515,1,1,0
"15429",18516,3,5,2
"15430",18517,2,1,-1
"15431",18518,0,4,4
"15432",18519,1,0,-1
"15433",18520,7,1,-6
"15434",18521,5,1,-4
"15435",18522,4,2,-2
"15436",18523,0,2,2
"15437",18524,20,23,3
"15438",18525,3,3,0
"15439",18526,1,2,1
"15440",18527,2,0,-2
"15441",18528,36,22,-14
"15442",18529,25,14,-11
"15443",18530,5,3,-2
"15444",18531,24,15,-9
"15445",18532,37,26,-11
"15446",18533,25,25,0
"15447",18534,22,10,-12
"15448",18535,27,17,-10
"15449",18536,37,21,-16
"15450",18537,27,24,-3
"15451",18538,40,22,-18
"15452",18539,25,22,-3
"15453",18540,30,14,-16
"15454",18541,36,23,-13
"15455",18542,12,9,-3
"15456",18543,15,5,-10
"15457",18544,31,20,-11
"15458",18545,41,13,-28
"15459",18546,36,20,-16
"15460",18547,46,31,-15
"15461",18548,25,21,-4
"15462",18549,18,13,-5
"15463",18550,27,20,-7
"15464",18551,11,3,-8
"15465",18552,25,7,-18
"15466",18553,17,7,-10
"15467",18554,38,23,-15
"15468",18555,36,20,-16
"15469",18556,33,16,-17
"15470",18557,3,5,2
"15471",18558,46,22,-24
"15472",18559,24,18,-6
"15473",18560,23,17,-6
"15474",18561,13,14,1
"15475",18562,18,10,-8
"15476",18563,26,22,-4
"15477",18564,35,26,-9
"15478",18565,24,28,4
"15479",18566,8,3,-5
"15480",18567,27,19,-8
"15481",18568,26,22,-4
"15482",18569,20,21,1
"15483",18571,3,0,-3
"15484",18572,2,1,-1
"15485",18574,0,2,2
"15486",18575,2,2,0
"15487",18576,1,2,1
"15488",18577,0,1,1
"15489",18578,2,11,9
"15490",18579,8,19,11
"15491",18580,2,5,3
"15492",18581,8,6,-2
"15493",18582,3,10,7
"15494",18583,1,0,-1
"15495",18584,0,4,4
"15496",18585,1,10,9
"15497",18587,0,4,4
"15498",18588,0,9,9
"15499",18589,5,7,2
"15500",18591,0,3,3
"15501",18592,0,1,1
"15502",18593,0,5,5
"15503",18594,0,1,1
"15504",18595,2,4,2
"15505",18596,5,0,-5
"15506",18598,0,12,12
"15507",18599,0,1,1
"15508",18600,8,3,-5
"15509",18601,2,4,2
"15510",18603,1,3,2
"15511",18604,1,0,-1
"15512",18605,0,1,1
"15513",18606,3,1,-2
"15514",18607,0,1,1
"15515",18608,0,3,3
"15516",18609,2,6,4
"15517",18610,4,6,2
"15518",18611,0,2,2
"15519",18612,3,1,-2
"15520",18613,25,24,-1
"15521",18614,6,2,-4
"15522",18615,6,2,-4
"15523",18617,1,6,5
"15524",18619,0,2,2
"15525",18620,2,2,0
"15526",18621,6,11,5
"15527",18622,1,1,0
"15528",18626,3,3,0
"15529",18627,2,1,-1
"15530",18628,1,1,0
"15531",18629,3,6,3
"15532",18630,4,2,-2
"15533",18631,1,3,2
"15534",18632,0,1,1
"15535",18633,2,1,-1
"15536",18634,1,3,2
"15537",18635,6,9,3
"15538",18636,0,1,1
"15539",18637,1,1,0
"15540",18638,2,0,-2
"15541",18639,0,1,1
"15542",18640,4,2,-2
"15543",18641,1,0,-1
"15544",18643,4,5,1
"15545",18644,0,1,1
"15546",18645,2,1,-1
"15547",18646,2,2,0
"15548",18647,3,1,-2
"15549",18648,2,0,-2
"15550",18649,2,2,0
"15551",18650,0,1,1
"15552",18652,4,2,-2
"15553",18653,0,1,1
"15554",18654,0,1,1
"15555",18655,2,2,0
"15556",18656,0,2,2
"15557",18657,2,4,2
"15558",18658,0,1,1
"15559",18659,3,4,1
"15560",18660,1,5,4
"15561",18661,4,1,-3
"15562",18662,1,0,-1
"15563",18663,26,23,-3
"15564",18664,24,35,11
"15565",18666,0,4,4
"15566",18667,1,2,1
"15567",18668,2,2,0
"15568",18669,1,1,0
"15569",18670,2,3,1
"15570",18671,38,21,-17
"15571",18672,2,1,-1
"15572",18673,3,5,2
"15573",18675,5,0,-5
"15574",18676,1,1,0
"15575",18677,1,1,0
"15576",18679,3,3,0
"15577",18680,2,0,-2
"15578",18681,2,1,-1
"15579",18682,1,0,-1
"15580",18683,0,1,1
"15581",18685,1,1,0
"15582",18686,2,4,2
"15583",18687,3,0,-3
"15584",18688,3,2,-1
"15585",18690,0,1,1
"15586",18691,1,0,-1
"15587",18692,1,1,0
"15588",18693,0,2,2
"15589",18694,0,1,1
"15590",18695,6,8,2
"15591",18696,5,3,-2
"15592",18697,6,0,-6
"15593",18698,1,1,0
"15594",18699,1,1,0
"15595",18700,0,2,2
"15596",18701,1,0,-1
"15597",18702,5,2,-3
"15598",18703,0,1,1
"15599",18704,1,3,2
"15600",18705,1,5,4
"15601",18706,1,5,4
"15602",18707,1,2,1
"15603",18708,1,0,-1
"15604",18709,2,2,0
"15605",18710,0,1,1
"15606",18711,0,3,3
"15607",18712,2,3,1
"15608",18713,1,2,1
"15609",18714,0,1,1
"15610",18718,1,0,-1
"15611",18720,6,2,-4
"15612",18721,2,2,0
"15613",18722,1,1,0
"15614",18724,0,5,5
"15615",18725,3,0,-3
"15616",18726,8,2,-6
"15617",18727,0,1,1
"15618",18728,3,0,-3
"15619",18729,2,0,-2
"15620",18730,0,3,3
"15621",18732,0,1,1
"15622",18733,1,0,-1
"15623",18735,1,3,2
"15624",18738,1,1,0
"15625",18740,0,1,1
"15626",18741,3,2,-1
"15627",18743,2,2,0
"15628",18745,3,6,3
"15629",18746,1,3,2
"15630",18748,3,2,-1
"15631",18749,1,1,0
"15632",18750,4,0,-4
"15633",18752,3,3,0
"15634",18754,2,2,0
"15635",18755,1,3,2
"15636",18756,0,1,1
"15637",18758,1,0,-1
"15638",18759,0,2,2
"15639",18760,3,1,-2
"15640",18761,2,5,3
"15641",18762,0,3,3
"15642",18763,1,0,-1
"15643",18765,2,4,2
"15644",18766,0,3,3
"15645",18767,1,2,1
"15646",18768,3,3,0
"15647",18769,2,2,0
"15648",18770,0,1,1
"15649",18771,1,1,0
"15650",18772,0,1,1
"15651",18773,2,4,2
"15652",18774,1,0,-1
"15653",18775,2,0,-2
"15654",18776,2,5,3
"15655",18777,1,1,0
"15656",18778,0,9,9
"15657",18779,2,10,8
"15658",18780,0,2,2
"15659",18781,4,2,-2
"15660",18783,0,1,1
"15661",18784,3,7,4
"15662",18785,2,2,0
"15663",18786,1,0,-1
"15664",18787,1,5,4
"15665",18788,1,1,0
"15666",18789,13,18,5
"15667",18790,0,1,1
"15668",18791,6,24,18
"15669",18792,4,1,-3
"15670",18793,2,0,-2
"15671",18794,1,0,-1
"15672",18795,4,3,-1
"15673",18796,0,1,1
"15674",18797,1,0,-1
"15675",18798,0,1,1
"15676",18799,1,7,6
"15677",18800,1,3,2
"15678",18801,8,1,-7
"15679",18802,1,2,1
"15680",18803,1,4,3
"15681",18804,2,2,0
"15682",18805,1,1,0
"15683",18806,0,1,1
"15684",18807,2,2,0
"15685",18808,0,1,1
"15686",18809,0,3,3
"15687",18810,1,5,4
"15688",18811,1,0,-1
"15689",18812,0,1,1
"15690",18813,0,13,13
"15691",18814,1,0,-1
"15692",18817,1,0,-1
"15693",18819,0,1,1
"15694",18820,7,2,-5
"15695",18822,0,1,1
"15696",18823,2,4,2
"15697",18824,1,0,-1
"15698",18825,0,2,2
"15699",18826,3,2,-1
"15700",18827,4,1,-3
"15701",18829,0,1,1
"15702",18830,3,1,-2
"15703",18831,1,2,1
"15704",18832,0,3,3
"15705",18833,5,3,-2
"15706",18834,4,0,-4
"15707",18836,6,4,-2
"15708",18838,5,7,2
"15709",18839,0,1,1
"15710",18840,1,0,-1
"15711",18841,8,9,1
"15712",18842,4,0,-4
"15713",18843,1,3,2
"15714",18844,1,5,4
"15715",18845,3,2,-1
"15716",18846,1,2,1
"15717",18848,1,2,1
"15718",18849,1,0,-1
"15719",18852,1,4,3
"15720",18853,1,5,4
"15721",18854,2,1,-1
"15722",18855,0,3,3
"15723",18856,2,1,-1
"15724",18857,6,6,0
"15725",18858,2,0,-2
"15726",18859,2,1,-1
"15727",18860,2,2,0
"15728",18861,3,1,-2
"15729",18862,2,0,-2
"15730",18863,12,4,-8
"15731",18864,1,0,-1
"15732",18865,1,2,1
"15733",18866,1,0,-1
"15734",18868,2,2,0
"15735",18869,1,0,-1
"15736",18870,0,2,2
"15737",18873,2,1,-1
"15738",18875,1,0,-1
"15739",18877,5,3,-2
"15740",18879,3,7,4
"15741",18881,2,2,0
"15742",18882,1,7,6
"15743",18883,0,5,5
"15744",18885,0,2,2
"15745",18887,3,4,1
"15746",18888,2,4,2
"15747",18889,0,1,1
"15748",18890,1,2,1
"15749",18891,1,2,1
"15750",18892,2,5,3
"15751",18894,2,1,-1
"15752",18895,2,2,0
"15753",18897,0,1,1
"15754",18898,1,3,2
"15755",18899,0,1,1
"15756",18900,7,11,4
"15757",18901,1,1,0
"15758",18902,1,0,-1
"15759",18903,1,0,-1
"15760",18904,2,0,-2
"15761",18905,0,1,1
"15762",18906,2,3,1
"15763",18907,5,3,-2
"15764",18908,2,2,0
"15765",18909,1,1,0
"15766",18912,2,1,-1
"15767",18914,0,1,1
"15768",18915,2,1,-1
"15769",18916,0,1,1
"15770",18917,3,0,-3
"15771",18919,2,0,-2
"15772",18920,4,2,-2
"15773",18921,7,8,1
"15774",18922,0,4,4
"15775",18923,5,7,2
"15776",18924,0,1,1
"15777",18925,2,4,2
"15778",18926,5,7,2
"15779",18927,1,0,-1
"15780",18928,1,0,-1
"15781",18929,3,4,1
"15782",18930,4,0,-4
"15783",18932,2,0,-2
"15784",18934,6,8,2
"15785",18937,9,8,-1
"15786",18938,1,3,2
"15787",18939,1,1,0
"15788",18940,1,3,2
"15789",18943,7,5,-2
"15790",18944,5,2,-3
"15791",18945,6,6,0
"15792",18946,2,4,2
"15793",18947,2,3,1
"15794",18948,0,1,1
"15795",18949,2,1,-1
"15796",18950,0,2,2
"15797",18951,4,0,-4
"15798",18952,1,1,0
"15799",18953,0,4,4
"15800",18954,0,1,1
"15801",18955,4,5,1
"15802",18956,0,1,1
"15803",18957,1,1,0
"15804",18958,0,2,2
"15805",18959,1,3,2
"15806",18960,1,0,-1
"15807",18961,6,4,-2
"15808",18963,6,2,-4
"15809",18966,1,0,-1
"15810",18967,2,0,-2
"15811",18969,1,4,3
"15812",18970,0,1,1
"15813",18971,1,3,2
"15814",18972,0,2,2
"15815",18973,3,7,4
"15816",18974,1,0,-1
"15817",18975,0,2,2
"15818",18976,0,2,2
"15819",18978,4,0,-4
"15820",18979,0,1,1
"15821",18980,1,1,0
"15822",18981,0,1,1
"15823",18982,2,0,-2
"15824",18983,2,1,-1
"15825",18984,3,5,2
"15826",18985,2,1,-1
"15827",18986,3,1,-2
"15828",18987,0,1,1
"15829",18988,2,0,-2
"15830",18989,1,0,-1
"15831",18990,7,3,-4
"15832",18992,2,5,3
"15833",18994,3,1,-2
"15834",18996,3,3,0
"15835",18997,0,2,2
"15836",18998,1,1,0
"15837",18999,4,2,-2
"15838",19000,3,1,-2
"15839",19002,0,1,1
"15840",19003,0,1,1
"15841",19005,2,1,-1
"15842",19007,1,1,0
"15843",19008,2,1,-1
"15844",19009,1,0,-1
"15845",19010,0,1,1
"15846",19011,2,0,-2
"15847",19012,2,0,-2
"15848",19013,0,1,1
"15849",19015,4,3,-1
"15850",19016,1,1,0
"15851",19017,2,2,0
"15852",19018,1,0,-1
"15853",19019,1,5,4
"15854",19020,1,1,0
"15855",19021,1,3,2
"15856",19022,3,3,0
"15857",19023,0,1,1
"15858",19024,0,1,1
"15859",19025,0,1,1
"15860",19026,3,1,-2
"15861",19027,2,2,0
"15862",19028,1,1,0
"15863",19029,1,1,0
"15864",19030,2,2,0
"15865",19031,6,20,14
"15866",19032,1,1,0
"15867",19033,3,2,-1
"15868",19034,3,7,4
"15869",19036,2,0,-2
"15870",19038,1,1,0
"15871",19039,2,1,-1
"15872",19041,1,2,1
"15873",19043,1,2,1
"15874",19044,1,1,0
"15875",19045,0,2,2
"15876",19047,5,4,-1
"15877",19048,1,0,-1
"15878",19049,7,11,4
"15879",19050,7,9,2
"15880",19051,2,0,-2
"15881",19052,3,4,1
"15882",19053,0,2,2
"15883",19054,1,3,2
"15884",19055,7,2,-5
"15885",19056,7,11,4
"15886",19057,4,1,-3
"15887",19059,0,2,2
"15888",19060,0,2,2
"15889",19062,1,0,-1
"15890",19064,1,3,2
"15891",19065,2,2,0
"15892",19066,2,5,3
"15893",19067,9,4,-5
"15894",19069,1,3,2
"15895",19070,1,2,1
"15896",19071,1,3,2
"15897",19072,0,1,1
"15898",19073,6,7,1
"15899",19074,2,1,-1
"15900",19075,0,2,2
"15901",19076,4,1,-3
"15902",19077,3,3,0
"15903",19078,5,1,-4
"15904",19079,1,1,0
"15905",19081,2,2,0
"15906",19082,2,5,3
"15907",19083,8,10,2
"15908",19084,0,1,1
"15909",19085,0,1,1
"15910",19086,9,5,-4
"15911",19087,2,0,-2
"15912",19088,3,3,0
"15913",19089,0,1,1
"15914",19090,0,1,1
"15915",19091,1,0,-1
"15916",19092,0,1,1
"15917",19094,8,5,-3
"15918",19096,7,5,-2
"15919",19097,2,1,-1
"15920",19098,0,1,1
"15921",19101,0,1,1
"15922",19102,6,10,4
"15923",19103,2,0,-2
"15924",19104,1,0,-1
"15925",19108,11,6,-5
"15926",19109,0,1,1
"15927",19110,1,0,-1
"15928",19111,0,2,2
"15929",19112,0,1,1
"15930",19113,1,3,2
"15931",19114,2,1,-1
"15932",19115,0,2,2
"15933",19116,4,3,-1
"15934",19119,6,5,-1
"15935",19120,0,1,1
"15936",19121,0,2,2
"15937",19124,1,2,1
"15938",19125,1,0,-1
"15939",19126,15,6,-9
"15940",19127,2,1,-1
"15941",19128,8,1,-7
"15942",19129,0,1,1
"15943",19130,0,1,1
"15944",19132,2,6,4
"15945",19134,1,0,-1
"15946",19135,2,8,6
"15947",19139,0,2,2
"15948",19140,0,1,1
"15949",19141,0,1,1
"15950",19142,0,1,1
"15951",19143,9,11,2
"15952",19144,0,1,1
"15953",19145,2,2,0
"15954",19146,0,1,1
"15955",19148,1,3,2
"15956",19149,2,1,-1
"15957",19150,0,1,1
"15958",19151,6,2,-4
"15959",19152,10,12,2
"15960",19153,6,2,-4
"15961",19154,2,6,4
"15962",19155,1,0,-1
"15963",19156,4,14,10
"15964",19157,0,1,1
"15965",19158,0,3,3
"15966",19159,4,0,-4
"15967",19160,0,2,2
"15968",19161,1,0,-1
"15969",19162,4,5,1
"15970",19163,2,6,4
"15971",19164,1,2,1
"15972",19165,0,1,1
"15973",19166,4,2,-2
"15974",19167,0,1,1
"15975",19168,6,2,-4
"15976",19170,1,3,2
"15977",19171,7,3,-4
"15978",19172,0,1,1
"15979",19174,5,13,8
"15980",19175,1,3,2
"15981",19176,0,4,4
"15982",19177,0,4,4
"15983",19178,1,0,-1
"15984",19180,0,1,1
"15985",19181,0,2,2
"15986",19182,2,1,-1
"15987",19183,7,7,0
"15988",19184,1,2,1
"15989",19185,1,2,1
"15990",19186,1,1,0
"15991",19189,2,1,-1
"15992",19191,1,0,-1
"15993",19192,1,6,5
"15994",19194,0,1,1
"15995",19195,0,1,1
"15996",19196,1,5,4
"15997",19198,0,1,1
"15998",19199,9,13,4
"15999",19200,9,6,-3
"16000",19201,0,1,1
"16001",19202,10,7,-3
"16002",19203,0,1,1
"16003",19206,0,2,2
"16004",19209,1,1,0
"16005",19211,0,1,1
"16006",19213,1,3,2
"16007",19214,2,1,-1
"16008",19215,2,1,-1
"16009",19216,0,1,1
"16010",19217,5,2,-3
"16011",19218,6,3,-3
"16012",19219,0,1,1
"16013",19220,0,1,1
"16014",19221,6,1,-5
"16015",19224,5,14,9
"16016",19225,0,1,1
"16017",19228,1,0,-1
"16018",19229,0,2,2
"16019",19231,5,5,0
"16020",19232,10,14,4
"16021",19233,2,9,7
"16022",19235,1,0,-1
"16023",19237,1,0,-1
"16024",19238,3,2,-1
"16025",19239,0,2,2
"16026",19240,3,1,-2
"16027",19241,0,3,3
"16028",19242,1,1,0
"16029",19243,3,2,-1
"16030",19244,0,1,1
"16031",19245,0,1,1
"16032",19248,4,4,0
"16033",19249,5,6,1
"16034",19251,0,2,2
"16035",19252,10,13,3
"16036",19253,0,1,1
"16037",19254,2,1,-1
"16038",19255,2,2,0
"16039",19256,1,1,0
"16040",19257,5,5,0
"16041",19258,8,5,-3
"16042",19261,0,1,1
"16043",19262,0,1,1
"16044",19263,0,2,2
"16045",19264,10,12,2
"16046",19265,0,5,5
"16047",19266,11,14,3
"16048",19268,0,2,2
"16049",19269,2,1,-1
"16050",19270,0,4,4
"16051",19271,5,7,2
"16052",19272,1,0,-1
"16053",19273,2,5,3
"16054",19274,3,3,0
"16055",19275,4,2,-2
"16056",19277,2,0,-2
"16057",19278,3,1,-2
"16058",19279,0,1,1
"16059",19280,4,5,1
"16060",19281,6,2,-4
"16061",19282,4,6,2
"16062",19287,1,1,0
"16063",19288,1,1,0
"16064",19289,0,2,2
"16065",19290,5,1,-4
"16066",19291,2,0,-2
"16067",19292,1,5,4
"16068",19294,1,0,-1
"16069",19295,0,1,1
"16070",19298,0,2,2
"16071",19299,3,0,-3
"16072",19300,1,2,1
"16073",19301,1,5,4
"16074",19302,4,5,1
"16075",19303,0,3,3
"16076",19304,0,2,2
"16077",19305,2,3,1
"16078",19306,0,1,1
"16079",19307,3,8,5
"16080",19308,1,3,2
"16081",19310,13,9,-4
"16082",19311,3,1,-2
"16083",19312,4,1,-3
"16084",19314,1,0,-1
"16085",19315,2,1,-1
"16086",19316,0,2,2
"16087",19318,1,1,0
"16088",19319,3,3,0
"16089",19320,1,3,2
"16090",19322,4,2,-2
"16091",19323,0,1,1
"16092",19324,1,6,5
"16093",19325,7,4,-3
"16094",19326,2,1,-1
"16095",19328,3,4,1
"16096",19329,0,1,1
"16097",19330,4,0,-4
"16098",19331,1,2,1
"16099",19332,1,0,-1
"16100",19333,1,1,0
"16101",19334,0,7,7
"16102",19335,3,1,-2
"16103",19336,1,2,1
"16104",19337,10,12,2
"16105",19338,0,1,1
"16106",19340,1,3,2
"16107",19341,8,9,1
"16108",19343,1,0,-1
"16109",19345,1,1,0
"16110",19346,1,0,-1
"16111",19347,6,4,-2
"16112",19348,8,7,-1
"16113",19349,1,4,3
"16114",19350,10,7,-3
"16115",19352,5,4,-1
"16116",19353,2,1,-1
"16117",19354,1,2,1
"16118",19356,0,1,1
"16119",19358,3,2,-1
"16120",19359,1,1,0
"16121",19360,9,6,-3
"16122",19363,4,5,1
"16123",19364,1,2,1
"16124",19365,0,3,3
"16125",19366,5,13,8
"16126",19368,8,7,-1
"16127",19370,0,1,1
"16128",19371,9,8,-1
"16129",19372,0,1,1
"16130",19373,10,0,-10
"16131",19376,8,5,-3
"16132",19378,7,5,-2
"16133",19380,1,0,-1
"16134",19382,0,1,1
"16135",19383,2,0,-2
"16136",19384,2,3,1
"16137",19385,0,1,1
"16138",19386,4,1,-3
"16139",19387,2,4,2
"16140",19388,1,0,-1
"16141",19389,1,1,0
"16142",19390,4,1,-3
"16143",19391,1,0,-1
"16144",19392,4,0,-4
"16145",19393,4,5,1
"16146",19394,11,6,-5
"16147",19398,5,7,2
"16148",19399,1,1,0
"16149",19400,0,2,2
"16150",19401,0,3,3
"16151",19402,0,1,1
"16152",19404,4,9,5
"16153",19406,2,1,-1
"16154",19407,0,8,8
"16155",19409,0,1,1
"16156",19411,0,2,2
"16157",19412,0,1,1
"16158",19414,8,6,-2
"16159",19415,4,5,1
"16160",19416,10,12,2
"16161",19417,4,8,4
"16162",19418,1,1,0
"16163",19419,2,0,-2
"16164",19420,5,9,4
"16165",19421,1,0,-1
"16166",19424,1,3,2
"16167",19425,2,0,-2
"16168",19426,0,1,1
"16169",19427,0,1,1
"16170",19428,0,1,1
"16171",19429,5,0,-5
"16172",19431,6,4,-2
"16173",19432,2,1,-1
"16174",19433,0,1,1
"16175",19434,1,3,2
"16176",19436,1,1,0
"16177",19437,1,5,4
"16178",19438,2,0,-2
"16179",19439,1,3,2
"16180",19440,1,1,0
"16181",19441,0,1,1
"16182",19442,15,8,-7
"16183",19444,3,10,7
"16184",19445,1,5,4
"16185",19446,2,3,1
"16186",19447,2,1,-1
"16187",19448,4,0,-4
"16188",19449,0,2,2
"16189",19450,0,4,4
"16190",19452,0,7,7
"16191",19453,4,3,-1
"16192",19454,0,1,1
"16193",19455,1,1,0
"16194",19456,0,1,1
"16195",19458,0,3,3
"16196",19459,2,6,4
"16197",19460,1,3,2
"16198",19463,0,1,1
"16199",19464,0,1,1
"16200",19465,0,1,1
"16201",19466,0,1,1
"16202",19467,0,1,1
"16203",19468,0,1,1
"16204",19469,0,1,1
"16205",19470,0,1,1
"16206",19472,0,5,5
"16207",19474,0,1,1
"16208",19475,2,0,-2
"16209",19476,8,12,4
"16210",19477,4,12,8
"16211",19478,1,0,-1
"16212",19479,0,7,7
"16213",19480,3,11,8
"16214",19483,1,3,2
"16215",19484,3,1,-2
"16216",19485,0,5,5
"16217",19486,1,3,2
"16218",19487,0,1,1
"16219",19490,0,1,1
"16220",19491,0,4,4
"16221",19492,7,6,-1
"16222",19493,4,4,0
"16223",19494,3,8,5
"16224",19495,0,2,2
"16225",19496,0,1,1
"16226",19497,0,2,2
"16227",19498,0,1,1
"16228",19499,0,1,1
"16229",19500,2,0,-2
"16230",19501,4,1,-3
"16231",19502,0,1,1
"16232",19503,4,12,8
"16233",19504,0,1,1
"16234",19505,3,6,3
"16235",19506,1,2,1
"16236",19507,13,11,-2
"16237",19508,0,2,2
"16238",19509,3,5,2
"16239",19510,0,1,1
"16240",19511,1,1,0
"16241",19512,7,3,-4
"16242",19513,3,8,5
"16243",19514,1,9,8
"16244",19515,2,5,3
"16245",19516,1,0,-1
"16246",19517,2,2,0
"16247",19518,0,2,2
"16248",19519,1,3,2
"16249",19520,1,0,-1
"16250",19521,6,4,-2
"16251",19522,0,1,1
"16252",19523,0,2,2
"16253",19524,0,3,3
"16254",19525,0,1,1
"16255",19526,4,12,8
"16256",19527,2,0,-2
"16257",19528,0,5,5
"16258",19529,4,12,8
"16259",19531,1,1,0
"16260",19532,2,2,0
"16261",19533,1,1,0
"16262",19534,0,1,1
"16263",19535,0,1,1
"16264",19537,24,12,-12
"16265",19538,0,2,2
"16266",19539,0,1,1
"16267",19540,0,1,1
"16268",19541,1,6,5
"16269",19542,0,1,1
"16270",19543,0,1,1
"16271",19545,1,1,0
"16272",19546,1,0,-1
"16273",19547,3,3,0
"16274",19549,2,3,1
"16275",19550,1,5,4
"16276",19552,2,2,0
"16277",19553,1,1,0
"16278",19554,1,1,0
"16279",19555,1,1,0
"16280",19556,3,10,7
"16281",19557,2,1,-1
"16282",19558,2,1,-1
"16283",19559,0,3,3
"16284",19560,0,4,4
"16285",19561,0,1,1
"16286",19562,1,1,0
"16287",19563,0,2,2
"16288",19564,0,1,1
"16289",19565,4,16,12
"16290",19566,1,7,6
"16291",19568,2,8,6
"16292",19569,1,1,0
"16293",19570,2,3,1
"16294",19571,1,1,0
"16295",19572,0,1,1
"16296",19573,0,1,1
"16297",19574,1,1,0
"16298",19575,1,0,-1
"16299",19581,0,1,1
"16300",19582,2,3,1
"16301",19584,2,10,8
"16302",19586,0,1,1
"16303",19587,3,5,2
"16304",19588,1,1,0
"16305",19591,1,0,-1
"16306",19592,1,0,-1
"16307",19594,0,5,5
"16308",19595,0,1,1
"16309",19596,0,1,1
"16310",19597,2,1,-1
"16311",19598,2,3,1
"16312",19599,0,2,2
"16313",19600,2,0,-2
"16314",19601,1,0,-1
"16315",19602,2,10,8
"16316",19603,0,1,1
"16317",19606,2,1,-1
"16318",19607,0,1,1
"16319",19608,0,1,1
"16320",19609,3,8,5
"16321",19610,0,1,1
"16322",19611,2,10,8
"16323",19612,2,10,8
"16324",19614,1,1,0
"16325",19615,0,1,1
"16326",19616,3,0,-3
"16327",19617,6,5,-1
"16328",19618,0,3,3
"16329",19619,0,1,1
"16330",19620,3,3,0
"16331",19621,1,0,-1
"16332",19622,0,1,1
"16333",19624,2,1,-1
"16334",19627,0,1,1
"16335",19628,2,10,8
"16336",19629,2,10,8
"16337",19632,2,10,8
"16338",19633,1,1,0
"16339",19634,2,9,7
"16340",19635,2,10,8
"16341",19636,2,1,-1
"16342",19637,0,1,1
"16343",19640,2,10,8
"16344",19641,2,11,9
"16345",19642,1,0,-1
"16346",19643,0,3,3
"16347",19645,0,1,1
"16348",19646,0,1,1
"16349",19650,2,1,-1
"16350",19651,1,1,0
"16351",19652,2,0,-2
"16352",19655,0,4,4
"16353",19656,2,10,8
"16354",19658,1,3,2
"16355",19659,0,4,4
"16356",19660,1,2,1
"16357",19662,3,11,8
"16358",19664,2,10,8
"16359",19665,1,3,2
"16360",19666,5,3,-2
"16361",19667,0,2,2
"16362",19668,2,0,-2
"16363",19669,3,2,-1
"16364",19670,1,3,2
"16365",19671,1,1,0
"16366",19672,1,0,-1
"16367",19674,1,1,0
"16368",19675,0,2,2
"16369",19676,0,3,3
"16370",19677,1,3,2
"16371",19678,2,7,5
"16372",19679,1,0,-1
"16373",19681,2,8,6
"16374",19682,0,1,1
"16375",19683,2,1,-1
"16376",19684,2,10,8
"16377",19685,1,2,1
"16378",19686,3,11,8
"16379",19687,0,8,8
"16380",19689,2,1,-1
"16381",19690,4,0,-4
"16382",19691,0,1,1
"16383",19692,3,2,-1
"16384",19694,2,10,8
"16385",19695,2,1,-1
"16386",19696,2,10,8
"16387",19697,0,1,1
"16388",19699,5,2,-3
"16389",19700,1,1,0
"16390",19701,2,10,8
"16391",19705,3,11,8
"16392",19706,3,2,-1
"16393",19707,0,1,1
"16394",19708,1,1,0
"16395",19709,0,2,2
"16396",19711,1,7,6
"16397",19712,0,1,1
"16398",19713,1,0,-1
"16399",19714,1,2,1
"16400",19715,0,2,2
"16401",19716,2,2,0
"16402",19717,1,2,1
"16403",19718,1,5,4
"16404",19722,0,1,1
"16405",19723,3,2,-1
"16406",19724,0,1,1
"16407",19725,2,2,0
"16408",19726,1,1,0
"16409",19727,1,4,3
"16410",19728,1,2,1
"16411",19729,3,3,0
"16412",19730,0,2,2
"16413",19731,3,8,5
"16414",19732,4,4,0
"16415",19733,3,4,1
"16416",19734,2,2,0
"16417",19736,1,0,-1
"16418",19739,0,2,2
"16419",19740,1,0,-1
"16420",19744,1,0,-1
"16421",19746,0,2,2
"16422",19747,0,2,2
"16423",19748,1,1,0
"16424",19751,0,2,2
"16425",19752,1,1,0
"16426",19753,0,3,3
"16427",19754,1,0,-1
"16428",19755,6,14,8
"16429",19756,0,2,2
"16430",19757,3,2,-1
"16431",19758,1,16,15
"16432",19759,1,6,5
"16433",19760,5,12,7
"16434",19762,5,5,0
"16435",19763,1,5,4
"16436",19764,0,2,2
"16437",19765,3,3,0
"16438",19766,3,0,-3
"16439",19767,1,1,0
"16440",19769,1,2,1
"16441",19770,1,6,5
"16442",19771,3,1,-2
"16443",19773,1,0,-1
"16444",19774,14,4,-10
"16445",19775,1,1,0
"16446",19776,0,1,1
"16447",19777,1,2,1
"16448",19778,1,3,2
"16449",19779,0,1,1
"16450",19780,0,2,2
"16451",19781,4,5,1
"16452",19782,3,0,-3
"16453",19783,1,1,0
"16454",19784,7,9,2
"16455",19785,2,0,-2
"16456",19786,0,3,3
"16457",19787,1,2,1
"16458",19788,9,12,3
"16459",19789,1,0,-1
"16460",19790,2,5,3
"16461",19791,0,2,2
"16462",19792,3,0,-3
"16463",19793,3,2,-1
"16464",19794,1,2,1
"16465",19795,0,3,3
"16466",19796,2,2,0
"16467",19797,2,2,0
"16468",19798,0,3,3
"16469",19799,1,0,-1
"16470",19800,7,20,13
"16471",19801,0,1,1
"16472",19802,0,2,2
"16473",19804,2,3,1
"16474",19805,1,4,3
"16475",19806,8,2,-6
"16476",19809,3,7,4
"16477",19810,1,1,0
"16478",19811,4,8,4
"16479",19812,0,1,1
"16480",19813,0,2,2
"16481",19814,11,14,3
"16482",19815,3,1,-2
"16483",19816,3,6,3
"16484",19817,0,2,2
"16485",19818,1,2,1
"16486",19820,2,4,2
"16487",19821,2,4,2
"16488",19822,1,3,2
"16489",19823,2,1,-1
"16490",19825,2,9,7
"16491",19826,2,3,1
"16492",19827,4,5,1
"16493",19828,1,1,0
"16494",19829,1,1,0
"16495",19832,0,2,2
"16496",19833,5,0,-5
"16497",19835,155,113,-42
"16498",19836,0,1,1
"16499",19837,13,7,-6
"16500",19838,4,11,7
"16501",19839,2,1,-1
"16502",19840,1,2,1
"16503",19841,10,7,-3
"16504",19843,0,7,7
"16505",19844,1,2,1
"16506",19845,3,4,1
"16507",19846,1,2,1
"16508",19847,1,0,-1
"16509",19848,3,6,3
"16510",19849,9,13,4
"16511",19850,3,2,-1
"16512",19852,0,1,1
"16513",19853,7,5,-2
"16514",19854,4,0,-4
"16515",19855,4,11,7
"16516",19856,0,3,3
"16517",19857,12,29,17
"16518",19858,0,9,9
"16519",19859,2,2,0
"16520",19860,2,2,0
"16521",19861,8,11,3
"16522",19862,2,2,0
"16523",19863,6,7,1
"16524",19864,2,3,1
"16525",19867,8,7,-1
"16526",19868,8,15,7
"16527",19869,3,2,-1
"16528",19870,2,6,4
"16529",19871,2,0,-2
"16530",19872,8,16,8
"16531",19873,2,1,-1
"16532",19874,1,0,-1
"16533",19875,5,7,2
"16534",19876,1,0,-1
"16535",19877,0,2,2
"16536",19878,0,6,6
"16537",19879,0,2,2
"16538",19880,2,0,-2
"16539",19881,1,4,3
"16540",19882,1,2,1
"16541",19883,2,1,-1
"16542",19884,2,15,13
"16543",19885,0,1,1
"16544",19886,1,0,-1
"16545",19887,0,10,10
"16546",19889,1,0,-1
"16547",19890,0,2,2
"16548",19891,9,10,1
"16549",19892,6,3,-3
"16550",19893,0,1,1
"16551",19894,6,8,2
"16552",19896,2,5,3
"16553",19897,3,1,-2
"16554",19898,0,3,3
"16555",19899,0,2,2
"16556",19901,0,1,1
"16557",19904,137,77,-60
"16558",19905,1,1,0
"16559",19906,2,1,-1
"16560",19907,2,5,3
"16561",19908,0,2,2
"16562",19910,7,9,2
"16563",19911,0,5,5
"16564",19912,2,3,1
"16565",19913,1,0,-1
"16566",19914,0,1,1
"16567",19915,0,2,2
"16568",19916,0,1,1
"16569",19917,8,13,5
"16570",19919,1,0,-1
"16571",19920,1,1,0
"16572",19921,2,1,-1
"16573",19922,1,1,0
"16574",19923,6,3,-3
"16575",19924,1,2,1
"16576",19926,4,5,1
"16577",19927,4,5,1
"16578",19929,4,5,1
"16579",19931,3,0,-3
"16580",19932,0,1,1
"16581",19933,0,5,5
"16582",19936,2,10,8
"16583",19937,0,2,2
"16584",19938,2,0,-2
"16585",19940,2,1,-1
"16586",19942,0,1,1
"16587",19945,7,6,-1
"16588",19946,2,7,5
"16589",19948,11,15,4
"16590",19949,0,2,2
"16591",19950,0,2,2
"16592",19952,1,1,0
"16593",19953,0,2,2
"16594",19954,0,1,1
"16595",19955,2,3,1
"16596",19956,0,6,6
"16597",19957,0,1,1
"16598",19958,0,2,2
"16599",19959,4,15,11
"16600",19960,1,6,5
"16601",19961,1,6,5
"16602",19962,0,1,1
"16603",19963,0,4,4
"16604",19964,3,2,-1
"16605",19965,3,9,6
"16606",19966,1,4,3
"16607",19967,1,0,-1
"16608",19968,1,6,5
"16609",19969,0,2,2
"16610",19970,6,3,-3
"16611",19972,6,3,-3
"16612",19973,1,1,0
"16613",19974,2,3,1
"16614",19975,7,11,4
"16615",19976,3,1,-2
"16616",19977,0,3,3
"16617",19978,0,4,4
"16618",19979,1,3,2
"16619",19980,1,0,-1
"16620",19981,1,1,0
"16621",19982,3,1,-2
"16622",19983,3,5,2
"16623",19985,0,1,1
"16624",19986,3,22,19
"16625",19988,2,0,-2
"16626",19989,0,2,2
"16627",19991,2,7,5
"16628",19992,4,3,-1
"16629",19994,4,2,-2
"16630",19995,3,0,-3
"16631",19996,1,6,5
"16632",19998,7,42,35
"16633",19999,8,13,5
"16634",20000,4,5,1
"16635",20001,0,2,2
"16636",20002,0,4,4
"16637",20003,1,1,0
"16638",20004,1,2,1
"16639",20005,0,2,2
"16640",20006,0,3,3
"16641",20007,1,2,1
"16642",20008,3,14,11
"16643",20009,0,2,2
"16644",20011,9,9,0
"16645",20012,0,1,1
"16646",20013,1,0,-1
"16647",20014,1,0,-1
"16648",20015,3,10,7
"16649",20016,1,0,-1
"16650",20017,1,3,2
"16651",20018,1,0,-1
"16652",20019,1,1,0
"16653",20020,8,1,-7
"16654",20023,0,1,1
"16655",20024,6,11,5
"16656",20025,0,5,5
"16657",20026,151,93,-58
"16658",20027,8,11,3
"16659",20028,4,5,1
"16660",20029,0,1,1
"16661",20030,1,1,0
"16662",20031,3,3,0
"16663",20034,2,5,3
"16664",20035,0,7,7
"16665",20036,0,1,1
"16666",20037,1,1,0
"16667",20038,0,3,3
"16668",20039,2,0,-2
"16669",20041,1,3,2
"16670",20042,3,4,1
"16671",20043,2,0,-2
"16672",20045,0,7,7
"16673",20046,0,1,1
"16674",20048,7,14,7
"16675",20051,0,1,1
"16676",20052,0,10,10
"16677",20053,1,5,4
"16678",20054,9,17,8
"16679",20055,5,6,1
"16680",20057,5,4,-1
"16681",20058,6,13,7
"16682",20059,0,1,1
"16683",20060,0,1,1
"16684",20061,3,4,1
"16685",20062,0,1,1
"16686",20063,3,6,3
"16687",20064,4,3,-1
"16688",20065,9,9,0
"16689",20066,2,0,-2
"16690",20067,0,6,6
"16691",20068,3,3,0
"16692",20070,1,0,-1
"16693",20072,2,0,-2
"16694",20073,6,17,11
"16695",20074,5,8,3
"16696",20075,1,2,1
"16697",20077,3,14,11
"16698",20079,2,2,0
"16699",20080,4,5,1
"16700",20081,1,1,0
"16701",20082,1,1,0
"16702",20083,0,1,1
"16703",20085,10,7,-3
"16704",20086,1,0,-1
"16705",20087,7,5,-2
"16706",20088,3,3,0
"16707",20089,0,3,3
"16708",20090,4,5,1
"16709",20091,3,9,6
"16710",20092,0,4,4
"16711",20096,2,3,1
"16712",20097,10,7,-3
"16713",20098,0,1,1
"16714",20099,2,1,-1
"16715",20100,3,1,-2
"16716",20101,9,10,1
"16717",20103,1,1,0
"16718",20104,0,2,2
"16719",20106,0,1,1
"16720",20107,2,1,-1
"16721",20108,0,5,5
"16722",20109,1,1,0
"16723",20111,3,0,-3
"16724",20113,0,1,1
"16725",20114,0,3,3
"16726",20116,1,0,-1
"16727",20117,1,0,-1
"16728",20118,2,7,5
"16729",20119,1,1,0
"16730",20120,2,9,7
"16731",20121,1,0,-1
"16732",20122,11,11,0
"16733",20123,1,0,-1
"16734",20124,1,0,-1
"16735",20125,0,1,1
"16736",20126,1,2,1
"16737",20127,1,1,0
"16738",20128,2,1,-1
"16739",20129,0,1,1
"16740",20132,0,2,2
"16741",20133,3,4,1
"16742",20134,5,5,0
"16743",20135,1,0,-1
"16744",20136,0,2,2
"16745",20137,0,1,1
"16746",20138,0,1,1
"16747",20139,1,0,-1
"16748",20141,0,1,1
"16749",20142,0,2,2
"16750",20143,1,0,-1
"16751",20144,1,0,-1
"16752",20145,2,2,0
"16753",20146,2,2,0
"16754",20147,0,1,1
"16755",20148,9,9,0
"16756",20149,1,2,1
"16757",20150,1,0,-1
"16758",20151,3,1,-2
"16759",20152,0,4,4
"16760",20154,1,2,1
"16761",20158,1,0,-1
"16762",20159,0,1,1
"16763",20160,0,3,3
"16764",20161,13,5,-8
"16765",20162,3,1,-2
"16766",20163,3,4,1
"16767",20164,4,6,2
"16768",20165,0,1,1
"16769",20166,5,3,-2
"16770",20167,1,2,1
"16771",20168,2,30,28
"16772",20169,0,2,2
"16773",20170,0,4,4
"16774",20171,3,0,-3
"16775",20172,1,1,0
"16776",20173,19,8,-11
"16777",20174,2,2,0
"16778",20176,3,5,2
"16779",20177,1,1,0
"16780",20178,1,0,-1
"16781",20179,3,3,0
"16782",20180,1,1,0
"16783",20181,7,8,1
"16784",20182,0,1,1
"16785",20183,2,2,0
"16786",20184,2,6,4
"16787",20185,2,5,3
"16788",20186,0,6,6
"16789",20189,1,0,-1
"16790",20190,1,0,-1
"16791",20191,19,8,-11
"16792",20192,1,12,11
"16793",20193,8,7,-1
"16794",20194,4,5,1
"16795",20195,1,3,2
"16796",20196,3,4,1
"16797",20197,3,3,0
"16798",20198,4,5,1
"16799",20199,0,1,1
"16800",20200,1,8,7
"16801",20202,7,8,1
"16802",20203,5,6,1
"16803",20204,0,2,2
"16804",20205,3,0,-3
"16805",20206,3,7,4
"16806",20207,10,14,4
"16807",20208,2,0,-2
"16808",20209,1,1,0
"16809",20210,1,2,1
"16810",20211,0,1,1
"16811",20212,0,2,2
"16812",20213,0,2,2
"16813",20214,0,4,4
"16814",20216,0,1,1
"16815",20218,1,5,4
"16816",20219,0,4,4
"16817",20220,6,9,3
"16818",20222,0,4,4
"16819",20223,1,0,-1
"16820",20224,1,0,-1
"16821",20225,4,3,-1
"16822",20226,1,1,0
"16823",20228,1,2,1
"16824",20229,1,1,0
"16825",20230,5,7,2
"16826",20231,0,1,1
"16827",20232,0,4,4
"16828",20233,3,1,-2
"16829",20234,10,33,23
"16830",20235,5,10,5
"16831",20236,4,3,-1
"16832",20237,3,4,1
"16833",20238,4,1,-3
"16834",20239,0,1,1
"16835",20240,0,2,2
"16836",20241,2,5,3
"16837",20242,1,0,-1
"16838",20243,2,2,0
"16839",20244,0,2,2
"16840",20245,3,5,2
"16841",20246,1,0,-1
"16842",20247,1,6,5
"16843",20248,1,5,4
"16844",20249,0,5,5
"16845",20251,4,2,-2
"16846",20252,0,2,2
"16847",20253,3,11,8
"16848",20254,3,1,-2
"16849",20255,3,4,1
"16850",20257,17,23,6
"16851",20258,4,7,3
"16852",20261,1,2,1
"16853",20262,2,9,7
"16854",20263,2,1,-1
"16855",20264,2,0,-2
"16856",20265,9,10,1
"16857",20266,0,1,1
"16858",20267,0,3,3
"16859",20268,0,2,2
"16860",20269,2,4,2
"16861",20271,0,3,3
"16862",20272,2,1,-1
"16863",20273,12,7,-5
"16864",20274,8,5,-3
"16865",20275,2,0,-2
"16866",20276,0,3,3
"16867",20277,2,0,-2
"16868",20278,1,2,1
"16869",20279,1,5,4
"16870",20280,0,2,2
"16871",20281,1,2,1
"16872",20282,0,4,4
"16873",20283,4,5,1
"16874",20284,12,6,-6
"16875",20285,2,6,4
"16876",20286,4,7,3
"16877",20287,5,2,-3
"16878",20288,3,7,4
"16879",20289,0,2,2
"16880",20290,7,11,4
"16881",20291,2,0,-2
"16882",20293,2,1,-1
"16883",20294,2,0,-2
"16884",20295,3,1,-2
"16885",20296,7,7,0
"16886",20297,0,1,1
"16887",20298,5,3,-2
"16888",20299,0,3,3
"16889",20300,2,0,-2
"16890",20301,1,0,-1
"16891",20302,0,2,2
"16892",20303,2,0,-2
"16893",20304,0,2,2
"16894",20305,0,4,4
"16895",20306,4,5,1
"16896",20308,3,5,2
"16897",20309,3,8,5
"16898",20310,7,20,13
"16899",20311,1,4,3
"16900",20312,4,2,-2
"16901",20313,0,1,1
"16902",20314,1,6,5
"16903",20315,6,2,-4
"16904",20316,8,5,-3
"16905",20317,0,2,2
"16906",20318,1,6,5
"16907",20319,3,11,8
"16908",20320,2,4,2
"16909",20321,1,3,2
"16910",20323,2,1,-1
"16911",20324,1,0,-1
"16912",20325,7,32,25
"16913",20326,0,1,1
"16914",20327,7,8,1
"16915",20328,7,15,8
"16916",20329,0,2,2
"16917",20330,4,4,0
"16918",20332,5,6,1
"16919",20334,7,4,-3
"16920",20335,3,1,-2
"16921",20336,0,4,4
"16922",20337,2,8,6
"16923",20339,9,8,-1
"16924",20342,4,0,-4
"16925",20343,2,5,3
"16926",20344,0,2,2
"16927",20345,1,3,2
"16928",20346,0,4,4
"16929",20348,3,3,0
"16930",20349,3,0,-3
"16931",20350,11,10,-1
"16932",20352,3,2,-1
"16933",20353,0,3,3
"16934",20354,0,4,4
"16935",20356,2,1,-1
"16936",20357,3,8,5
"16937",20358,2,1,-1
"16938",20359,4,3,-1
"16939",20360,2,0,-2
"16940",20361,2,0,-2
"16941",20362,0,3,3
"16942",20363,2,0,-2
"16943",20364,5,6,1
"16944",20365,5,6,1
"16945",20366,0,1,1
"16946",20367,5,2,-3
"16947",20368,0,3,3
"16948",20370,5,3,-2
"16949",20371,0,1,1
"16950",20373,4,0,-4
"16951",20374,0,1,1
"16952",20375,66,50,-16
"16953",20376,4,1,-3
"16954",20377,6,0,-6
"16955",20378,0,1,1
"16956",20379,1,5,4
"16957",20380,2,0,-2
"16958",20381,0,3,3
"16959",20382,1,3,2
"16960",20383,2,3,1
"16961",20384,0,3,3
"16962",20385,3,5,2
"16963",20387,1,0,-1
"16964",20388,13,17,4
"16965",20389,2,0,-2
"16966",20390,1,2,1
"16967",20391,0,4,4
"16968",20392,5,5,0
"16969",20393,3,0,-3
"16970",20394,1,0,-1
"16971",20395,2,3,1
"16972",20396,4,5,1
"16973",20397,4,5,1
"16974",20398,1,8,7
"16975",20399,5,6,1
"16976",20400,3,5,2
"16977",20401,19,8,-11
"16978",20402,1,4,3
"16979",20403,3,14,11
"16980",20404,4,3,-1
"16981",20405,11,24,13
"16982",20406,0,7,7
"16983",20408,2,9,7
"16984",20410,1,0,-1
"16985",20411,1,7,6
"16986",20412,1,0,-1
"16987",20413,1,0,-1
"16988",20414,5,6,1
"16989",20415,2,0,-2
"16990",20416,5,1,-4
"16991",20417,4,2,-2
"16992",20418,2,0,-2
"16993",20420,0,4,4
"16994",20421,6,10,4
"16995",20422,0,1,1
"16996",20423,1,1,0
"16997",20424,9,7,-2
"16998",20425,16,6,-10
"16999",20426,8,5,-3
"17000",20427,1,3,2
"17001",20428,3,5,2
"17002",20429,13,14,1
"17003",20430,1,0,-1
"17004",20432,2,9,7
"17005",20433,1,0,-1
"17006",20434,8,10,2
"17007",20435,1,5,4
"17008",20436,10,15,5
"17009",20437,1,1,0
"17010",20438,0,1,1
"17011",20439,0,1,1
"17012",20440,4,0,-4
"17013",20442,2,4,2
"17014",20443,1,0,-1
"17015",20444,0,1,1
"17016",20445,1,3,2
"17017",20447,8,5,-3
"17018",20448,4,9,5
"17019",20449,0,1,1
"17020",20450,1,2,1
"17021",20451,3,17,14
"17022",20452,0,4,4
"17023",20453,9,7,-2
"17024",20454,13,12,-1
"17025",20455,2,1,-1
"17026",20457,0,1,1
"17027",20458,5,8,3
"17028",20459,0,3,3
"17029",20461,5,3,-2
"17030",20462,3,1,-2
"17031",20463,0,1,1
"17032",20464,3,5,2
"17033",20465,4,3,-1
"17034",20466,1,0,-1
"17035",20467,4,5,1
"17036",20468,10,9,-1
"17037",20469,0,10,10
"17038",20470,0,3,3
"17039",20471,1,0,-1
"17040",20472,2,0,-2
"17041",20473,7,50,43
"17042",20474,2,6,4
"17043",20475,1,0,-1
"17044",20476,4,4,0
"17045",20477,9,16,7
"17046",20478,1,1,0
"17047",20479,1,2,1
"17048",20480,4,2,-2
"17049",20481,9,16,7
"17050",20483,1,3,2
"17051",20484,4,3,-1
"17052",20485,4,3,-1
"17053",20486,2,0,-2
"17054",20487,0,3,3
"17055",20488,0,1,1
"17056",20490,1,8,7
"17057",20491,7,12,5
"17058",20492,0,6,6
"17059",20494,0,4,4
"17060",20495,1,2,1
"17061",20496,0,1,1
"17062",20497,2,2,0
"17063",20498,0,2,2
"17064",20499,4,6,2
"17065",20500,9,40,31
"17066",20501,0,1,1
"17067",20502,3,11,8
"17068",20503,0,3,3
"17069",20504,0,2,2
"17070",20505,0,2,2
"17071",20506,1,2,1
"17072",20507,4,5,1
"17073",20508,2,2,0
"17074",20509,3,0,-3
"17075",20510,0,2,2
"17076",20511,10,9,-1
"17077",20512,3,5,2
"17078",20513,0,1,1
"17079",20514,10,19,9
"17080",20515,1,3,2
"17081",20516,1,2,1
"17082",20517,1,1,0
"17083",20518,2,3,1
"17084",20520,5,4,-1
"17085",20521,5,6,1
"17086",20522,4,8,4
"17087",20523,0,15,15
"17088",20524,2,9,7
"17089",20525,3,10,7
"17090",20526,7,9,2
"17091",20529,3,4,1
"17092",20530,0,1,1
"17093",20531,3,11,8
"17094",20533,6,0,-6
"17095",20534,0,3,3
"17096",20535,9,17,8
"17097",20536,0,1,1
"17098",20537,2,6,4
"17099",20538,12,3,-9
"17100",20539,4,7,3
"17101",20540,0,1,1
"17102",20541,7,9,2
"17103",20542,0,2,2
"17104",20543,1,4,3
"17105",20544,14,10,-4
"17106",20545,6,3,-3
"17107",20546,2,2,0
"17108",20548,1,2,1
"17109",20551,0,2,2
"17110",20552,0,3,3
"17111",20553,4,9,5
"17112",20554,1,1,0
"17113",20555,1,1,0
"17114",20556,3,0,-3
"17115",20557,5,12,7
"17116",20558,4,6,2
"17117",20560,3,5,2
"17118",20562,2,0,-2
"17119",20563,0,1,1
"17120",20564,2,0,-2
"17121",20565,0,3,3
"17122",20566,0,2,2
"17123",20567,1,4,3
"17124",20568,0,1,1
"17125",20569,6,10,4
"17126",20570,2,14,12
"17127",20571,1,0,-1
"17128",20573,0,1,1
"17129",20574,1,0,-1
"17130",20575,1,2,1
"17131",20577,2,1,-1
"17132",20578,1,3,2
"17133",20579,0,1,1
"17134",20580,2,12,10
"17135",20583,0,3,3
"17136",20584,1,1,0
"17137",20585,0,4,4
"17138",20586,5,6,1
"17139",20587,5,16,11
"17140",20588,38,15,-23
"17141",20589,0,3,3
"17142",20590,8,10,2
"17143",20591,1,2,1
"17144",20592,3,18,15
"17145",20593,1,0,-1
"17146",20594,1,1,0
"17147",20595,5,4,-1
"17148",20596,1,0,-1
"17149",20598,1,1,0
"17150",20600,0,1,1
"17151",20603,1,0,-1
"17152",20607,0,1,1
"17153",20608,1,0,-1
"17154",20609,0,4,4
"17155",20610,1,6,5
"17156",20611,1,1,0
"17157",20612,0,4,4
"17158",20613,5,1,-4
"17159",20614,0,4,4
"17160",20615,2,2,0
"17161",20616,2,1,-1
"17162",20617,0,2,2
"17163",20618,3,3,0
"17164",20620,2,3,1
"17165",20623,1,2,1
"17166",20625,4,4,0
"17167",20626,0,2,2
"17168",20627,1,2,1
"17169",20628,2,4,2
"17170",20629,5,6,1
"17171",20630,1,2,1
"17172",20631,0,2,2
"17173",20632,1,0,-1
"17174",20633,1,3,2
"17175",20634,0,1,1
"17176",20636,2,3,1
"17177",20637,2,2,0
"17178",20638,1,0,-1
"17179",20639,4,1,-3
"17180",20640,3,1,-2
"17181",20642,1,2,1
"17182",20643,0,2,2
"17183",20644,6,1,-5
"17184",20645,2,4,2
"17185",20646,1,0,-1
"17186",20647,7,6,-1
"17187",20648,5,8,3
"17188",20649,11,8,-3
"17189",20652,9,8,-1
"17190",20655,2,0,-2
"17191",20659,0,1,1
"17192",20660,1,1,0
"17193",20661,0,1,1
"17194",20662,0,1,1
"17195",20663,1,0,-1
"17196",20664,0,1,1
"17197",20669,0,2,2
"17198",20670,1,0,-1
"17199",20671,1,1,0
"17200",20672,6,14,8
"17201",20674,0,1,1
"17202",20676,5,3,-2
"17203",20677,2,2,0
"17204",20678,2,0,-2
"17205",20679,2,0,-2
"17206",20681,2,1,-1
"17207",20682,2,2,0
"17208",20683,2,9,7
"17209",20684,1,2,1
"17210",20685,0,1,1
"17211",20686,5,3,-2
"17212",20687,4,5,1
"17213",20688,2,2,0
"17214",20689,4,1,-3
"17215",20690,1,0,-1
"17216",20693,3,3,0
"17217",20694,0,1,1
"17218",20695,1,0,-1
"17219",20696,1,0,-1
"17220",20697,4,4,0
"17221",20698,2,5,3
"17222",20699,4,5,1
"17223",20701,0,2,2
"17224",20702,5,5,0
"17225",20703,0,2,2
"17226",20704,1,0,-1
"17227",20705,1,2,1
"17228",20706,4,4,0
"17229",20707,0,2,2
"17230",20708,0,1,1
"17231",20709,2,2,0
"17232",20710,1,0,-1
"17233",20711,2,0,-2
"17234",20712,3,1,-2
"17235",20713,0,1,1
"17236",20714,2,3,1
"17237",20716,1,4,3
"17238",20717,0,4,4
"17239",20718,2,3,1
"17240",20721,1,0,-1
"17241",20722,1,1,0
"17242",20723,2,0,-2
"17243",20724,5,2,-3
"17244",20725,1,4,3
"17245",20726,10,12,2
"17246",20727,11,11,0
"17247",20728,2,2,0
"17248",20729,137,77,-60
"17249",20730,5,5,0
"17250",20732,2,3,1
"17251",20733,0,2,2
"17252",20734,1,0,-1
"17253",20735,0,4,4
"17254",20736,1,3,2
"17255",20737,1,1,0
"17256",20739,3,3,0
"17257",20743,0,2,2
"17258",20744,1,1,0
"17259",20745,1,3,2
"17260",20746,0,6,6
"17261",20747,0,1,1
"17262",20748,2,0,-2
"17263",20749,16,6,-10
"17264",20750,7,0,-7
"17265",20751,1,0,-1
"17266",20752,2,0,-2
"17267",20754,2,1,-1
"17268",20756,6,17,11
"17269",20757,0,2,2
"17270",20758,1,4,3
"17271",20760,0,2,2
"17272",20761,1,0,-1
"17273",20762,1,2,1
"17274",20764,3,6,3
"17275",20765,0,4,4
"17276",20766,1,2,1
"17277",20768,2,0,-2
"17278",20769,1,2,1
"17279",20770,2,2,0
"17280",20771,1,5,4
"17281",20772,3,8,5
"17282",20773,0,3,3
"17283",20774,3,3,0
"17284",20775,2,9,7
"17285",20776,3,8,5
"17286",20777,5,2,-3
"17287",20778,2,4,2
"17288",20779,3,5,2
"17289",20781,1,0,-1
"17290",20782,14,4,-10
"17291",20783,2,0,-2
"17292",20784,0,1,1
"17293",20785,1,1,0
"17294",20786,2,2,0
"17295",20787,3,2,-1
"17296",20788,1,2,1
"17297",20789,0,1,1
"17298",20790,3,5,2
"17299",20791,0,2,2
"17300",20792,1,3,2
"17301",20793,4,1,-3
"17302",20794,4,5,1
"17303",20795,1,4,3
"17304",20797,3,2,-1
"17305",20799,2,2,0
"17306",20800,1,0,-1
"17307",20802,1,3,2
"17308",20803,1,1,0
"17309",20804,0,1,1
"17310",20805,2,1,-1
"17311",20806,2,1,-1
"17312",20807,12,10,-2
"17313",20808,1,0,-1
"17314",20809,0,2,2
"17315",20811,1,1,0
"17316",20813,1,0,-1
"17317",20814,1,0,-1
"17318",20815,1,1,0
"17319",20816,4,5,1
"17320",20817,2,3,1
"17321",20818,1,1,0
"17322",20819,2,0,-2
"17323",20821,0,1,1
"17324",20822,1,3,2
"17325",20823,0,1,1
"17326",20824,1,1,0
"17327",20825,1,5,4
"17328",20826,6,17,11
"17329",20827,0,3,3
"17330",20828,0,4,4
"17331",20829,1,1,0
"17332",20830,1,0,-1
"17333",20831,0,1,1
"17334",20832,0,4,4
"17335",20833,9,6,-3
"17336",20835,5,5,0
"17337",20836,2,7,5
"17338",20838,3,3,0
"17339",20839,1,1,0
"17340",20840,1,1,0
"17341",20841,1,0,-1
"17342",20842,1,1,0
"17343",20843,2,1,-1
"17344",20844,1,2,1
"17345",20845,2,7,5
"17346",20847,1,15,14
"17347",20849,1,3,2
"17348",20850,0,3,3
"17349",20852,1,1,0
"17350",20853,0,1,1
"17351",20855,4,2,-2
"17352",20857,2,0,-2
"17353",20858,1,1,0
"17354",20859,2,4,2
"17355",20860,0,1,1
"17356",20861,0,1,1
"17357",20862,3,1,-2
"17358",20863,3,1,-2
"17359",20864,3,3,0
"17360",20865,0,1,1
"17361",20866,1,1,0
"17362",20867,0,3,3
"17363",20868,3,3,0
"17364",20869,1,0,-1
"17365",20870,3,4,1
"17366",20872,1,0,-1
"17367",20873,3,0,-3
"17368",20874,1,0,-1
"17369",20875,2,2,0
"17370",20876,0,1,1
"17371",20878,0,1,1
"17372",20879,6,1,-5
"17373",20880,1,3,2
"17374",20881,0,1,1
"17375",20882,1,2,1
"17376",20884,2,0,-2
"17377",20885,1,1,0
"17378",20886,0,1,1
"17379",20887,0,2,2
"17380",20888,1,2,1
"17381",20889,0,2,2
"17382",20890,0,1,1
"17383",20893,1,1,0
"17384",20894,0,1,1
"17385",20896,0,1,1
"17386",20897,0,1,1
"17387",20898,15,2,-13
"17388",20899,0,1,1
"17389",20900,1,0,-1
"17390",20901,5,3,-2
"17391",20902,2,5,3
"17392",20903,0,1,1
"17393",20904,1,0,-1
"17394",20905,1,1,0
"17395",20906,2,0,-2
"17396",20907,0,1,1
"17397",20910,0,1,1
"17398",20911,6,1,-5
"17399",20912,43,44,1
"17400",20913,3,4,1
"17401",20914,1,2,1
"17402",20916,2,0,-2
"17403",20920,0,3,3
"17404",20921,2,2,0
"17405",20922,3,0,-3
"17406",20923,3,3,0
"17407",20924,1,0,-1
"17408",20926,3,1,-2
"17409",20927,1,4,3
"17410",20928,0,3,3
"17411",20929,0,2,2
"17412",20930,2,3,1
"17413",20931,2,2,0
"17414",20932,1,0,-1
"17415",20935,0,1,1
"17416",20936,0,15,15
"17417",20937,5,3,-2
"17418",20938,0,1,1
"17419",20939,1,2,1
"17420",20940,2,8,6
"17421",20941,5,4,-1
"17422",20942,0,2,2
"17423",20944,2,4,2
"17424",20948,1,0,-1
"17425",20949,2,0,-2
"17426",20950,2,0,-2
"17427",20951,1,1,0
"17428",20952,9,15,6
"17429",20953,0,1,1
"17430",20954,1,4,3
"17431",20955,0,1,1
"17432",20956,129,102,-27
"17433",20958,0,1,1
"17434",20959,1,3,2
"17435",20960,0,2,2
"17436",20961,3,2,-1
"17437",20962,0,1,1
"17438",20964,1,3,2
"17439",20965,0,4,4
"17440",20966,1,4,3
"17441",20967,1,1,0
"17442",20968,3,9,6
"17443",20971,1,0,-1
"17444",20972,4,4,0
"17445",20973,1,3,2
"17446",20974,1,0,-1
"17447",20975,1,2,1
"17448",20977,6,6,0
"17449",20978,5,3,-2
"17450",20981,0,2,2
"17451",20982,0,1,1
"17452",20983,1,2,1
"17453",20984,1,1,0
"17454",20985,1,0,-1
"17455",20986,5,3,-2
"17456",20987,2,1,-1
"17457",20988,1,0,-1
"17458",20989,1,7,6
"17459",20990,4,5,1
"17460",20991,3,2,-1
"17461",20992,0,2,2
"17462",20993,5,4,-1
"17463",20994,2,1,-1
"17464",20995,2,0,-2
"17465",20997,3,3,0
"17466",20998,2,0,-2
"17467",20999,11,5,-6
"17468",21000,5,3,-2
"17469",21001,2,3,1
"17470",21002,0,5,5
"17471",21003,0,1,1
"17472",21004,5,6,1
"17473",21005,1,0,-1
"17474",21006,1,3,2
"17475",21007,1,1,0
"17476",21008,2,3,1
"17477",21009,0,1,1
"17478",21010,0,2,2
"17479",21011,1,1,0
"17480",21012,1,4,3
"17481",21013,2,2,0
"17482",21014,3,5,2
"17483",21015,0,1,1
"17484",21016,0,1,1
"17485",21018,2,4,2
"17486",21019,0,1,1
"17487",21020,1,0,-1
"17488",21021,0,1,1
"17489",21022,5,3,-2
"17490",21023,1,1,0
"17491",21024,2,3,1
"17492",21025,2,1,-1
"17493",21026,6,3,-3
"17494",21027,1,5,4
"17495",21028,1,10,9
"17496",21029,5,1,-4
"17497",21032,2,5,3
"17498",21033,0,1,1
"17499",21034,1,1,0
"17500",21035,1,2,1
"17501",21037,2,0,-2
"17502",21038,0,10,10
"17503",21039,2,1,-1
"17504",21040,2,5,3
"17505",21041,5,2,-3
"17506",21042,2,2,0
"17507",21043,2,5,3
"17508",21045,0,1,1
"17509",21046,1,1,0
"17510",21047,5,2,-3
"17511",21048,2,5,3
"17512",21049,2,0,-2
"17513",21050,4,2,-2
"17514",21051,0,3,3
"17515",21052,0,1,1
"17516",21054,1,1,0
"17517",21055,0,1,1
"17518",21056,2,0,-2
"17519",21058,0,1,1
"17520",21059,1,1,0
"17521",21060,4,5,1
"17522",21061,2,2,0
"17523",21062,1,0,-1
"17524",21063,2,1,-1
"17525",21064,1,2,1
"17526",21065,0,1,1
"17527",21066,0,1,1
"17528",21068,2,0,-2
"17529",21069,0,2,2
"17530",21070,2,9,7
"17531",21071,3,8,5
"17532",21072,6,3,-3
"17533",21073,0,2,2
"17534",21074,0,1,1
"17535",21076,0,2,2
"17536",21078,1,1,0
"17537",21079,1,1,0
"17538",21080,2,1,-1
"17539",21081,1,2,1
"17540",21082,4,1,-3
"17541",21083,0,1,1
"17542",21084,2,8,6
"17543",21085,0,3,3
"17544",21086,1,1,0
"17545",21087,3,1,-2
"17546",21088,0,4,4
"17547",21089,2,1,-1
"17548",21090,5,2,-3
"17549",21091,1,1,0
"17550",21092,3,10,7
"17551",21093,0,1,1
"17552",21094,0,1,1
"17553",21097,4,1,-3
"17554",21099,2,2,0
"17555",21100,2,14,12
"17556",21101,2,4,2
"17557",21103,0,1,1
"17558",21104,0,3,3
"17559",21105,0,5,5
"17560",21107,0,6,6
"17561",21108,3,0,-3
"17562",21110,1,1,0
"17563",21112,8,3,-5
"17564",21115,1,5,4
"17565",21117,1,0,-1
"17566",21118,4,11,7
"17567",21119,2,0,-2
"17568",21121,4,1,-3
"17569",21122,1,1,0
"17570",21124,5,8,3
"17571",21125,11,5,-6
"17572",21126,5,4,-1
"17573",21128,1,1,0
"17574",21129,4,5,1
"17575",21130,1,1,0
"17576",21133,0,5,5
"17577",21134,1,12,11
"17578",21135,1,2,1
"17579",21136,0,1,1
"17580",21137,2,9,7
"17581",21138,1,1,0
"17582",21139,1,0,-1
"17583",21140,2,0,-2
"17584",21141,0,1,1
"17585",21142,3,0,-3
"17586",21145,25,17,-8
"17587",21146,26,14,-12
"17588",21147,3,9,6
"17589",21149,1,0,-1
"17590",21150,0,2,2
"17591",21151,0,1,1
"17592",21152,0,1,1
"17593",21153,7,1,-6
"17594",21154,30,21,-9
"17595",21155,17,16,-1
"17596",21157,2,5,3
"17597",21158,23,20,-3
"17598",21159,3,7,4
"17599",21160,0,1,1
"17600",21161,6,3,-3
"17601",21162,0,1,1
"17602",21163,27,17,-10
"17603",21165,1,2,1
"17604",21166,3,1,-2
"17605",21167,1,6,5
"17606",21168,0,1,1
"17607",21169,0,6,6
"17608",21170,3,0,-3
"17609",21171,29,14,-15
"17610",21172,3,0,-3
"17611",21173,41,21,-20
"17612",21175,0,1,1
"17613",21176,3,2,-1
"17614",21177,1,2,1
"17615",21178,1,2,1
"17616",21179,31,18,-13
"17617",21180,1,2,1
"17618",21181,8,2,-6
"17619",21182,1,1,0
"17620",21183,26,16,-10
"17621",21184,0,4,4
"17622",21185,0,1,1
"17623",21186,8,4,-4
"17624",21187,0,8,8
"17625",21188,30,27,-3
"17626",21189,3,11,8
"17627",21190,31,20,-11
"17628",21191,41,17,-24
"17629",21192,5,2,-3
"17630",21193,10,3,-7
"17631",21194,0,3,3
"17632",21195,7,2,-5
"17633",21196,4,2,-2
"17634",21197,30,18,-12
"17635",21198,0,1,1
"17636",21199,0,16,16
"17637",21200,2,7,5
"17638",21202,3,11,8
"17639",21203,1,8,7
"17640",21204,0,1,1
"17641",21205,2,0,-2
"17642",21206,1,3,2
"17643",21207,6,5,-1
"17644",21208,1,2,1
"17645",21209,24,26,2
"17646",21211,0,5,5
"17647",21212,4,3,-1
"17648",21213,8,3,-5
"17649",21214,0,2,2
"17650",21215,1,5,4
"17651",21216,0,1,1
"17652",21217,0,1,1
"17653",21218,4,2,-2
"17654",21219,1,9,8
"17655",21220,1,2,1
"17656",21221,1,2,1
"17657",21222,1,0,-1
"17658",21223,4,2,-2
"17659",21224,1,0,-1
"17660",21225,13,1,-12
"17661",21227,1,3,2
"17662",21228,1,2,1
"17663",21229,6,14,8
"17664",21230,0,2,2
"17665",21231,6,2,-4
"17666",21233,14,22,8
"17667",21235,3,0,-3
"17668",21238,2,1,-1
"17669",21239,4,1,-3
"17670",21240,4,3,-1
"17671",21241,3,0,-3
"17672",21242,6,16,10
"17673",21243,0,2,2
"17674",21244,0,1,1
"17675",21245,1,1,0
"17676",21246,1,2,1
"17677",21247,13,10,-3
"17678",21248,1,1,0
"17679",21249,0,1,1
"17680",21250,1,1,0
"17681",21251,0,1,1
"17682",21252,1,3,2
"17683",21253,3,1,-2
"17684",21255,1,4,3
"17685",21257,3,2,-1
"17686",21258,0,1,1
"17687",21259,39,26,-13
"17688",21260,2,1,-1
"17689",21261,4,4,0
"17690",21262,23,21,-2
"17691",21264,4,12,8
"17692",21265,6,4,-2
"17693",21266,0,2,2
"17694",21267,1,0,-1
"17695",21268,0,1,1
"17696",21269,29,24,-5
"17697",21271,0,2,2
"17698",21272,0,1,1
"17699",21273,0,4,4
"17700",21274,2,1,-1
"17701",21275,4,2,-2
"17702",21276,1,2,1
"17703",21278,2,2,0
"17704",21279,27,20,-7
"17705",21280,1,7,6
"17706",21281,1,5,4
"17707",21283,1,1,0
"17708",21285,0,1,1
"17709",21286,2,2,0
"17710",21287,0,3,3
"17711",21289,5,3,-2
"17712",21290,2,0,-2
"17713",21293,1,1,0
"17714",21294,2,3,1
"17715",21295,0,3,3
"17716",21297,0,1,1
"17717",21298,4,2,-2
"17718",21299,3,3,0
"17719",21301,1,1,0
"17720",21303,7,12,5
"17721",21305,6,6,0
"17722",21306,1,1,0
"17723",21307,2,4,2
"17724",21309,5,2,-3
"17725",21310,1,0,-1
"17726",21312,2,0,-2
"17727",21313,0,3,3
"17728",21314,3,2,-1
"17729",21315,7,7,0
"17730",21316,3,7,4
"17731",21317,0,1,1
"17732",21318,0,1,1
"17733",21319,1,3,2
"17734",21321,2,2,0
"17735",21322,2,0,-2
"17736",21323,10,4,-6
"17737",21324,0,4,4
"17738",21325,1,2,1
"17739",21326,0,2,2
"17740",21327,5,1,-4
"17741",21328,2,0,-2
"17742",21329,1,0,-1
"17743",21330,1,0,-1
"17744",21331,1,4,3
"17745",21332,1,1,0
"17746",21333,1,1,0
"17747",21335,7,9,2
"17748",21337,14,17,3
"17749",21338,0,1,1
"17750",21339,1,0,-1
"17751",21341,5,4,-1
"17752",21343,1,8,7
"17753",21345,1,1,0
"17754",21347,0,1,1
"17755",21348,10,2,-8
"17756",21349,1,6,5
"17757",21350,3,3,0
"17758",21351,1,1,0
"17759",21353,1,0,-1
"17760",21354,0,2,2
"17761",21355,0,1,1
"17762",21357,0,3,3
"17763",21358,0,3,3
"17764",21359,3,2,-1
"17765",21360,6,4,-2
"17766",21362,2,0,-2
"17767",21364,17,10,-7
"17768",21365,1,0,-1
"17769",21366,0,1,1
"17770",21367,1,1,0
"17771",21368,37,16,-21
"17772",21369,2,1,-1
"17773",21370,1,0,-1
"17774",21371,1,1,0
"17775",21372,2,0,-2
"17776",21374,1,0,-1
"17777",21375,1,3,2
"17778",21376,1,0,-1
"17779",21377,0,1,1
"17780",21378,6,0,-6
"17781",21380,0,1,1
"17782",21381,1,1,0
"17783",21382,7,5,-2
"17784",21383,1,0,-1
"17785",21384,0,1,1
"17786",21385,3,0,-3
"17787",21386,1,0,-1
"17788",21387,0,1,1
"17789",21388,0,3,3
"17790",21389,1,1,0
"17791",21391,12,15,3
"17792",21393,0,3,3
"17793",21394,0,1,1
"17794",21396,2,4,2
"17795",21398,0,2,2
"17796",21399,0,2,2
"17797",21400,0,2,2
"17798",21403,2,10,8
"17799",21405,1,0,-1
"17800",21406,1,1,0
"17801",21407,0,1,1
"17802",21410,0,1,1
"17803",21412,1,0,-1
"17804",21413,2,1,-1
"17805",21414,1,0,-1
"17806",21416,13,12,-1
"17807",21417,5,15,10
"17808",21418,1,1,0
"17809",21419,3,1,-2
"17810",21421,3,1,-2
"17811",21422,6,6,0
"17812",21424,5,3,-2
"17813",21426,0,1,1
"17814",21427,1,1,0
"17815",21428,0,1,1
"17816",21429,3,4,1
"17817",21430,1,1,0
"17818",21431,2,2,0
"17819",21432,3,5,2
"17820",21433,2,10,8
"17821",21434,5,13,8
"17822",21435,0,3,3
"17823",21436,0,1,1
"17824",21437,0,2,2
"17825",21438,2,0,-2
"17826",21439,1,0,-1
"17827",21440,2,1,-1
"17828",21441,7,6,-1
"17829",21442,1,10,9
"17830",21444,0,2,2
"17831",21447,2,9,7
"17832",21448,1,2,1
"17833",21449,0,1,1
"17834",21450,1,0,-1
"17835",21452,1,1,0
"17836",21453,1,0,-1
"17837",21454,5,3,-2
"17838",21455,1,0,-1
"17839",21456,1,5,4
"17840",21458,2,2,0
"17841",21460,4,4,0
"17842",21462,1,1,0
"17843",21463,1,1,0
"17844",21464,2,0,-2
"17845",21465,5,2,-3
"17846",21466,0,3,3
"17847",21468,38,20,-18
"17848",21469,1,0,-1
"17849",21470,2,5,3
"17850",21471,2,8,6
"17851",21472,1,0,-1
"17852",21474,3,0,-3
"17853",21475,2,3,1
"17854",21476,1,0,-1
"17855",21477,8,14,6
"17856",21479,1,2,1
"17857",21480,0,3,3
"17858",21481,2,1,-1
"17859",21482,2,3,1
"17860",21483,0,5,5
"17861",21484,5,2,-3
"17862",21485,0,1,1
"17863",21486,16,12,-4
"17864",21487,0,3,3
"17865",21488,4,2,-2
"17866",21489,0,1,1
"17867",21491,9,12,3
"17868",21492,2,2,0
"17869",21493,0,2,2
"17870",21494,2,9,7
"17871",21495,1,1,0
"17872",21496,2,0,-2
"17873",21497,1,0,-1
"17874",21498,29,14,-15
"17875",21499,0,1,1
"17876",21500,2,2,0
"17877",21501,1,1,0
"17878",21503,2,1,-1
"17879",21505,3,4,1
"17880",21506,0,1,1
"17881",21507,1,4,3
"17882",21508,0,3,3
"17883",21509,4,0,-4
"17884",21510,0,1,1
"17885",21511,4,1,-3
"17886",21512,1,0,-1
"17887",21513,1,0,-1
"17888",21516,1,0,-1
"17889",21517,2,0,-2
"17890",21518,1,0,-1
"17891",21519,1,1,0
"17892",21520,2,3,1
"17893",21522,0,1,1
"17894",21523,2,1,-1
"17895",21524,7,7,0
"17896",21525,1,2,1
"17897",21526,6,16,10
"17898",21527,2,0,-2
"17899",21528,2,0,-2
"17900",21529,2,0,-2
"17901",21530,1,8,7
"17902",21532,1,0,-1
"17903",21534,0,1,1
"17904",21535,10,2,-8
"17905",21536,0,1,1
"17906",21537,1,2,1
"17907",21538,3,0,-3
"17908",21539,1,2,1
"17909",21540,0,1,1
"17910",21541,10,5,-5
"17911",21542,0,1,1
"17912",21543,1,4,3
"17913",21544,8,8,0
"17914",21545,1,1,0
"17915",21547,1,0,-1
"17916",21548,1,10,9
"17917",21554,2,4,2
"17918",21557,1,0,-1
"17919",21558,4,1,-3
"17920",21559,0,1,1
"17921",21561,2,0,-2
"17922",21562,0,4,4
"17923",21563,2,4,2
"17924",21564,1,1,0
"17925",21565,10,11,1
"17926",21566,41,32,-9
"17927",21567,0,1,1
"17928",21568,0,5,5
"17929",21569,0,2,2
"17930",21570,2,1,-1
"17931",21571,0,6,6
"17932",21572,1,0,-1
"17933",21573,2,0,-2
"17934",21574,0,2,2
"17935",21577,3,6,3
"17936",21578,7,3,-4
"17937",21580,1,2,1
"17938",21582,0,3,3
"17939",21583,0,2,2
"17940",21584,0,1,1
"17941",21585,0,1,1
"17942",21586,0,2,2
"17943",21587,0,1,1
"17944",21588,2,3,1
"17945",21589,3,2,-1
"17946",21591,2,4,2
"17947",21592,0,1,1
"17948",21593,2,2,0
"17949",21595,2,4,2
"17950",21596,1,3,2
"17951",21597,0,2,2
"17952",21598,0,2,2
"17953",21599,0,3,3
"17954",21600,0,1,1
"17955",21602,3,5,2
"17956",21603,0,1,1
"17957",21606,0,1,1
"17958",21609,2,4,2
"17959",21617,4,4,0
"17960",21618,0,4,4
"17961",21619,6,5,-1
"17962",21621,0,1,1
"17963",21622,1,2,1
"17964",21623,0,2,2
"17965",21624,0,6,6
"17966",21629,0,6,6
"17967",21632,12,13,1
"17968",21633,0,2,2
"17969",21634,0,6,6
"17970",21635,0,8,8
"17971",21637,1,0,-1
"17972",21638,2,1,-1
"17973",21640,1,4,3
"17974",21641,2,4,2
"17975",21642,0,5,5
"17976",21643,3,10,7
"17977",21646,6,7,1
"17978",21647,1,1,0
"17979",21648,2,2,0
"17980",21649,11,8,-3
"17981",21650,2,6,4
"17982",21652,0,5,5
"17983",21653,5,3,-2
"17984",21654,2,2,0
"17985",21655,4,3,-1
"17986",21656,1,4,3
"17987",21657,3,15,12
"17988",21658,1,10,9
"17989",21659,4,9,5
"17990",21660,1,2,1
"17991",21661,6,2,-4
"17992",21662,1,5,4
"17993",21663,3,10,7
"17994",21664,1,2,1
"17995",21665,0,2,2
"17996",21666,1,2,1
"17997",21667,6,11,5
"17998",21668,2,19,17
"17999",21670,1,0,-1
"18000",21673,3,3,0
"18001",21674,49,43,-6
"18002",21675,2,3,1
"18003",21676,1,0,-1
"18004",21677,17,64,47
"18005",21678,0,2,2
"18006",21681,1,0,-1
"18007",21682,2,13,11
"18008",21683,31,18,-13
"18009",21684,1,14,13
"18010",21685,6,14,8
"18011",21686,17,9,-8
"18012",21687,1,1,0
"18013",21688,19,13,-6
"18014",21689,5,22,17
"18015",21690,2,6,4
"18016",21691,4,3,-1
"18017",21692,0,1,1
"18018",21693,0,1,1
"18019",21694,10,41,31
"18020",21695,6,2,-4
"18021",21696,1,10,9
"18022",21697,0,7,7
"18023",21698,2,0,-2
"18024",21699,1,2,1
"18025",21701,7,5,-2
"18026",21702,2,8,6
"18027",21703,3,1,-2
"18028",21704,1,2,1
"18029",21705,19,9,-10
"18030",21706,2,0,-2
"18031",21707,1,1,0
"18032",21708,2,1,-1
"18033",21709,2,7,5
"18034",21710,0,3,3
"18035",21711,4,14,10
"18036",21712,129,102,-27
"18037",21714,2,0,-2
"18038",21715,9,11,2
"18039",21717,2,1,-1
"18040",21718,1,18,17
"18041",21720,1,2,1
"18042",21721,4,3,-1
"18043",21722,0,4,4
"18044",21723,7,5,-2
"18045",21724,0,4,4
"18046",21726,0,3,3
"18047",21727,1,0,-1
"18048",21728,7,9,2
"18049",21729,0,1,1
"18050",21730,0,1,1
"18051",21731,1,0,-1
"18052",21732,0,2,2
"18053",21734,1,1,0
"18054",21735,1,1,0
"18055",21736,3,6,3
"18056",21737,1,1,0
"18057",21738,3,0,-3
"18058",21739,8,2,-6
"18059",21740,1,3,2
"18060",21741,2,3,1
"18061",21742,3,8,5
"18062",21743,5,4,-1
"18063",21744,1,0,-1
"18064",21745,10,12,2
"18065",21746,0,4,4
"18066",21747,0,1,1
"18067",21748,1,2,1
"18068",21749,12,13,1
"18069",21750,0,4,4
"18070",21751,7,4,-3
"18071",21752,1,10,9
"18072",21753,1,8,7
"18073",21754,8,38,30
"18074",21755,4,5,1
"18075",21756,12,43,31
"18076",21757,2,2,0
"18077",21758,10,22,12
"18078",21759,16,6,-10
"18079",21760,12,11,-1
"18080",21761,1,10,9
"18081",21762,1,4,3
"18082",21763,2,1,-1
"18083",21764,2,1,-1
"18084",21765,9,6,-3
"18085",21766,56,28,-28
"18086",21767,34,40,6
"18087",21768,2,15,13
"18088",21769,2,2,0
"18089",21770,6,7,1
"18090",21771,1,12,11
"18091",21773,3,2,-1
"18092",21775,5,2,-3
"18093",21776,2,2,0
"18094",21777,4,3,-1
"18095",21778,5,11,6
"18096",21779,0,2,2
"18097",21780,6,8,2
"18098",21781,1,5,4
"18099",21782,14,14,0
"18100",21783,1,9,8
"18101",21785,6,9,3
"18102",21786,2,2,0
"18103",21787,1,3,2
"18104",21788,5,15,10
"18105",21789,52,42,-10
"18106",21790,17,11,-6
"18107",21791,0,10,10
"18108",21793,6,1,-5
"18109",21794,18,11,-7
"18110",21795,2,9,7
"18111",21796,12,8,-4
"18112",21797,5,7,2
"18113",21798,2,1,-1
"18114",21800,0,4,4
"18115",21801,1,3,2
"18116",21802,0,5,5
"18117",21803,3,8,5
"18118",21804,2,6,4
"18119",21805,1,1,0
"18120",21806,45,34,-11
"18121",21807,17,7,-10
"18122",21808,6,27,21
"18123",21809,2,0,-2
"18124",21810,7,15,8
"18125",21811,1,2,1
"18126",21813,5,10,5
"18127",21814,1,0,-1
"18128",21815,8,38,30
"18129",21816,4,5,1
"18130",21817,2,2,0
"18131",21818,4,4,0
"18132",21819,14,11,-3
"18133",21820,4,4,0
"18134",21821,2,1,-1
"18135",21822,2,0,-2
"18136",21823,8,14,6
"18137",21824,1,0,-1
"18138",21825,4,9,5
"18139",21827,3,13,10
"18140",21828,2,6,4
"18141",21829,2,13,11
"18142",21830,6,1,-5
"18143",21831,6,3,-3
"18144",21832,9,1,-8
"18145",21833,3,4,1
"18146",21834,7,12,5
"18147",21835,1,4,3
"18148",21836,4,9,5
"18149",21837,9,9,0
"18150",21838,5,3,-2
"18151",21839,6,16,10
"18152",21840,0,2,2
"18153",21841,3,2,-1
"18154",21842,1,14,13
"18155",21843,16,17,1
"18156",21844,2,6,4
"18157",21845,5,3,-2
"18158",21846,2,2,0
"18159",21847,3,15,12
"18160",21848,1,2,1
"18161",21849,14,19,5
"18162",21850,9,4,-5
"18163",21851,6,0,-6
"18164",21853,1,4,3
"18165",21854,16,12,-4
"18166",21855,1,0,-1
"18167",21856,1,4,3
"18168",21857,6,5,-1
"18169",21858,2,18,16
"18170",21859,3,1,-2
"18171",21860,3,3,0
"18172",21861,1,0,-1
"18173",21862,1,2,1
"18174",21863,4,6,2
"18175",21864,12,17,5
"18176",21865,1,0,-1
"18177",21866,0,10,10
"18178",21867,11,19,8
"18179",21868,31,35,4
"18180",21869,2,12,10
"18181",21870,1,4,3
"18182",21871,4,9,5
"18183",21872,4,15,11
"18184",21873,1,3,2
"18185",21874,15,8,-7
"18186",21876,3,3,0
"18187",21877,3,7,4
"18188",21878,10,14,4
"18189",21879,2,5,3
"18190",21880,9,11,2
"18191",21881,1,0,-1
"18192",21882,2,6,4
"18193",21883,9,11,2
"18194",21884,3,7,4
"18195",21885,2,4,2
"18196",21886,0,6,6
"18197",21887,6,3,-3
"18198",21888,1,8,7
"18199",21889,42,44,2
"18200",21890,3,1,-2
"18201",21891,24,5,-19
"18202",21892,6,1,-5
"18203",21893,1,11,10
"18204",21894,0,2,2
"18205",21895,4,9,5
"18206",21896,4,1,-3
"18207",21897,1,4,3
"18208",21898,4,3,-1
"18209",21899,2,0,-2
"18210",21900,1,7,6
"18211",21901,0,5,5
"18212",21902,6,14,8
"18213",21903,3,5,2
"18214",21904,13,6,-7
"18215",21905,0,1,1
"18216",21906,2,2,0
"18217",21907,0,3,3
"18218",21908,1,2,1
"18219",21909,10,41,31
"18220",21910,1,11,10
"18221",21911,1,5,4
"18222",21912,2,2,0
"18223",21913,30,37,7
"18224",21914,1,0,-1
"18225",21915,0,5,5
"18226",21916,11,16,5
"18227",21917,8,3,-5
"18228",21918,1,2,1
"18229",21919,4,12,8
"18230",21920,1,14,13
"18231",21921,2,17,15
"18232",21922,1,5,4
"18233",21923,0,1,1
"18234",21924,1,1,0
"18235",21925,10,4,-6
"18236",21926,0,1,1
"18237",21927,4,1,-3
"18238",21928,5,10,5
"18239",21929,1,1,0
"18240",21930,6,6,0
"18241",21931,3,8,5
"18242",21932,4,2,-2
"18243",21933,2,17,15
"18244",21934,2,1,-1
"18245",21935,0,2,2
"18246",21936,22,6,-16
"18247",21937,0,5,5
"18248",21938,3,5,2
"18249",21939,1,0,-1
"18250",21940,5,13,8
"18251",21941,2,2,0
"18252",21942,6,1,-5
"18253",21943,1,1,0
"18254",21944,6,2,-4
"18255",21945,50,24,-26
"18256",21946,6,20,14
"18257",21947,3,11,8
"18258",21948,16,18,2
"18259",21949,36,39,3
"18260",21950,4,4,0
"18261",21951,1,8,7
"18262",21952,1,2,1
"18263",21953,6,2,-4
"18264",21954,4,2,-2
"18265",21955,7,12,5
"18266",21956,9,17,8
"18267",21957,10,6,-4
"18268",21958,48,46,-2
"18269",21959,3,1,-2
"18270",21960,2,0,-2
"18271",21961,16,17,1
"18272",21962,4,12,8
"18273",21964,4,0,-4
"18274",21965,1,0,-1
"18275",21966,2,2,0
"18276",21967,4,3,-1
"18277",21968,1,0,-1
"18278",21969,7,5,-2
"18279",21970,1,1,0
"18280",21971,8,20,12
"18281",21972,6,16,10
"18282",21973,9,4,-5
"18283",21974,1,5,4
"18284",21975,7,34,27
"18285",21976,1,0,-1
"18286",21977,2,8,6
"18287",21978,1,3,2
"18288",21979,0,1,1
"18289",21980,0,1,1
"18290",21981,4,7,3
"18291",21982,2,2,0
"18292",21983,4,4,0
"18293",21984,9,0,-9
"18294",21985,1,7,6
"18295",21986,4,3,-1
"18296",21987,2,1,-1
"18297",21988,2,2,0
"18298",21989,2,3,1
"18299",21990,10,2,-8
"18300",21991,3,14,11
"18301",21992,1,1,0
"18302",21993,2,2,0
"18303",21994,12,3,-9
"18304",21995,2,1,-1
"18305",21996,1,7,6
"18306",21997,3,4,1
"18307",21998,2,7,5
"18308",21999,2,6,4
"18309",22000,2,1,-1
"18310",22001,8,0,-8
"18311",22002,2,0,-2
"18312",22003,9,5,-4
"18313",22004,30,25,-5
"18314",22005,0,1,1
"18315",22006,1,0,-1
"18316",22007,4,5,1
"18317",22009,1,0,-1
"18318",22010,1,0,-1
"18319",22011,1,1,0
"18320",22012,1,2,1
"18321",22013,1,1,0
"18322",22014,2,2,0
"18323",22015,1,2,1
"18324",22016,0,1,1
"18325",22017,0,2,2
"18326",22018,5,2,-3
"18327",22019,1,5,4
"18328",22020,0,1,1
"18329",22023,2,0,-2
"18330",22024,3,2,-1
"18331",22025,1,0,-1
"18332",22026,1,1,0
"18333",22027,0,3,3
"18334",22028,16,11,-5
"18335",22029,0,1,1
"18336",22030,4,5,1
"18337",22031,1,0,-1
"18338",22032,1,2,1
"18339",22033,8,10,2
"18340",22034,33,7,-26
"18341",22035,3,6,3
"18342",22037,2,1,-1
"18343",22038,1,2,1
"18344",22039,0,1,1
"18345",22040,1,0,-1
"18346",22041,2,1,-1
"18347",22042,0,2,2
"18348",22045,2,1,-1
"18349",22046,1,2,1
"18350",22047,2,0,-2
"18351",22048,4,3,-1
"18352",22049,4,2,-2
"18353",22050,1,1,0
"18354",22051,0,1,1
"18355",22052,1,2,1
"18356",22053,9,6,-3
"18357",22054,9,6,-3
"18358",22057,2,1,-1
"18359",22058,2,0,-2
"18360",22059,12,9,-3
"18361",22060,1,1,0
"18362",22061,0,1,1
"18363",22062,4,7,3
"18364",22063,0,1,1
"18365",22064,1,0,-1
"18366",22065,2,0,-2
"18367",22066,1,0,-1
"18368",22067,1,0,-1
"18369",22068,2,2,0
"18370",22069,2,3,1
"18371",22070,2,1,-1
"18372",22071,13,7,-6
"18373",22072,1,2,1
"18374",22073,2,2,0
"18375",22074,3,1,-2
"18376",22075,6,1,-5
"18377",22077,0,1,1
"18378",22078,0,1,1
"18379",22079,14,8,-6
"18380",22081,13,8,-5
"18381",22082,2,2,0
"18382",22083,26,16,-10
"18383",22084,14,8,-6
"18384",22086,6,14,8
"18385",22088,1,0,-1
"18386",22089,2,0,-2
"18387",22090,2,0,-2
"18388",22091,1,0,-1
"18389",22093,1,0,-1
"18390",22094,1,5,4
"18391",22096,2,2,0
"18392",22097,0,2,2
"18393",22098,1,4,3
"18394",22099,1,3,2
"18395",22100,0,3,3
"18396",22101,1,0,-1
"18397",22102,1,6,5
"18398",22103,0,3,3
"18399",22104,1,0,-1
"18400",22106,0,1,1
"18401",22107,1,0,-1
"18402",22108,2,13,11
"18403",22109,4,7,3
"18404",22111,1,0,-1
"18405",22112,2,1,-1
"18406",22113,1,0,-1
"18407",22114,1,1,0
"18408",22115,1,1,0
"18409",22117,10,9,-1
"18410",22119,0,1,1
"18411",22120,0,1,1
"18412",22121,4,2,-2
"18413",22122,3,0,-3
"18414",22123,2,0,-2
"18415",22124,0,1,1
"18416",22125,9,15,6
"18417",22126,16,29,13
"18418",22127,18,2,-16
"18419",22128,13,3,-10
"18420",22129,0,2,2
"18421",22130,2,2,0
"18422",22131,16,7,-9
"18423",22132,1,1,0
"18424",22133,3,4,1
"18425",22134,6,11,5
"18426",22135,1,13,12
"18427",22136,1,3,2
"18428",22137,10,26,16
"18429",22138,9,24,15
"18430",22139,18,24,6
"18431",22141,3,0,-3
"18432",22142,1,2,1
"18433",22143,0,3,3
"18434",22144,2,0,-2
"18435",22145,1,1,0
"18436",22146,9,14,5
"18437",22147,1,6,5
"18438",22148,1,0,-1
"18439",22149,5,2,-3
"18440",22150,1,1,0
"18441",22151,0,13,13
"18442",22152,0,1,1
"18443",22153,4,5,1
"18444",22154,2,3,1
"18445",22155,0,4,4
"18446",22156,0,4,4
"18447",22157,2,5,3
"18448",22158,1,2,1
"18449",22159,3,2,-1
"18450",22160,33,42,9
"18451",22162,3,2,-1
"18452",22164,2,1,-1
"18453",22165,2,2,0
"18454",22166,1,8,7
"18455",22167,0,1,1
"18456",22168,12,12,0
"18457",22169,6,7,1
"18458",22170,0,3,3
"18459",22171,6,9,3
"18460",22172,7,4,-3
"18461",22174,3,2,-1
"18462",22175,2,1,-1
"18463",22176,2,0,-2
"18464",22177,5,6,1
"18465",22178,0,4,4
"18466",22179,10,1,-9
"18467",22180,10,16,6
"18468",22181,3,6,3
"18469",22182,5,7,2
"18470",22183,0,1,1
"18471",22184,1,2,1
"18472",22185,1,2,1
"18473",22186,5,2,-3
"18474",22187,0,2,2
"18475",22189,20,114,94
"18476",22190,5,2,-3
"18477",22191,4,4,0
"18478",22193,9,6,-3
"18479",22194,5,9,4
"18480",22195,0,4,4
"18481",22196,6,0,-6
"18482",22197,0,4,4
"18483",22198,1,0,-1
"18484",22199,2,1,-1
"18485",22200,6,8,2
"18486",22201,0,2,2
"18487",22202,0,2,2
"18488",22203,21,19,-2
"18489",22204,1,4,3
"18490",22205,0,3,3
"18491",22208,6,0,-6
"18492",22209,0,1,1
"18493",22210,3,0,-3
"18494",22211,2,8,6
"18495",22212,0,1,1
"18496",22213,14,9,-5
"18497",22214,0,1,1
"18498",22215,4,1,-3
"18499",22217,3,13,10
"18500",22218,3,2,-1
"18501",22219,0,2,2
"18502",22220,2,2,0
"18503",22221,2,1,-1
"18504",22222,21,15,-6
"18505",22223,4,9,5
"18506",22224,1,3,2
"18507",22225,2,0,-2
"18508",22226,3,4,1
"18509",22227,4,2,-2
"18510",22229,1,3,2
"18511",22230,0,2,2
"18512",22231,4,7,3
"18513",22232,1,1,0
"18514",22233,1,0,-1
"18515",22234,11,6,-5
"18516",22235,1,2,1
"18517",22236,1,2,1
"18518",22237,4,4,0
"18519",22238,3,10,7
"18520",22239,5,6,1
"18521",22240,1,0,-1
"18522",22241,1,1,0
"18523",22242,24,19,-5
"18524",22243,1,0,-1
"18525",22244,7,14,7
"18526",22245,1,3,2
"18527",22246,2,3,1
"18528",22247,1,0,-1
"18529",22248,1,3,2
"18530",22249,2,9,7
"18531",22252,2,3,1
"18532",22253,2,5,3
"18533",22255,5,3,-2
"18534",22256,0,1,1
"18535",22257,0,1,1
"18536",22258,1,1,0
"18537",22260,3,3,0
"18538",22261,2,5,3
"18539",22263,2,3,1
"18540",22264,7,1,-6
"18541",22265,0,4,4
"18542",22267,1,0,-1
"18543",22268,3,7,4
"18544",22269,2,1,-1
"18545",22270,9,12,3
"18546",22271,3,1,-2
"18547",22272,6,3,-3
"18548",22273,2,1,-1
"18549",22274,0,10,10
"18550",22275,1,0,-1
"18551",22276,3,0,-3
"18552",22277,1,3,2
"18553",22278,1,1,0
"18554",22279,15,13,-2
"18555",22280,1,1,0
"18556",22282,1,1,0
"18557",22283,9,5,-4
"18558",22284,5,5,0
"18559",22286,1,0,-1
"18560",22287,6,8,2
"18561",22288,3,7,4
"18562",22289,5,16,11
"18563",22290,7,13,6
"18564",22291,2,3,1
"18565",22292,1,0,-1
"18566",22293,0,2,2
"18567",22294,6,10,4
"18568",22295,2,0,-2
"18569",22296,1,0,-1
"18570",22297,1,2,1
"18571",22298,1,0,-1
"18572",22299,17,6,-11
"18573",22300,1,0,-1
"18574",22301,0,2,2
"18575",22302,7,6,-1
"18576",22303,11,28,17
"18577",22304,1,0,-1
"18578",22305,2,3,1
"18579",22307,1,3,2
"18580",22308,20,17,-3
"18581",22309,1,4,3
"18582",22310,0,1,1
"18583",22311,26,15,-11
"18584",22312,6,7,1
"18585",22313,0,1,1
"18586",22314,16,28,12
"18587",22315,17,13,-4
"18588",22316,0,2,2
"18589",22317,1,0,-1
"18590",22318,4,1,-3
"18591",22319,1,0,-1
"18592",22320,3,5,2
"18593",22321,3,7,4
"18594",22322,32,27,-5
"18595",22323,9,5,-4
"18596",22324,2,3,1
"18597",22325,0,1,1
"18598",22326,16,10,-6
"18599",22327,4,3,-1
"18600",22328,1,0,-1
"18601",22329,4,8,4
"18602",22330,1,1,0
"18603",22331,7,7,0
"18604",22332,0,2,2
"18605",22333,5,10,5
"18606",22334,0,2,2
"18607",22335,20,24,4
"18608",22336,70,79,9
"18609",22337,2,2,0
"18610",22338,14,8,-6
"18611",22339,1,0,-1
"18612",22340,1,3,2
"18613",22341,25,16,-9
"18614",22342,0,2,2
"18615",22343,9,5,-4
"18616",22345,2,3,1
"18617",22347,0,5,5
"18618",22348,10,3,-7
"18619",22350,2,10,8
"18620",22351,4,4,0
"18621",22352,12,4,-8
"18622",22353,1,0,-1
"18623",22355,2,1,-1
"18624",22356,0,1,1
"18625",22358,6,5,-1
"18626",22359,2,0,-2
"18627",22361,2,2,0
"18628",22362,2,0,-2
"18629",22364,1,2,1
"18630",22365,1,2,1
"18631",22367,11,7,-4
"18632",22368,2,2,0
"18633",22369,1,0,-1
"18634",22370,0,4,4
"18635",22371,14,5,-9
"18636",22372,2,1,-1
"18637",22374,3,7,4
"18638",22376,1,1,0
"18639",22378,0,3,3
"18640",22379,6,3,-3
"18641",22380,22,28,6
"18642",22381,0,1,1
"18643",22382,1,2,1
"18644",22383,3,1,-2
"18645",22384,12,2,-10
"18646",22385,1,1,0
"18647",22386,1,0,-1
"18648",22387,0,2,2
"18649",22389,2,0,-2
"18650",22390,21,14,-7
"18651",22392,3,1,-2
"18652",22393,0,1,1
"18653",22394,11,11,0
"18654",22395,0,1,1
"18655",22396,0,1,1
"18656",22397,1,2,1
"18657",22400,1,1,0
"18658",22401,2,2,0
"18659",22403,1,3,2
"18660",22404,3,1,-2
"18661",22405,0,1,1
"18662",22406,2,2,0
"18663",22407,5,8,3
"18664",22408,1,6,5
"18665",22409,6,3,-3
"18666",22410,14,5,-9
"18667",22411,0,1,1
"18668",22413,1,2,1
"18669",22414,7,11,4
"18670",22415,0,1,1
"18671",22416,2,0,-2
"18672",22417,2,1,-1
"18673",22418,13,2,-11
"18674",22419,2,2,0
"18675",22420,0,2,2
"18676",22421,1,0,-1
"18677",22422,2,12,10
"18678",22424,5,21,16
"18679",22425,7,2,-5
"18680",22426,0,1,1
"18681",22427,1,0,-1
"18682",22428,1,3,2
"18683",22429,1,3,2
"18684",22430,1,4,3
"18685",22431,1,0,-1
"18686",22432,4,4,0
"18687",22434,3,1,-2
"18688",22435,1,1,0
"18689",22436,2,0,-2
"18690",22437,0,1,1
"18691",22438,0,1,1
"18692",22439,18,10,-8
"18693",22440,2,4,2
"18694",22441,1,0,-1
"18695",22442,1,2,1
"18696",22443,0,1,1
"18697",22444,22,9,-13
"18698",22445,2,0,-2
"18699",22446,0,1,1
"18700",22447,0,1,1
"18701",22449,41,38,-3
"18702",22450,2,0,-2
"18703",22451,9,13,4
"18704",22452,0,1,1
"18705",22453,4,0,-4
"18706",22454,11,5,-6
"18707",22455,0,4,4
"18708",22456,10,27,17
"18709",22457,1,0,-1
"18710",22458,1,3,2
"18711",22459,5,10,5
"18712",22460,3,5,2
"18713",22461,9,3,-6
"18714",22462,1,3,2
"18715",22464,0,2,2
"18716",22465,5,9,4
"18717",22466,7,7,0
"18718",22467,3,8,5
"18719",22468,20,15,-5
"18720",22469,2,3,1
"18721",22470,30,13,-17
"18722",22471,1,0,-1
"18723",22472,0,1,1
"18724",22473,1,2,1
"18725",22474,2,1,-1
"18726",22475,1,4,3
"18727",22476,2,20,18
"18728",22477,2,4,2
"18729",22478,17,15,-2
"18730",22479,2,2,0
"18731",22480,2,3,1
"18732",22481,8,4,-4
"18733",22484,3,2,-1
"18734",22485,0,1,1
"18735",22486,1,2,1
"18736",22487,2,9,7
"18737",22489,3,8,5
"18738",22491,0,1,1
"18739",22493,4,5,1
"18740",22494,1,1,0
"18741",22495,2,1,-1
"18742",22496,0,2,2
"18743",22497,2,0,-2
"18744",22499,2,3,1
"18745",22501,23,18,-5
"18746",22502,5,14,9
"18747",22503,17,17,0
"18748",22505,1,1,0
"18749",22506,0,1,1
"18750",22507,5,3,-2
"18751",22508,4,1,-3
"18752",22509,24,10,-14
"18753",22512,1,2,1
"18754",22513,0,2,2
"18755",22514,18,15,-3
"18756",22515,0,1,1
"18757",22516,0,1,1
"18758",22517,19,11,-8
"18759",22518,11,5,-6
"18760",22520,1,1,0
"18761",22521,6,8,2
"18762",22522,1,0,-1
"18763",22523,0,1,1
"18764",22524,2,1,-1
"18765",22525,1,3,2
"18766",22526,1,1,0
"18767",22527,15,9,-6
"18768",22528,5,2,-3
"18769",22529,2,0,-2
"18770",22530,4,4,0
"18771",22531,0,3,3
"18772",22532,0,1,1
"18773",22533,6,6,0
"18774",22534,0,1,1
"18775",22535,6,8,2
"18776",22536,1,4,3
"18777",22537,1,3,2
"18778",22538,9,23,14
"18779",22539,2,0,-2
"18780",22540,1,0,-1
"18781",22541,1,1,0
"18782",22543,1,3,2
"18783",22544,1,0,-1
"18784",22545,6,10,4
"18785",22546,9,19,10
"18786",22547,22,15,-7
"18787",22548,1,3,2
"18788",22549,12,9,-3
"18789",22550,22,10,-12
"18790",22551,6,1,-5
"18791",22552,3,4,1
"18792",22554,1,1,0
"18793",22555,5,10,5
"18794",22556,6,6,0
"18795",22557,0,2,2
"18796",22558,8,13,5
"18797",22559,1,3,2
"18798",22560,1,0,-1
"18799",22561,1,0,-1
"18800",22562,1,3,2
"18801",22563,11,13,2
"18802",22564,4,0,-4
"18803",22565,0,2,2
"18804",22566,3,6,3
"18805",22567,3,9,6
"18806",22568,1,2,1
"18807",22570,3,3,0
"18808",22572,1,2,1
"18809",22573,0,6,6
"18810",22574,0,1,1
"18811",22575,3,4,1
"18812",22576,5,2,-3
"18813",22577,4,13,9
"18814",22578,1,1,0
"18815",22580,2,7,5
"18816",22581,2,1,-1
"18817",22582,1,0,-1
"18818",22583,2,1,-1
"18819",22584,1,4,3
"18820",22585,1,1,0
"18821",22586,7,2,-5
"18822",22587,2,2,0
"18823",22588,9,15,6
"18824",22589,2,1,-1
"18825",22590,1,0,-1
"18826",22593,20,9,-11
"18827",22594,0,1,1
"18828",22595,1,3,2
"18829",22597,16,12,-4
"18830",22598,18,21,3
"18831",22600,30,11,-19
"18832",22601,13,10,-3
"18833",22602,4,4,0
"18834",22603,3,4,1
"18835",22604,1,0,-1
"18836",22605,2,0,-2
"18837",22606,0,1,1
"18838",22607,0,1,1
"18839",22608,3,1,-2
"18840",22609,1,0,-1
"18841",22610,3,1,-2
"18842",22611,0,1,1
"18843",22612,2,3,1
"18844",22613,0,1,1
"18845",22614,2,3,1
"18846",22615,132,96,-36
"18847",22616,27,18,-9
"18848",22617,1,0,-1
"18849",22618,0,2,2
"18850",22619,2,4,2
"18851",22620,1,0,-1
"18852",22621,1,1,0
"18853",22622,5,2,-3
"18854",22623,0,4,4
"18855",22624,2,4,2
"18856",22625,23,10,-13
"18857",22626,1,0,-1
"18858",22627,1,4,3
"18859",22628,9,3,-6
"18860",22629,3,0,-3
"18861",22630,1,0,-1
"18862",22631,4,0,-4
"18863",22632,4,6,2
"18864",22633,1,3,2
"18865",22634,3,2,-1
"18866",22635,1,1,0
"18867",22636,1,0,-1
"18868",22637,3,4,1
"18869",22638,19,14,-5
"18870",22639,5,2,-3
"18871",22640,20,15,-5
"18872",22641,25,13,-12
"18873",22642,16,10,-6
"18874",22643,9,7,-2
"18875",22644,1,2,1
"18876",22645,3,4,1
"18877",22646,3,4,1
"18878",22647,3,2,-1
"18879",22648,4,4,0
"18880",22651,13,22,9
"18881",22652,15,8,-7
"18882",22653,3,3,0
"18883",22654,5,3,-2
"18884",22655,11,10,-1
"18885",22656,17,6,-11
"18886",22658,3,4,1
"18887",22660,2,0,-2
"18888",22661,1,0,-1
"18889",22662,3,1,-2
"18890",22665,49,23,-26
"18891",22666,3,5,2
"18892",22667,14,7,-7
"18893",22668,0,4,4
"18894",22669,0,1,1
"18895",22670,3,6,3
"18896",22671,3,4,1
"18897",22672,1,0,-1
"18898",22674,7,8,1
"18899",22675,6,3,-3
"18900",22676,3,6,3
"18901",22677,2,2,0
"18902",22678,2,1,-1
"18903",22679,6,6,0
"18904",22680,3,0,-3
"18905",22681,14,17,3
"18906",22682,1,4,3
"18907",22684,1,0,-1
"18908",22685,1,1,0
"18909",22686,1,0,-1
"18910",22687,0,6,6
"18911",22689,1,0,-1
"18912",22690,1,0,-1
"18913",22691,12,18,6
"18914",22692,1,1,0
"18915",22693,5,4,-1
"18916",22695,0,1,1
"18917",22696,7,6,-1
"18918",22698,24,17,-7
"18919",22699,3,4,1
"18920",22700,0,1,1
"18921",22701,3,0,-3
"18922",22702,9,34,25
"18923",22703,7,5,-2
"18924",22704,1,5,4
"18925",22705,0,1,1
"18926",22706,0,3,3
"18927",22707,93,76,-17
"18928",22708,0,1,1
"18929",22709,1,1,0
"18930",22710,12,3,-9
"18931",22711,1,0,-1
"18932",22712,1,4,3
"18933",22713,7,1,-6
"18934",22714,7,2,-5
"18935",22715,5,7,2
"18936",22716,0,4,4
"18937",22718,16,14,-2
"18938",22720,0,4,4
"18939",22721,2,0,-2
"18940",22722,0,2,2
"18941",22723,0,1,1
"18942",22724,3,2,-1
"18943",22725,4,4,0
"18944",22726,6,1,-5
"18945",22727,4,1,-3
"18946",22728,31,22,-9
"18947",22729,1,0,-1
"18948",22730,2,0,-2
"18949",22731,0,1,1
"18950",22732,3,1,-2
"18951",22733,2,3,1
"18952",22736,2,1,-1
"18953",22737,1,2,1
"18954",22738,11,25,14
"18955",22739,2,5,3
"18956",22740,3,1,-2
"18957",22741,2,13,11
"18958",22742,5,0,-5
"18959",22743,1,0,-1
"18960",22744,0,1,1
"18961",22745,1,3,2
"18962",22746,1,3,2
"18963",22748,16,51,35
"18964",22749,6,3,-3
"18965",22750,0,1,1
"18966",22751,3,2,-1
"18967",22752,4,2,-2
"18968",22753,3,5,2
"18969",22754,22,18,-4
"18970",22755,1,0,-1
"18971",22756,11,5,-6
"18972",22757,3,1,-2
"18973",22758,0,1,1
"18974",22759,6,1,-5
"18975",22761,1,4,3
"18976",22762,2,0,-2
"18977",22763,0,1,1
"18978",22765,0,1,1
"18979",22766,1,4,3
"18980",22767,1,0,-1
"18981",22768,2,5,3
"18982",22769,2,2,0
"18983",22770,1,1,0
"18984",22771,3,2,-1
"18985",22772,2,3,1
"18986",22773,6,5,-1
"18987",22775,2,2,0
"18988",22776,6,9,3
"18989",22777,2,4,2
"18990",22778,15,25,10
"18991",22779,1,0,-1
"18992",22780,2,0,-2
"18993",22781,2,4,2
"18994",22782,1,2,1
"18995",22783,6,4,-2
"18996",22784,1,2,1
"18997",22785,0,1,1
"18998",22786,11,10,-1
"18999",22787,2,3,1
"19000",22788,1,0,-1
"19001",22791,0,4,4
"19002",22792,3,5,2
"19003",22793,1,1,0
"19004",22794,1,7,6
"19005",22795,1,3,2
"19006",22796,1,3,2
"19007",22798,2,2,0
"19008",22799,6,5,-1
"19009",22800,9,5,-4
"19010",22801,0,3,3
"19011",22802,19,23,4
"19012",22803,2,1,-1
"19013",22804,0,1,1
"19014",22805,2,2,0
"19015",22806,0,2,2
"19016",22807,16,9,-7
"19017",22808,6,2,-4
"19018",22809,1,0,-1
"19019",22810,0,1,1
"19020",22811,1,1,0
"19021",22812,8,6,-2
"19022",22813,1,3,2
"19023",22815,1,0,-1
"19024",22817,8,2,-6
"19025",22818,1,3,2
"19026",22820,0,3,3
"19027",22821,1,1,0
"19028",22823,13,7,-6
"19029",22824,1,3,2
"19030",22825,0,2,2
"19031",22826,1,0,-1
"19032",22827,2,4,2
"19033",22828,2,4,2
"19034",22829,13,15,2
"19035",22830,4,2,-2
"19036",22831,5,2,-3
"19037",22832,2,1,-1
"19038",22833,4,9,5
"19039",22834,0,3,3
"19040",22835,0,5,5
"19041",22836,10,6,-4
"19042",22837,0,2,2
"19043",22838,19,19,0
"19044",22839,18,10,-8
"19045",22840,0,1,1
"19046",22841,0,1,1
"19047",22842,0,1,1
"19048",22843,16,9,-7
"19049",22844,2,3,1
"19050",22845,12,16,4
"19051",22848,4,4,0
"19052",22849,2,1,-1
"19053",22851,3,1,-2
"19054",22852,1,1,0
"19055",22853,7,6,-1
"19056",22855,15,28,13
"19057",22856,0,1,1
"19058",22857,16,16,0
"19059",22858,0,6,6
"19060",22859,18,12,-6
"19061",22860,3,2,-1
"19062",22861,8,3,-5
"19063",22862,0,1,1
"19064",22863,5,5,0
"19065",22864,0,2,2
"19066",22865,0,2,2
"19067",22866,0,3,3
"19068",22867,68,50,-18
"19069",22868,0,1,1
"19070",22869,1,2,1
"19071",22870,2,1,-1
"19072",22871,9,11,2
"19073",22872,14,3,-11
"19074",22873,5,1,-4
"19075",22876,21,10,-11
"19076",22877,1,6,5
"19077",22879,4,1,-3
"19078",22880,1,0,-1
"19079",22881,3,8,5
"19080",22882,6,4,-2
"19081",22883,1,7,6
"19082",22884,0,3,3
"19083",22885,1,3,2
"19084",22886,3,8,5
"19085",22887,3,3,0
"19086",22888,1,1,0
"19087",22889,1,0,-1
"19088",22891,1,1,0
"19089",22892,1,1,0
"19090",22893,3,4,1
"19091",22894,6,3,-3
"19092",22895,0,1,1
"19093",22896,1,1,0
"19094",22897,1,2,1
"19095",22898,1,0,-1
"19096",22899,3,3,0
"19097",22900,3,1,-2
"19098",22901,0,1,1
"19099",22902,9,13,4
"19100",22903,5,4,-1
"19101",22904,1,0,-1
"19102",22905,2,3,1
"19103",22906,7,13,6
"19104",22907,6,5,-1
"19105",22908,3,3,0
"19106",22909,0,3,3
"19107",22910,3,0,-3
"19108",22911,2,2,0
"19109",22912,1,1,0
"19110",22913,1,0,-1
"19111",22914,7,10,3
"19112",22915,6,3,-3
"19113",22916,6,3,-3
"19114",22918,0,1,1
"19115",22919,0,1,1
"19116",22920,7,3,-4
"19117",22921,9,12,3
"19118",22922,13,7,-6
"19119",22923,0,3,3
"19120",22924,1,2,1
"19121",22925,0,1,1
"19122",22926,4,4,0
"19123",22927,3,1,-2
"19124",22928,10,5,-5
"19125",22929,3,1,-2
"19126",22930,1,0,-1
"19127",22932,25,13,-12
"19128",22933,2,1,-1
"19129",22934,1,2,1
"19130",22935,6,11,5
"19131",22936,1,3,2
"19132",22937,10,5,-5
"19133",22938,7,4,-3
"19134",22939,1,2,1
"19135",22940,8,8,0
"19136",22941,13,10,-3
"19137",22942,5,11,6
"19138",22943,5,17,12
"19139",22944,12,33,21
"19140",22945,3,4,1
"19141",22946,4,5,1
"19142",22948,2,2,0
"19143",22949,20,25,5
"19144",22950,1,1,0
"19145",22952,3,4,1
"19146",22953,1,0,-1
"19147",22954,1,0,-1
"19148",22955,21,5,-16
"19149",22956,4,1,-3
"19150",22958,17,18,1
"19151",22959,4,1,-3
"19152",22960,12,27,15
"19153",22961,1,2,1
"19154",22962,3,2,-1
"19155",22963,2,0,-2
"19156",22964,0,1,1
"19157",22965,1,0,-1
"19158",22966,1,1,0
"19159",22967,9,6,-3
"19160",22968,3,1,-2
"19161",22969,0,2,2
"19162",22970,0,4,4
"19163",22971,1,0,-1
"19164",22972,19,7,-12
"19165",22973,3,1,-2
"19166",22976,7,26,19
"19167",22977,1,1,0
"19168",22978,0,1,1
"19169",22979,1,0,-1
"19170",22980,11,23,12
"19171",22981,2,4,2
"19172",22983,4,7,3
"19173",22984,1,2,1
"19174",22985,6,5,-1
"19175",22986,2,0,-2
"19176",22987,1,0,-1
"19177",22988,1,0,-1
"19178",22989,12,41,29
"19179",22990,4,4,0
"19180",22991,3,3,0
"19181",22992,1,2,1
"19182",22993,4,5,1
"19183",22994,1,4,3
"19184",22995,5,3,-2
"19185",22996,1,0,-1
"19186",22997,7,2,-5
"19187",22999,1,0,-1
"19188",23000,1,0,-1
"19189",23001,2,4,2
"19190",23002,2,6,4
"19191",23003,1,7,6
"19192",23004,2,1,-1
"19193",23005,1,0,-1
"19194",23006,3,3,0
"19195",23007,1,1,0
"19196",23008,1,1,0
"19197",23009,3,5,2
"19198",23010,3,10,7
"19199",23011,1,1,0
"19200",23012,1,3,2
"19201",23013,13,5,-8
"19202",23014,6,6,0
"19203",23015,1,1,0
"19204",23016,18,26,8
"19205",23017,2,3,1
"19206",23018,1,2,1
"19207",23019,1,2,1
"19208",23020,3,0,-3
"19209",23021,4,13,9
"19210",23022,0,2,2
"19211",23024,3,3,0
"19212",23025,3,12,9
"19213",23027,2,6,4
"19214",23028,7,11,4
"19215",23029,1,2,1
"19216",23030,12,18,6
"19217",23031,2,1,-1
"19218",23032,1,1,0
"19219",23033,10,5,-5
"19220",23034,2,4,2
"19221",23035,0,1,1
"19222",23036,3,3,0
"19223",23037,2,1,-1
"19224",23038,15,7,-8
"19225",23039,10,11,1
"19226",23041,0,5,5
"19227",23042,0,2,2
"19228",23043,6,2,-4
"19229",23044,1,1,0
"19230",23045,4,2,-2
"19231",23046,1,2,1
"19232",23047,0,1,1
"19233",23048,0,1,1
"19234",23049,14,30,16
"19235",23050,11,11,0
"19236",23051,9,14,5
"19237",23052,1,3,2
"19238",23053,2,0,-2
"19239",23054,2,4,2
"19240",23055,3,1,-2
"19241",23056,10,34,24
"19242",23057,2,1,-1
"19243",23058,0,2,2
"19244",23060,5,2,-3
"19245",23061,4,13,9
"19246",23062,0,1,1
"19247",23063,3,1,-2
"19248",23064,1,0,-1
"19249",23065,1,2,1
"19250",23066,8,15,7
"19251",23067,4,5,1
"19252",23068,8,11,3
"19253",23069,10,4,-6
"19254",23071,0,1,1
"19255",23072,1,0,-1
"19256",23073,0,1,1
"19257",23074,1,2,1
"19258",23075,13,7,-6
"19259",23077,3,1,-2
"19260",23078,5,3,-2
"19261",23079,1,3,2
"19262",23080,1,5,4
"19263",23081,1,3,2
"19264",23082,0,2,2
"19265",23083,8,6,-2
"19266",23084,1,0,-1
"19267",23085,2,1,-1
"19268",23086,4,6,2
"19269",23087,8,4,-4
"19270",23088,0,1,1
"19271",23089,0,1,1
"19272",23091,11,6,-5
"19273",23092,0,2,2
"19274",23093,2,5,3
"19275",23094,2,1,-1
"19276",23095,1,3,2
"19277",23096,3,4,1
"19278",23097,2,3,1
"19279",23098,8,4,-4
"19280",23099,17,18,1
"19281",23100,10,4,-6
"19282",23101,11,13,2
"19283",23102,0,3,3
"19284",23104,11,8,-3
"19285",23105,3,2,-1
"19286",23106,2,3,1
"19287",23107,3,1,-2
"19288",23108,3,10,7
"19289",23109,0,2,2
"19290",23110,3,2,-1
"19291",23111,0,3,3
"19292",23112,2,2,0
"19293",23113,0,1,1
"19294",23114,0,1,1
"19295",23115,3,2,-1
"19296",23117,3,5,2
"19297",23120,4,9,5
"19298",23121,1,2,1
"19299",23122,4,2,-2
"19300",23123,0,3,3
"19301",23125,0,1,1
"19302",23127,1,3,2
"19303",23128,1,1,0
"19304",23129,0,2,2
"19305",23130,5,5,0
"19306",23131,1,3,2
"19307",23132,4,11,7
"19308",23133,21,9,-12
"19309",23134,31,20,-11
"19310",23135,7,8,1
"19311",23137,2,1,-1
"19312",23138,41,28,-13
"19313",23139,0,1,1
"19314",23140,1,1,0
"19315",23141,0,2,2
"19316",23142,5,16,11
"19317",23143,5,10,5
"19318",23144,1,0,-1
"19319",23145,2,1,-1
"19320",23146,2,1,-1
"19321",23147,1,0,-1
"19322",23148,2,2,0
"19323",23149,27,20,-7
"19324",23150,2,5,3
"19325",23152,0,1,1
"19326",23153,2,1,-1
"19327",23154,0,1,1
"19328",23155,12,33,21
"19329",23156,1,5,4
"19330",23158,2,4,2
"19331",23160,1,0,-1
"19332",23161,1,0,-1
"19333",23163,1,1,0
"19334",23164,9,15,6
"19335",23165,0,1,1
"19336",23166,5,6,1
"19337",23167,1,3,2
"19338",23168,6,9,3
"19339",23169,2,0,-2
"19340",23170,1,1,0
"19341",23171,1,3,2
"19342",23172,2,2,0
"19343",23173,1,1,0
"19344",23174,5,42,37
"19345",23175,7,22,15
"19346",23176,3,0,-3
"19347",23177,7,3,-4
"19348",23179,4,10,6
"19349",23180,1,2,1
"19350",23181,7,4,-3
"19351",23182,11,10,-1
"19352",23183,1,1,0
"19353",23184,4,14,10
"19354",23185,33,33,0
"19355",23186,12,7,-5
"19356",23187,4,0,-4
"19357",23188,1,1,0
"19358",23189,3,4,1
"19359",23190,1,2,1
"19360",23191,7,1,-6
"19361",23192,1,4,3
"19362",23193,0,1,1
"19363",23195,0,1,1
"19364",23198,1,1,0
"19365",23199,1,2,1
"19366",23200,0,1,1
"19367",23201,1,1,0
"19368",23202,13,24,11
"19369",23203,1,1,0
"19370",23204,3,1,-2
"19371",23205,1,1,0
"19372",23206,1,2,1
"19373",23208,1,1,0
"19374",23209,2,0,-2
"19375",23210,5,2,-3
"19376",23211,2,0,-2
"19377",23212,1,1,0
"19378",23213,1,0,-1
"19379",23214,2,0,-2
"19380",23215,5,8,3
"19381",23216,0,1,1
"19382",23217,1,0,-1
"19383",23218,10,17,7
"19384",23219,0,1,1
"19385",23221,10,3,-7
"19386",23222,4,2,-2
"19387",23223,1,0,-1
"19388",23224,2,3,1
"19389",23225,1,0,-1
"19390",23226,0,1,1
"19391",23227,4,7,3
"19392",23229,3,1,-2
"19393",23230,0,1,1
"19394",23231,4,1,-3
"19395",23232,2,3,1
"19396",23233,6,9,3
"19397",23234,11,12,1
"19398",23235,1,2,1
"19399",23236,4,4,0
"19400",23237,4,3,-1
"19401",23238,1,2,1
"19402",23239,3,4,1
"19403",23240,1,0,-1
"19404",23241,0,2,2
"19405",23242,2,1,-1
"19406",23243,8,7,-1
"19407",23244,15,9,-6
"19408",23245,31,24,-7
"19409",23246,1,0,-1
"19410",23247,1,5,4
"19411",23248,9,4,-5
"19412",23249,2,3,1
"19413",23250,2,1,-1
"19414",23251,1,2,1
"19415",23252,1,0,-1
"19416",23253,6,7,1
"19417",23254,6,4,-2
"19418",23255,8,8,0
"19419",23256,4,2,-2
"19420",23257,9,10,1
"19421",23258,4,7,3
"19422",23259,7,6,-1
"19423",23260,4,5,1
"19424",23261,16,15,-1
"19425",23262,1,3,2
"19426",23263,9,8,-1
"19427",23264,1,1,0
"19428",23265,0,4,4
"19429",23266,0,1,1
"19430",23268,0,1,1
"19431",23270,1,1,0
"19432",23271,2,3,1
"19433",23272,2,3,1
"19434",23273,3,1,-2
"19435",23274,1,1,0
"19436",23275,1,0,-1
"19437",23276,0,1,1
"19438",23277,1,1,0
"19439",23278,1,3,2
"19440",23279,11,12,1
"19441",23280,2,8,6
"19442",23281,3,11,8
"19443",23282,0,1,1
"19444",23283,2,1,-1
"19445",23284,0,3,3
"19446",23285,0,1,1
"19447",23286,7,4,-3
"19448",23287,1,0,-1
"19449",23288,7,3,-4
"19450",23289,0,1,1
"19451",23290,3,4,1
"19452",23291,1,1,0
"19453",23293,7,0,-7
"19454",23294,1,0,-1
"19455",23295,0,1,1
"19456",23296,3,5,2
"19457",23297,2,1,-1
"19458",23298,1,0,-1
"19459",23299,1,0,-1
"19460",23300,0,3,3
"19461",23301,1,1,0
"19462",23302,1,1,0
"19463",23303,2,0,-2
"19464",23304,0,1,1
"19465",23305,2,3,1
"19466",23306,1,0,-1
"19467",23307,2,2,0
"19468",23309,1,0,-1
"19469",23310,2,12,10
"19470",23311,0,2,2
"19471",23312,2,12,10
"19472",23313,0,1,1
"19473",23314,0,1,1
"19474",23316,1,3,2
"19475",23317,25,13,-12
"19476",23318,1,1,0
"19477",23319,1,3,2
"19478",23320,37,41,4
"19479",23321,0,3,3
"19480",23323,1,1,0
"19481",23324,3,6,3
"19482",23325,0,1,1
"19483",23326,1,1,0
"19484",23327,4,5,1
"19485",23328,2,1,-1
"19486",23329,0,2,2
"19487",23330,14,14,0
"19488",23332,3,1,-2
"19489",23333,1,2,1
"19490",23335,0,9,9
"19491",23336,2,1,-1
"19492",23337,4,5,1
"19493",23338,1,1,0
"19494",23339,7,6,-1
"19495",23340,1,0,-1
"19496",23342,3,6,3
"19497",23344,0,1,1
"19498",23345,20,104,84
"19499",23346,0,1,1
"19500",23347,2,4,2
"19501",23348,2,5,3
"19502",23349,6,11,5
"19503",23350,5,6,1
"19504",23351,2,0,-2
"19505",23352,0,1,1
"19506",23353,13,3,-10
"19507",23354,0,1,1
"19508",23355,2,1,-1
"19509",23356,14,11,-3
"19510",23358,7,14,7
"19511",23359,5,11,6
"19512",23360,0,1,1
"19513",23361,1,2,1
"19514",23362,3,1,-2
"19515",23363,9,3,-6
"19516",23364,0,2,2
"19517",23365,1,0,-1
"19518",23366,3,4,1
"19519",23367,5,3,-2
"19520",23368,1,1,0
"19521",23369,1,2,1
"19522",23370,1,2,1
"19523",23372,8,4,-4
"19524",23373,1,0,-1
"19525",23374,1,0,-1
"19526",23375,0,1,1
"19527",23378,1,0,-1
"19528",23379,1,0,-1
"19529",23380,0,3,3
"19530",23381,1,0,-1
"19531",23382,1,1,0
"19532",23383,2,1,-1
"19533",23384,2,3,1
"19534",23385,2,0,-2
"19535",23386,1,3,2
"19536",23388,9,5,-4
"19537",23389,5,1,-4
"19538",23390,0,3,3
"19539",23392,12,9,-3
"19540",23393,13,17,4
"19541",23394,2,0,-2
"19542",23395,9,6,-3
"19543",23396,15,27,12
"19544",23397,1,2,1
"19545",23398,4,9,5
"19546",23399,2,4,2
"19547",23401,0,1,1
"19548",23402,0,1,1
"19549",23403,0,1,1
"19550",23404,3,2,-1
"19551",23405,4,2,-2
"19552",23406,1,0,-1
"19553",23407,3,4,1
"19554",23408,3,1,-2
"19555",23409,1,4,3
"19556",23410,0,2,2
"19557",23412,0,1,1
"19558",23413,15,6,-9
"19559",23414,8,120,112
"19560",23415,5,5,0
"19561",23416,4,3,-1
"19562",23418,1,6,5
"19563",23419,0,1,1
"19564",23420,1,0,-1
"19565",23421,17,16,-1
"19566",23422,4,1,-3
"19567",23425,2,0,-2
"19568",23426,2,0,-2
"19569",23428,0,1,1
"19570",23429,1,1,0
"19571",23431,1,0,-1
"19572",23432,2,5,3
"19573",23433,8,6,-2
"19574",23434,1,5,4
"19575",23435,4,0,-4
"19576",23436,7,2,-5
"19577",23437,26,16,-10
"19578",23438,8,2,-6
"19579",23440,1,2,1
"19580",23441,7,6,-1
"19581",23442,9,16,7
"19582",23444,1,0,-1
"19583",23445,1,0,-1
"19584",23446,4,2,-2
"19585",23447,0,2,2
"19586",23448,1,0,-1
"19587",23449,3,0,-3
"19588",23450,8,5,-3
"19589",23452,0,1,1
"19590",23454,0,1,1
"19591",23455,0,1,1
"19592",23456,12,5,-7
"19593",23457,1,4,3
"19594",23458,20,38,18
"19595",23460,1,0,-1
"19596",23461,12,16,4
"19597",23462,20,12,-8
"19598",23463,0,1,1
"19599",23464,1,2,1
"19600",23465,1,0,-1
"19601",23466,0,1,1
"19602",23467,2,6,4
"19603",23468,1,0,-1
"19604",23469,4,12,8
"19605",23470,2,1,-1
"19606",23471,1,1,0
"19607",23472,1,0,-1
"19608",23473,3,9,6
"19609",23474,4,1,-3
"19610",23475,5,8,3
"19611",23476,1,2,1
"19612",23477,45,26,-19
"19613",23478,2,2,0
"19614",23479,1,0,-1
"19615",23480,3,3,0
"19616",23483,2,1,-1
"19617",23484,1,3,2
"19618",23486,1,0,-1
"19619",23487,2,0,-2
"19620",23488,1,3,2
"19621",23489,3,0,-3
"19622",23490,2,1,-1
"19623",23491,22,9,-13
"19624",23492,1,2,1
"19625",23493,3,5,2
"19626",23494,3,8,5
"19627",23495,0,1,1
"19628",23496,2,2,0
"19629",23497,0,1,1
"19630",23498,0,2,2
"19631",23499,2,3,1
"19632",23500,0,9,9
"19633",23501,11,7,-4
"19634",23502,4,10,6
"19635",23503,9,24,15
"19636",23504,1,0,-1
"19637",23506,1,0,-1
"19638",23507,16,7,-9
"19639",23508,1,0,-1
"19640",23509,1,1,0
"19641",23510,2,2,0
"19642",23512,4,3,-1
"19643",23514,4,1,-3
"19644",23515,11,25,14
"19645",23516,4,1,-3
"19646",23517,5,11,6
"19647",23518,1,2,1
"19648",23519,0,1,1
"19649",23520,0,2,2
"19650",23521,2,0,-2
"19651",23522,2,4,2
"19652",23523,27,11,-16
"19653",23524,13,4,-9
"19654",23525,2,4,2
"19655",23526,1,0,-1
"19656",23527,4,3,-1
"19657",23528,2,0,-2
"19658",23530,4,4,0
"19659",23531,2,0,-2
"19660",23532,3,2,-1
"19661",23533,6,7,1
"19662",23534,59,33,-26
"19663",23535,3,1,-2
"19664",23536,3,8,5
"19665",23537,22,22,0
"19666",23538,2,0,-2
"19667",23539,0,3,3
"19668",23540,2,4,2
"19669",23541,17,31,14
"19670",23542,2,0,-2
"19671",23543,8,1,-7
"19672",23544,0,16,16
"19673",23545,24,15,-9
"19674",23546,4,8,4
"19675",23547,2,6,4
"19676",23548,0,1,1
"19677",23549,0,5,5
"19678",23550,0,1,1
"19679",23553,6,9,3
"19680",23554,1,0,-1
"19681",23555,10,4,-6
"19682",23557,5,7,2
"19683",23558,61,63,2
"19684",23559,0,1,1
"19685",23560,0,1,1
"19686",23561,1,1,0
"19687",23562,6,1,-5
"19688",23563,1,0,-1
"19689",23564,16,6,-10
"19690",23565,3,1,-2
"19691",23566,0,1,1
"19692",23567,0,2,2
"19693",23568,3,7,4
"19694",23569,2,2,0
"19695",23570,1,1,0
"19696",23571,1,0,-1
"19697",23572,8,7,-1
"19698",23573,0,1,1
"19699",23574,1,0,-1
"19700",23575,11,6,-5
"19701",23577,1,0,-1
"19702",23578,1,0,-1
"19703",23579,3,2,-1
"19704",23580,1,2,1
"19705",23581,4,11,7
"19706",23582,13,1,-12
"19707",23583,9,7,-2
"19708",23584,2,3,1
"19709",23585,0,1,1
"19710",23586,11,6,-5
"19711",23587,2,4,2
"19712",23588,6,6,0
"19713",23590,12,25,13
"19714",23591,1,2,1
"19715",23592,3,2,-1
"19716",23595,2,0,-2
"19717",23596,0,1,1
"19718",23597,10,7,-3
"19719",23598,2,1,-1
"19720",23599,9,0,-9
"19721",23600,4,1,-3
"19722",23601,1,7,6
"19723",23602,3,2,-1
"19724",23603,4,5,1
"19725",23604,1,0,-1
"19726",23607,2,5,3
"19727",23609,0,1,1
"19728",23610,0,1,1
"19729",23611,1,1,0
"19730",23612,16,12,-4
"19731",23613,4,1,-3
"19732",23614,11,11,0
"19733",23615,17,8,-9
"19734",23618,1,0,-1
"19735",23619,1,1,0
"19736",23620,4,12,8
"19737",23621,2,2,0
"19738",23622,1,1,0
"19739",23623,6,1,-5
"19740",23624,1,0,-1
"19741",23626,5,3,-2
"19742",23627,16,7,-9
"19743",23628,4,5,1
"19744",23629,1,1,0
"19745",23631,4,10,6
"19746",23632,2,2,0
"19747",23633,9,3,-6
"19748",23634,3,7,4
"19749",23636,1,1,0
"19750",23637,3,1,-2
"19751",23638,3,10,7
"19752",23639,17,19,2
"19753",23640,2,1,-1
"19754",23641,14,15,1
"19755",23642,4,1,-3
"19756",23643,21,19,-2
"19757",23644,0,1,1
"19758",23645,4,2,-2
"19759",23646,1,3,2
"19760",23647,6,6,0
"19761",23648,0,3,3
"19762",23649,12,26,14
"19763",23650,2,1,-1
"19764",23651,6,2,-4
"19765",23652,0,3,3
"19766",23653,4,2,-2
"19767",23654,0,3,3
"19768",23655,3,2,-1
"19769",23656,1,0,-1
"19770",23657,3,2,-1
"19771",23660,8,3,-5
"19772",23661,4,0,-4
"19773",23664,0,2,2
"19774",23665,1,0,-1
"19775",23666,4,4,0
"19776",23667,0,1,1
"19777",23668,5,2,-3
"19778",23669,8,5,-3
"19779",23670,3,4,1
"19780",23671,37,39,2
"19781",23672,8,12,4
"19782",23673,1,2,1
"19783",23674,8,3,-5
"19784",23675,7,29,22
"19785",23676,0,3,3
"19786",23677,4,2,-2
"19787",23678,5,4,-1
"19788",23679,0,1,1
"19789",23680,10,7,-3
"19790",23681,2,1,-1
"19791",23682,4,2,-2
"19792",23683,1,0,-1
"19793",23684,3,6,3
"19794",23685,0,1,1
"19795",23686,5,1,-4
"19796",23687,3,0,-3
"19797",23688,2,3,1
"19798",23689,1,3,2
"19799",23690,0,1,1
"19800",23691,1,3,2
"19801",23692,1,0,-1
"19802",23694,20,12,-8
"19803",23695,1,2,1
"19804",23696,2,2,0
"19805",23697,1,0,-1
"19806",23699,5,4,-1
"19807",23700,4,2,-2
"19808",23701,4,1,-3
"19809",23702,1,1,0
"19810",23704,1,0,-1
"19811",23705,3,2,-1
"19812",23706,2,5,3
"19813",23707,1,0,-1
"19814",23708,1,1,0
"19815",23709,1,1,0
"19816",23710,1,1,0
"19817",23711,51,33,-18
"19818",23713,1,2,1
"19819",23714,7,1,-6
"19820",23716,2,1,-1
"19821",23719,2,3,1
"19822",23720,2,3,1
"19823",23722,2,0,-2
"19824",23724,27,21,-6
"19825",23726,1,2,1
"19826",23727,13,14,1
"19827",23728,1,3,2
"19828",23729,4,9,5
"19829",23730,2,0,-2
"19830",23731,1,0,-1
"19831",23732,2,5,3
"19832",23733,1,3,2
"19833",23734,1,2,1
"19834",23735,1,2,1
"19835",23736,1,0,-1
"19836",23737,2,0,-2
"19837",23738,7,2,-5
"19838",23739,17,13,-4
"19839",23740,1,0,-1
"19840",23742,2,0,-2
"19841",23743,1,2,1
"19842",23744,9,26,17
"19843",23745,2,9,7
"19844",23746,0,3,3
"19845",23747,4,0,-4
"19846",23748,0,1,1
"19847",23750,1,0,-1
"19848",23751,100,97,-3
"19849",23752,2,2,0
"19850",23753,24,6,-18
"19851",23754,9,21,12
"19852",23755,2,4,2
"19853",23756,2,0,-2
"19854",23758,5,3,-2
"19855",23760,0,3,3
"19856",23761,4,1,-3
"19857",23763,4,4,0
"19858",23764,19,27,8
"19859",23765,1,0,-1
"19860",23766,3,7,4
"19861",23767,7,17,10
"19862",23768,5,4,-1
"19863",23770,1,9,8
"19864",23771,1,2,1
"19865",23773,1,2,1
"19866",23774,3,46,43
"19867",23775,6,12,6
"19868",23776,1,2,1
"19869",23777,3,2,-1
"19870",23778,3,0,-3
"19871",23779,1,2,1
"19872",23780,1,7,6
"19873",23781,2,0,-2
"19874",23782,2,0,-2
"19875",23783,1,0,-1
"19876",23784,1,5,4
"19877",23785,6,7,1
"19878",23786,3,5,2
"19879",23787,1,3,2
"19880",23788,2,1,-1
"19881",23789,3,3,0
"19882",23790,1,1,0
"19883",23791,1,1,0
"19884",23792,0,2,2
"19885",23793,0,2,2
"19886",23794,2,5,3
"19887",23795,1,5,4
"19888",23799,2,4,2
"19889",23801,3,4,1
"19890",23802,1,2,1
"19891",23803,11,13,2
"19892",23804,2,1,-1
"19893",23805,4,1,-3
"19894",23806,4,6,2
"19895",23807,0,1,1
"19896",23808,1,0,-1
"19897",23809,26,24,-2
"19898",23810,5,5,0
"19899",23811,2,1,-1
"19900",23812,2,1,-1
"19901",23814,0,1,1
"19902",23815,1,4,3
"19903",23816,4,12,8
"19904",23817,9,5,-4
"19905",23818,1,0,-1
"19906",23819,0,3,3
"19907",23820,0,1,1
"19908",23821,0,1,1
"19909",23822,17,8,-9
"19910",23823,0,3,3
"19911",23824,5,6,1
"19912",23825,13,27,14
"19913",23827,7,3,-4
"19914",23828,27,15,-12
"19915",23829,0,1,1
"19916",23830,8,17,9
"19917",23832,2,3,1
"19918",23833,5,24,19
"19919",23834,1,3,2
"19920",23835,1,2,1
"19921",23836,1,1,0
"19922",23839,1,8,7
"19923",23840,10,2,-8
"19924",23841,1,2,1
"19925",23843,2,2,0
"19926",23844,4,2,-2
"19927",23845,1,0,-1
"19928",23846,1,2,1
"19929",23847,2,4,2
"19930",23848,0,3,3
"19931",23849,3,0,-3
"19932",23850,1,3,2
"19933",23852,4,7,3
"19934",23853,1,2,1
"19935",23854,2,0,-2
"19936",23856,1,2,1
"19937",23857,4,3,-1
"19938",23858,1,1,0
"19939",23859,0,1,1
"19940",23860,3,1,-2
"19941",23861,1,4,3
"19942",23862,8,44,36
"19943",23863,5,9,4
"19944",23864,10,4,-6
"19945",23865,3,1,-2
"19946",23866,1,2,1
"19947",23867,0,3,3
"19948",23868,0,3,3
"19949",23870,7,6,-1
"19950",23871,1,2,1
"19951",23873,2,1,-1
"19952",23874,0,3,3
"19953",23875,3,4,1
"19954",23876,3,6,3
"19955",23878,1,0,-1
"19956",23879,2,1,-1
"19957",23880,0,1,1
"19958",23881,2,0,-2
"19959",23882,3,1,-2
"19960",23883,3,1,-2
"19961",23884,1,0,-1
"19962",23885,2,1,-1
"19963",23886,2,2,0
"19964",23887,1,0,-1
"19965",23888,1,6,5
"19966",23890,2,1,-1
"19967",23892,9,12,3
"19968",23893,1,5,4
"19969",23894,3,1,-2
"19970",23895,16,7,-9
"19971",23896,1,0,-1
"19972",23898,4,4,0
"19973",23899,61,46,-15
"19974",23900,2,1,-1
"19975",23901,1,1,0
"19976",23902,1,3,2
"19977",23903,0,1,1
"19978",23904,13,11,-2
"19979",23905,1,0,-1
"19980",23906,1,1,0
"19981",23908,11,5,-6
"19982",23909,1,0,-1
"19983",23911,1,4,3
"19984",23912,2,2,0
"19985",23913,0,1,1
"19986",23915,22,13,-9
"19987",23917,4,6,2
"19988",23918,9,8,-1
"19989",23919,4,0,-4
"19990",23920,5,0,-5
"19991",23921,14,14,0
"19992",23922,5,4,-1
"19993",23924,31,22,-9
"19994",23925,0,1,1
"19995",23926,2,1,-1
"19996",23929,1,0,-1
"19997",23930,3,3,0
"19998",23931,0,3,3
"19999",23932,5,3,-2
"20000",23933,2,4,2
"20001",23934,1,0,-1
"20002",23935,9,15,6
"20003",23936,2,5,3
"20004",23937,26,12,-14
"20005",23938,3,0,-3
"20006",23939,7,4,-3
"20007",23940,3,2,-1
"20008",23942,9,9,0
"20009",23944,3,2,-1
"20010",23947,1,0,-1
"20011",23949,5,9,4
"20012",23950,6,16,10
"20013",23951,1,0,-1
"20014",23952,3,5,2
"20015",23953,0,1,1
"20016",23954,2,9,7
"20017",23955,0,1,1
"20018",23956,1,3,2
"20019",23957,1,2,1
"20020",23958,2,2,0
"20021",23959,0,1,1
"20022",23960,3,4,1
"20023",23961,2,1,-1
"20024",23963,9,29,20
"20025",23964,1,1,0
"20026",23965,1,2,1
"20027",23966,3,2,-1
"20028",23967,0,1,1
"20029",23968,4,1,-3
"20030",23969,1,1,0
"20031",23971,1,0,-1
"20032",23972,1,7,6
"20033",23973,10,9,-1
"20034",23974,0,1,1
"20035",23977,1,1,0
"20036",23978,1,0,-1
"20037",23979,4,5,1
"20038",23981,2,1,-1
"20039",23982,0,1,1
"20040",23983,2,2,0
"20041",23984,2,4,2
"20042",23985,0,1,1
"20043",23986,0,2,2
"20044",23988,2,2,0
"20045",23989,7,7,0
"20046",23990,0,1,1
"20047",23991,5,4,-1
"20048",23993,1,4,3
"20049",23994,6,5,-1
"20050",23995,1,0,-1
"20051",23996,17,13,-4
"20052",23997,1,0,-1
"20053",23998,0,1,1
"20054",24001,5,2,-3
"20055",24002,5,2,-3
"20056",24003,0,1,1
"20057",24004,3,4,1
"20058",24007,2,4,2
"20059",24008,1,0,-1
"20060",24009,18,14,-4
"20061",24010,3,2,-1
"20062",24011,12,21,9
"20063",24012,2,1,-1
"20064",24013,6,8,2
"20065",24014,0,4,4
"20066",24015,1,0,-1
"20067",24016,7,26,19
"20068",24017,4,3,-1
"20069",24018,5,10,5
"20070",24019,0,1,1
"20071",24020,1,1,0
"20072",24021,2,0,-2
"20073",24022,33,42,9
"20074",24023,0,1,1
"20075",24024,7,5,-2
"20076",24025,4,0,-4
"20077",24026,7,3,-4
"20078",24027,1,0,-1
"20079",24028,0,1,1
"20080",24030,9,4,-5
"20081",24031,2,4,2
"20082",24032,1,1,0
"20083",24033,0,1,1
"20084",24036,1,1,0
"20085",24037,11,5,-6
"20086",24038,6,8,2
"20087",24039,1,1,0
"20088",24040,2,2,0
"20089",24041,1,0,-1
"20090",24042,7,5,-2
"20091",24043,2,6,4
"20092",24044,1,1,0
"20093",24045,3,5,2
"20094",24047,2,3,1
"20095",24048,6,20,14
"20096",24049,13,9,-4
"20097",24050,1,1,0
"20098",24051,0,1,1
"20099",24052,2,1,-1
"20100",24053,23,9,-14
"20101",24055,2,1,-1
"20102",24056,8,15,7
"20103",24057,6,0,-6
"20104",24058,1,2,1
"20105",24059,0,2,2
"20106",24060,0,1,1
"20107",24061,1,0,-1
"20108",24062,11,46,35
"20109",24064,2,4,2
"20110",24065,2,1,-1
"20111",24066,0,1,1
"20112",24067,1,0,-1
"20113",24069,13,17,4
"20114",24070,9,10,1
"20115",24071,3,0,-3
"20116",24072,1,3,2
"20117",24074,0,2,2
"20118",24075,1,0,-1
"20119",24076,16,9,-7
"20120",24077,0,1,1
"20121",24078,2,4,2
"20122",24079,6,29,23
"20123",24080,0,4,4
"20124",24081,0,5,5
"20125",24082,3,0,-3
"20126",24083,4,1,-3
"20127",24084,1,0,-1
"20128",24085,0,2,2
"20129",24086,6,4,-2
"20130",24087,5,4,-1
"20131",24088,0,2,2
"20132",24089,9,6,-3
"20133",24090,5,9,4
"20134",24091,13,6,-7
"20135",24093,5,11,6
"20136",24094,1,0,-1
"20137",24095,3,4,1
"20138",24096,0,1,1
"20139",24097,6,5,-1
"20140",24098,4,2,-2
"20141",24099,1,1,0
"20142",24100,3,2,-1
"20143",24101,2,7,5
"20144",24103,4,3,-1
"20145",24104,0,1,1
"20146",24105,7,7,0
"20147",24106,5,17,12
"20148",24107,6,2,-4
"20149",24108,1,1,0
"20150",24109,5,1,-4
"20151",24110,3,0,-3
"20152",24111,15,9,-6
"20153",24112,0,1,1
"20154",24113,3,4,1
"20155",24114,2,0,-2
"20156",24115,3,4,1
"20157",24117,1,1,0
"20158",24118,1,1,0
"20159",24119,0,1,1
"20160",24120,0,2,2
"20161",24121,2,2,0
"20162",24122,4,9,5
"20163",24123,0,1,1
"20164",24124,4,3,-1
"20165",24125,0,2,2
"20166",24126,6,10,4
"20167",24128,0,5,5
"20168",24129,6,8,2
"20169",24130,4,6,2
"20170",24131,1,1,0
"20171",24132,1,2,1
"20172",24133,7,17,10
"20173",24134,1,0,-1
"20174",24135,1,4,3
"20175",24136,0,3,3
"20176",24137,1,3,2
"20177",24138,4,2,-2
"20178",24139,8,4,-4
"20179",24140,4,3,-1
"20180",24141,7,9,2
"20181",24142,0,2,2
"20182",24143,2,0,-2
"20183",24144,1,0,-1
"20184",24145,9,7,-2
"20185",24146,12,12,0
"20186",24147,3,4,1
"20187",24148,2,0,-2
"20188",24150,5,12,7
"20189",24152,8,4,-4
"20190",24153,1,0,-1
"20191",24154,4,10,6
"20192",24155,1,12,11
"20193",24156,4,9,5
"20194",24157,4,6,2
"20195",24159,6,9,3
"20196",24160,2,1,-1
"20197",24161,6,1,-5
"20198",24162,1,3,2
"20199",24163,1,4,3
"20200",24164,5,3,-2
"20201",24165,0,3,3
"20202",24166,18,10,-8
"20203",24167,1,2,1
"20204",24168,3,18,15
"20205",24169,11,14,3
"20206",24172,1,1,0
"20207",24173,0,1,1
"20208",24174,4,4,0
"20209",24175,6,5,-1
"20210",24176,11,7,-4
"20211",24177,21,16,-5
"20212",24179,5,6,1
"20213",24180,0,1,1
"20214",24181,3,0,-3
"20215",24182,45,39,-6
"20216",24183,12,9,-3
"20217",24184,9,6,-3
"20218",24186,0,1,1
"20219",24189,0,3,3
"20220",24190,3,0,-3
"20221",24192,0,8,8
"20222",24194,0,1,1
"20223",24195,7,3,-4
"20224",24196,4,12,8
"20225",24197,5,1,-4
"20226",24198,1,2,1
"20227",24199,1,3,2
"20228",24200,17,17,0
"20229",24201,1,0,-1
"20230",24202,1,2,1
"20231",24203,11,4,-7
"20232",24204,1,1,0
"20233",24205,0,1,1
"20234",24206,0,3,3
"20235",24207,9,19,10
"20236",24208,6,7,1
"20237",24209,2,2,0
"20238",24211,2,4,2
"20239",24212,3,6,3
"20240",24213,2,0,-2
"20241",24215,0,1,1
"20242",24216,7,3,-4
"20243",24217,2,0,-2
"20244",24218,1,0,-1
"20245",24219,3,2,-1
"20246",24220,2,1,-1
"20247",24221,1,0,-1
"20248",24222,0,26,26
"20249",24223,0,1,1
"20250",24224,2,1,-1
"20251",24225,4,2,-2
"20252",24226,2,0,-2
"20253",24227,1,1,0
"20254",24228,1,2,1
"20255",24229,1,2,1
"20256",24230,0,2,2
"20257",24231,16,11,-5
"20258",24232,1,2,1
"20259",24233,16,22,6
"20260",24234,8,15,7
"20261",24235,4,9,5
"20262",24236,2,2,0
"20263",24237,0,1,1
"20264",24238,4,3,-1
"20265",24239,0,5,5
"20266",24240,2,1,-1
"20267",24241,26,26,0
"20268",24242,2,10,8
"20269",24243,3,2,-1
"20270",24244,1,1,0
"20271",24245,5,6,1
"20272",24246,8,17,9
"20273",24248,3,5,2
"20274",24249,1,2,1
"20275",24250,1,9,8
"20276",24251,1,0,-1
"20277",24252,8,2,-6
"20278",24253,17,12,-5
"20279",24254,1,1,0
"20280",24255,0,2,2
"20281",24256,2,0,-2
"20282",24257,0,7,7
"20283",24258,15,28,13
"20284",24259,5,6,1
"20285",24260,3,1,-2
"20286",24261,1,2,1
"20287",24262,1,2,1
"20288",24263,1,4,3
"20289",24264,5,0,-5
"20290",24265,12,9,-3
"20291",24266,26,10,-16
"20292",24267,1,1,0
"20293",24268,2,0,-2
"20294",24269,0,1,1
"20295",24270,5,0,-5
"20296",24271,1,2,1
"20297",24272,0,1,1
"20298",24273,6,6,0
"20299",24274,4,1,-3
"20300",24275,1,5,4
"20301",24276,0,1,1
"20302",24277,0,3,3
"20303",24278,0,5,5
"20304",24280,5,3,-2
"20305",24282,1,4,3
"20306",24283,11,11,0
"20307",24284,6,28,22
"20308",24286,31,16,-15
"20309",24287,1,1,0
"20310",24288,2,1,-1
"20311",24289,0,2,2
"20312",24290,6,7,1
"20313",24291,1,4,3
"20314",24292,0,1,1
"20315",24293,2,1,-1
"20316",24294,1,1,0
"20317",24295,2,1,-1
"20318",24296,2,5,3
"20319",24297,0,2,2
"20320",24298,5,8,3
"20321",24299,2,2,0
"20322",24300,29,19,-10
"20323",24301,1,1,0
"20324",24302,0,1,1
"20325",24303,6,7,1
"20326",24304,0,2,2
"20327",24305,2,2,0
"20328",24306,0,1,1
"20329",24307,1,2,1
"20330",24308,0,3,3
"20331",24309,1,0,-1
"20332",24310,1,1,0
"20333",24311,9,30,21
"20334",24312,0,1,1
"20335",24313,3,4,1
"20336",24314,2,5,3
"20337",24315,1,4,3
"20338",24316,1,1,0
"20339",24317,1,0,-1
"20340",24318,4,4,0
"20341",24319,9,3,-6
"20342",24320,2,9,7
"20343",24321,7,5,-2
"20344",24322,4,10,6
"20345",24323,1,0,-1
"20346",24324,0,4,4
"20347",24325,2,6,4
"20348",24326,4,2,-2
"20349",24327,0,1,1
"20350",24328,1,3,2
"20351",24329,2,2,0
"20352",24330,4,7,3
"20353",24331,2,2,0
"20354",24332,10,5,-5
"20355",24333,9,5,-4
"20356",24334,1,1,0
"20357",24335,7,4,-3
"20358",24336,1,2,1
"20359",24337,5,10,5
"20360",24338,2,0,-2
"20361",24339,16,25,9
"20362",24340,7,6,-1
"20363",24341,3,2,-1
"20364",24342,0,3,3
"20365",24343,2,3,1
"20366",24344,4,2,-2
"20367",24345,2,6,4
"20368",24346,2,1,-1
"20369",24347,9,7,-2
"20370",24348,1,3,2
"20371",24349,13,30,17
"20372",24350,1,0,-1
"20373",24351,0,1,1
"20374",24352,0,1,1
"20375",24353,13,10,-3
"20376",24354,2,0,-2
"20377",24355,1,4,3
"20378",24357,28,14,-14
"20379",24359,1,2,1
"20380",24360,5,2,-3
"20381",24361,13,4,-9
"20382",24362,1,6,5
"20383",24363,6,1,-5
"20384",24364,4,3,-1
"20385",24365,3,0,-3
"20386",24366,1,0,-1
"20387",24367,4,2,-2
"20388",24368,4,1,-3
"20389",24369,1,1,0
"20390",24370,1,1,0
"20391",24372,2,2,0
"20392",24373,98,104,6
"20393",24374,3,1,-2
"20394",24376,1,2,1
"20395",24377,9,5,-4
"20396",24378,0,1,1
"20397",24379,2,1,-1
"20398",24380,0,3,3
"20399",24381,6,35,29
"20400",24382,1,1,0
"20401",24383,1,0,-1
"20402",24384,1,0,-1
"20403",24385,1,2,1
"20404",24386,13,8,-5
"20405",24388,1,3,2
"20406",24389,0,2,2
"20407",24390,4,8,4
"20408",24391,1,0,-1
"20409",24392,7,3,-4
"20410",24393,2,3,1
"20411",24394,0,1,1
"20412",24395,2,1,-1
"20413",24396,0,2,2
"20414",24397,6,28,22
"20415",24398,0,1,1
"20416",24399,20,32,12
"20417",24400,1,3,2
"20418",24401,6,3,-3
"20419",24402,1,4,3
"20420",24404,1,1,0
"20421",24405,6,18,12
"20422",24406,3,1,-2
"20423",24407,3,3,0
"20424",24408,0,4,4
"20425",24410,0,2,2
"20426",24411,1,4,3
"20427",24412,4,2,-2
"20428",24413,1,9,8
"20429",24414,0,1,1
"20430",24415,2,1,-1
"20431",24416,27,43,16
"20432",24418,0,1,1
"20433",24420,4,23,19
"20434",24421,3,4,1
"20435",24422,8,6,-2
"20436",24423,0,3,3
"20437",24424,1,1,0
"20438",24425,1,1,0
"20439",24426,1,2,1
"20440",24427,6,9,3
"20441",24428,0,1,1
"20442",24429,1,0,-1
"20443",24430,3,3,0
"20444",24431,5,10,5
"20445",24432,1,1,0
"20446",24433,9,15,6
"20447",24434,0,1,1
"20448",24435,4,9,5
"20449",24436,10,7,-3
"20450",24437,14,21,7
"20451",24438,3,3,0
"20452",24439,5,2,-3
"20453",24440,1,0,-1
"20454",24441,0,1,1
"20455",24442,3,1,-2
"20456",24443,11,3,-8
"20457",24444,2,3,1
"20458",24446,34,19,-15
"20459",24447,2,5,3
"20460",24448,2,4,2
"20461",24449,2,1,-1
"20462",24450,2,4,2
"20463",24451,4,5,1
"20464",24452,11,8,-3
"20465",24453,2,8,6
"20466",24454,5,4,-1
"20467",24455,1,2,1
"20468",24456,2,1,-1
"20469",24457,8,10,2
"20470",24458,1,5,4
"20471",24459,6,2,-4
"20472",24460,1,0,-1
"20473",24461,3,2,-1
"20474",24463,8,2,-6
"20475",24464,0,1,1
"20476",24465,9,16,7
"20477",24466,3,4,1
"20478",24467,6,1,-5
"20479",24468,1,2,1
"20480",24469,6,5,-1
"20481",24470,1,9,8
"20482",24471,10,9,-1
"20483",24472,3,1,-2
"20484",24473,2,1,-1
"20485",24475,7,2,-5
"20486",24476,0,3,3
"20487",24477,2,5,3
"20488",24478,0,1,1
"20489",24479,5,2,-3
"20490",24480,1,6,5
"20491",24481,7,6,-1
"20492",24482,14,28,14
"20493",24483,3,3,0
"20494",24484,2,9,7
"20495",24485,9,5,-4
"20496",24487,1,3,2
"20497",24488,0,6,6
"20498",24489,0,1,1
"20499",24490,4,1,-3
"20500",24491,5,6,1
"20501",24492,8,11,3
"20502",24494,8,5,-3
"20503",24495,4,3,-1
"20504",24496,1,0,-1
"20505",24497,1,0,-1
"20506",24498,2,0,-2
"20507",24499,9,1,-8
"20508",24500,1,0,-1
"20509",24501,0,2,2
"20510",24502,0,1,1
"20511",24503,3,3,0
"20512",24504,5,4,-1
"20513",24505,2,8,6
"20514",24506,16,3,-13
"20515",24508,0,1,1
"20516",24509,4,2,-2
"20517",24510,14,14,0
"20518",24511,3,3,0
"20519",24513,1,4,3
"20520",24514,11,16,5
"20521",24515,4,5,1
"20522",24516,5,18,13
"20523",24517,4,2,-2
"20524",24518,4,5,1
"20525",24520,1,1,0
"20526",24521,2,0,-2
"20527",24523,2,0,-2
"20528",24524,1,0,-1
"20529",24525,0,3,3
"20530",24526,4,1,-3
"20531",24527,0,2,2
"20532",24528,5,2,-3
"20533",24529,3,7,4
"20534",24530,3,37,34
"20535",24531,3,2,-1
"20536",24533,12,33,21
"20537",24534,0,3,3
"20538",24535,1,2,1
"20539",24537,2,2,0
"20540",24538,34,46,12
"20541",24539,2,4,2
"20542",24540,0,3,3
"20543",24541,5,2,-3
"20544",24542,0,1,1
"20545",24544,2,2,0
"20546",24545,4,17,13
"20547",24547,32,11,-21
"20548",24548,9,6,-3
"20549",24549,4,6,2
"20550",24550,2,3,1
"20551",24552,1,0,-1
"20552",24553,2,2,0
"20553",24554,2,0,-2
"20554",24555,8,12,4
"20555",24556,1,0,-1
"20556",24557,2,12,10
"20557",24558,7,1,-6
"20558",24559,0,1,1
"20559",24560,3,0,-3
"20560",24562,1,2,1
"20561",24563,20,103,83
"20562",24564,2,2,0
"20563",24565,2,0,-2
"20564",24566,2,4,2
"20565",24567,0,1,1
"20566",24568,2,2,0
"20567",24569,0,1,1
"20568",24570,2,0,-2
"20569",24571,2,9,7
"20570",24572,4,1,-3
"20571",24573,0,8,8
"20572",24574,0,5,5
"20573",24576,12,2,-10
"20574",24577,3,3,0
"20575",24578,0,2,2
"20576",24581,1,2,1
"20577",24583,2,1,-1
"20578",24584,0,1,1
"20579",24585,0,2,2
"20580",24586,1,1,0
"20581",24587,2,2,0
"20582",24588,6,3,-3
"20583",24589,0,3,3
"20584",24590,2,1,-1
"20585",24591,2,6,4
"20586",24592,4,1,-3
"20587",24593,5,2,-3
"20588",24594,1,1,0
"20589",24595,3,0,-3
"20590",24596,1,1,0
"20591",24597,2,4,2
"20592",24598,1,0,-1
"20593",24599,0,1,1
"20594",24600,2,6,4
"20595",24601,11,9,-2
"20596",24602,7,13,6
"20597",24604,1,4,3
"20598",24606,4,2,-2
"20599",24608,2,0,-2
"20600",24609,10,9,-1
"20601",24610,2,3,1
"20602",24611,0,2,2
"20603",24612,2,0,-2
"20604",24613,4,4,0
"20605",24615,2,2,0
"20606",24616,0,1,1
"20607",24618,7,5,-2
"20608",24619,3,4,1
"20609",24620,1,2,1
"20610",24621,5,4,-1
"20611",24622,5,3,-2
"20612",24623,0,1,1
"20613",24624,14,9,-5
"20614",24625,0,1,1
"20615",24626,3,5,2
"20616",24627,2,1,-1
"20617",24628,1,3,2
"20618",24629,2,8,6
"20619",24630,0,3,3
"20620",24631,1,1,0
"20621",24632,0,1,1
"20622",24633,6,6,0
"20623",24634,4,3,-1
"20624",24635,6,2,-4
"20625",24636,5,5,0
"20626",24637,7,4,-3
"20627",24638,14,5,-9
"20628",24639,5,6,1
"20629",24640,1,5,4
"20630",24641,4,4,0
"20631",24643,14,8,-6
"20632",24644,10,10,0
"20633",24645,3,3,0
"20634",24646,11,13,2
"20635",24647,2,1,-1
"20636",24649,0,3,3
"20637",24650,7,4,-3
"20638",24651,3,3,0
"20639",24652,1,2,1
"20640",24653,4,0,-4
"20641",24654,0,2,2
"20642",24655,2,4,2
"20643",24656,0,2,2
"20644",24658,2,6,4
"20645",24659,2,6,4
"20646",24660,1,0,-1
"20647",24661,0,2,2
"20648",24662,1,2,1
"20649",24664,3,7,4
"20650",24665,15,47,32
"20651",24666,70,67,-3
"20652",24667,6,7,1
"20653",24668,26,10,-16
"20654",24669,1,8,7
"20655",24670,1,1,0
"20656",24671,3,11,8
"20657",24672,2,1,-1
"20658",24673,1,0,-1
"20659",24674,10,3,-7
"20660",24675,1,2,1
"20661",24676,4,1,-3
"20662",24677,18,13,-5
"20663",24678,0,1,1
"20664",24679,0,1,1
"20665",24680,5,6,1
"20666",24681,16,7,-9
"20667",24682,2,0,-2
"20668",24683,1,0,-1
"20669",24684,8,3,-5
"20670",24685,9,7,-2
"20671",24686,1,5,4
"20672",24687,1,4,3
"20673",24688,0,1,1
"20674",24689,1,1,0
"20675",24691,27,11,-16
"20676",24692,3,6,3
"20677",24693,0,1,1
"20678",24694,10,6,-4
"20679",24696,8,6,-2
"20680",24697,1,4,3
"20681",24698,1,1,0
"20682",24699,0,3,3
"20683",24700,2,1,-1
"20684",24701,1,3,2
"20685",24702,3,3,0
"20686",24703,35,42,7
"20687",24704,2,4,2
"20688",24705,4,5,1
"20689",24707,4,2,-2
"20690",24708,2,1,-1
"20691",24709,1,2,1
"20692",24711,5,5,0
"20693",24712,11,11,0
"20694",24713,6,2,-4
"20695",24715,20,5,-15
"20696",24716,0,1,1
"20697",24717,0,5,5
"20698",24718,1,1,0
"20699",24719,1,0,-1
"20700",24720,0,1,1
"20701",24721,5,3,-2
"20702",24722,0,1,1
"20703",24723,5,9,4
"20704",24724,1,2,1
"20705",24725,1,0,-1
"20706",24727,2,0,-2
"20707",24728,9,3,-6
"20708",24729,2,1,-1
"20709",24731,5,13,8
"20710",24732,30,27,-3
"20711",24733,15,16,1
"20712",24734,1,0,-1
"20713",24735,3,1,-2
"20714",24736,6,6,0
"20715",24737,0,1,1
"20716",24738,9,5,-4
"20717",24739,9,11,2
"20718",24740,1,2,1
"20719",24741,0,1,1
"20720",24742,2,1,-1
"20721",24743,0,1,1
"20722",24745,2,1,-1
"20723",24746,3,3,0
"20724",24747,28,21,-7
"20725",24748,2,2,0
"20726",24749,1,3,2
"20727",24750,3,2,-1
"20728",24751,4,2,-2
"20729",24752,0,1,1
"20730",24753,9,6,-3
"20731",24754,8,4,-4
"20732",24755,0,3,3
"20733",24756,1,2,1
"20734",24757,0,5,5
"20735",24759,21,8,-13
"20736",24762,32,42,10
"20737",24763,5,4,-1
"20738",24764,1,0,-1
"20739",24766,1,0,-1
"20740",24767,2,0,-2
"20741",24768,1,1,0
"20742",24769,0,2,2
"20743",24770,15,16,1
"20744",24771,1,0,-1
"20745",24772,3,3,0
"20746",24773,0,1,1
"20747",24777,2,0,-2
"20748",24778,8,14,6
"20749",24779,3,1,-2
"20750",24780,2,8,6
"20751",24782,5,1,-4
"20752",24783,0,1,1
"20753",24784,1,3,2
"20754",24785,1,2,1
"20755",24787,1,1,0
"20756",24788,1,0,-1
"20757",24790,1,2,1
"20758",24791,5,6,1
"20759",24792,0,6,6
"20760",24793,4,2,-2
"20761",24794,29,15,-14
"20762",24795,3,0,-3
"20763",24796,0,2,2
"20764",24797,25,18,-7
"20765",24798,1,0,-1
"20766",24799,48,39,-9
"20767",24800,7,2,-5
"20768",24801,4,8,4
"20769",24802,1,1,0
"20770",24803,4,3,-1
"20771",24805,0,1,1
"20772",24806,9,4,-5
"20773",24807,29,15,-14
"20774",24808,0,2,2
"20775",24810,9,11,2
"20776",24811,2,0,-2
"20777",24812,1,1,0
"20778",24813,1,0,-1
"20779",24814,1,1,0
"20780",24815,0,2,2
"20781",24816,4,3,-1
"20782",24817,0,1,1
"20783",24818,1,2,1
"20784",24820,8,0,-8
"20785",24821,2,6,4
"20786",24822,2,0,-2
"20787",24823,1,5,4
"20788",24824,8,17,9
"20789",24825,0,1,1
"20790",24826,1,1,0
"20791",24827,3,4,1
"20792",24828,7,4,-3
"20793",24829,4,0,-4
"20794",24830,4,0,-4
"20795",24831,1,0,-1
"20796",24832,9,11,2
"20797",24833,0,2,2
"20798",24834,2,1,-1
"20799",24835,16,11,-5
"20800",24836,0,2,2
"20801",24837,4,8,4
"20802",24838,1,4,3
"20803",24839,9,3,-6
"20804",24840,1,0,-1
"20805",24841,1,16,15
"20806",24843,2,3,1
"20807",24844,20,12,-8
"20808",24845,2,2,0
"20809",24846,2,2,0
"20810",24847,1,0,-1
"20811",24848,0,1,1
"20812",24849,4,3,-1
"20813",24850,0,3,3
"20814",24851,1,1,0
"20815",24853,3,1,-2
"20816",24854,7,6,-1
"20817",24855,1,0,-1
"20818",24856,1,0,-1
"20819",24858,21,9,-12
"20820",24860,42,18,-24
"20821",24861,13,11,-2
"20822",24862,4,6,2
"20823",24863,2,3,1
"20824",24864,0,1,1
"20825",24865,1,3,2
"20826",24866,6,11,5
"20827",24868,0,2,2
"20828",24869,0,1,1
"20829",24870,0,1,1
"20830",24871,6,14,8
"20831",24872,0,6,6
"20832",24873,0,3,3
"20833",24875,4,3,-1
"20834",24876,0,4,4
"20835",24877,30,29,-1
"20836",24879,2,1,-1
"20837",24880,3,7,4
"20838",24881,1,1,0
"20839",24882,15,15,0
"20840",24883,0,6,6
"20841",24884,5,7,2
"20842",24885,8,7,-1
"20843",24887,2,1,-1
"20844",24888,3,2,-1
"20845",24889,1,6,5
"20846",24890,2,1,-1
"20847",24891,5,2,-3
"20848",24892,6,4,-2
"20849",24893,9,12,3
"20850",24894,5,2,-3
"20851",24895,1,1,0
"20852",24896,11,1,-10
"20853",24897,6,1,-5
"20854",24898,1,0,-1
"20855",24899,7,3,-4
"20856",24900,7,3,-4
"20857",24901,3,0,-3
"20858",24902,2,1,-1
"20859",24903,1,0,-1
"20860",24904,2,0,-2
"20861",24905,4,1,-3
"20862",24907,15,10,-5
"20863",24908,2,1,-1
"20864",24910,0,1,1
"20865",24911,3,3,0
"20866",24913,0,3,3
"20867",24914,0,3,3
"20868",24915,5,5,0
"20869",24916,1,3,2
"20870",24917,2,1,-1
"20871",24918,0,3,3
"20872",24919,5,7,2
"20873",24920,1,4,3
"20874",24921,1,0,-1
"20875",24922,0,2,2
"20876",24923,1,1,0
"20877",24924,1,0,-1
"20878",24925,6,8,2
"20879",24926,0,2,2
"20880",24928,0,2,2
"20881",24929,2,5,3
"20882",24931,0,1,1
"20883",24932,4,6,2
"20884",24933,2,6,4
"20885",24935,4,1,-3
"20886",24936,0,1,1
"20887",24937,3,0,-3
"20888",24938,0,2,2
"20889",24939,1,1,0
"20890",24940,0,4,4
"20891",24942,3,1,-2
"20892",24943,10,4,-6
"20893",24944,12,6,-6
"20894",24945,1,8,7
"20895",24946,1,1,0
"20896",24947,31,11,-20
"20897",24948,3,1,-2
"20898",24949,5,0,-5
"20899",24950,4,5,1
"20900",24951,12,23,11
"20901",24952,11,5,-6
"20902",24953,5,4,-1
"20903",24954,3,4,1
"20904",24955,9,6,-3
"20905",24956,1,2,1
"20906",24957,1,2,1
"20907",24958,5,14,9
"20908",24959,0,1,1
"20909",24960,1,1,0
"20910",24961,3,4,1
"20911",24962,4,2,-2
"20912",24963,2,0,-2
"20913",24964,0,1,1
"20914",24965,4,20,16
"20915",24966,1,0,-1
"20916",24968,9,3,-6
"20917",24969,15,9,-6
"20918",24970,4,2,-2
"20919",24973,2,3,1
"20920",24974,4,7,3
"20921",24975,3,2,-1
"20922",24976,1,2,1
"20923",24977,4,0,-4
"20924",24978,1,1,0
"20925",24979,2,2,0
"20926",24980,1,0,-1
"20927",24981,1,1,0
"20928",24982,21,13,-8
"20929",24983,14,6,-8
"20930",24984,5,6,1
"20931",24985,2,2,0
"20932",24986,7,12,5
"20933",24987,10,24,14
"20934",24988,4,12,8
"20935",24989,0,1,1
"20936",24990,1,1,0
"20937",24991,1,3,2
"20938",24993,5,3,-2
"20939",24994,2,5,3
"20940",24995,78,48,-30
"20941",24996,3,1,-2
"20942",24997,28,18,-10
"20943",24998,1,0,-1
"20944",24999,1,0,-1
"20945",25002,3,3,0
"20946",25003,14,90,76
"20947",25004,5,2,-3
"20948",25005,3,3,0
"20949",25007,1,2,1
"20950",25008,9,5,-4
"20951",25009,0,1,1
"20952",25011,14,41,27
"20953",25012,4,2,-2
"20954",25013,2,1,-1
"20955",25014,6,3,-3
"20956",25016,16,7,-9
"20957",25019,1,2,1
"20958",25020,30,11,-19
"20959",25021,2,1,-1
"20960",25022,0,1,1
"20961",25023,14,8,-6
"20962",25025,5,2,-3
"20963",25026,0,3,3
"20964",25029,0,2,2
"20965",25030,5,6,1
"20966",25031,0,1,1
"20967",25032,3,0,-3
"20968",25033,2,2,0
"20969",25035,1,1,0
"20970",25036,4,3,-1
"20971",25037,3,1,-2
"20972",25039,6,5,-1
"20973",25040,1,2,1
"20974",25041,1,1,0
"20975",25043,1,4,3
"20976",25045,0,2,2
"20977",25046,1,3,2
"20978",25047,2,1,-1
"20979",25050,1,0,-1
"20980",25051,2,3,1
"20981",25052,2,0,-2
"20982",25053,2,1,-1
"20983",25055,3,10,7
"20984",25056,12,31,19
"20985",25057,8,7,-1
"20986",25059,0,2,2
"20987",25060,15,6,-9
"20988",25061,1,1,0
"20989",25062,1,0,-1
"20990",25063,1,0,-1
"20991",25064,1,2,1
"20992",25065,6,5,-1
"20993",25066,5,4,-1
"20994",25067,1,1,0
"20995",25068,2,0,-2
"20996",25069,8,1,-7
"20997",25070,6,4,-2
"20998",25071,2,1,-1
"20999",25073,1,1,0
"21000",25075,2,2,0
"21001",25077,1,5,4
"21002",25078,0,1,1
"21003",25079,2,1,-1
"21004",25080,35,38,3
"21005",25081,23,17,-6
"21006",25084,16,28,12
"21007",25085,2,2,0
"21008",25086,0,1,1
"21009",25087,1,0,-1
"21010",25088,0,1,1
"21011",25089,0,1,1
"21012",25090,5,0,-5
"21013",25091,0,3,3
"21014",25092,6,5,-1
"21015",25093,5,5,0
"21016",25094,16,5,-11
"21017",25095,1,2,1
"21018",25096,2,3,1
"21019",25097,0,2,2
"21020",25098,4,4,0
"21021",25099,2,1,-1
"21022",25100,3,2,-1
"21023",25101,1,1,0
"21024",25102,1,1,0
"21025",25103,6,5,-1
"21026",25104,8,8,0
"21027",25105,1,2,1
"21028",25106,10,30,20
"21029",25108,6,1,-5
"21030",25109,1,0,-1
"21031",25110,4,3,-1
"21032",25112,13,20,7
"21033",25113,2,1,-1
"21034",25114,1,0,-1
"21035",25115,1,2,1
"21036",25116,1,1,0
"21037",25117,3,0,-3
"21038",25118,3,7,4
"21039",25119,0,7,7
"21040",25120,2,3,1
"21041",25121,1,4,3
"21042",25122,11,15,4
"21043",25123,9,5,-4
"21044",25125,2,0,-2
"21045",25126,1,1,0
"21046",25127,4,5,1
"21047",25128,3,2,-1
"21048",25129,4,3,-1
"21049",25130,6,7,1
"21050",25131,5,2,-3
"21051",25132,45,16,-29
"21052",25133,0,1,1
"21053",25134,19,19,0
"21054",25135,3,3,0
"21055",25136,0,1,1
"21056",25138,1,1,0
"21057",25139,45,39,-6
"21058",25140,3,1,-2
"21059",25141,8,7,-1
"21060",25144,1,5,4
"21061",25145,9,14,5
"21062",25146,3,0,-3
"21063",25147,5,4,-1
"21064",25148,0,1,1
"21065",25152,3,3,0
"21066",25153,3,2,-1
"21067",25154,1,2,1
"21068",25156,2,0,-2
"21069",25157,6,1,-5
"21070",25158,11,9,-2
"21071",25159,8,4,-4
"21072",25160,5,2,-3
"21073",25161,3,2,-1
"21074",25162,1,0,-1
"21075",25163,8,5,-3
"21076",25164,10,27,17
"21077",25165,0,2,2
"21078",25167,1,5,4
"21079",25168,2,0,-2
"21080",25169,2,1,-1
"21081",25170,3,1,-2
"21082",25171,3,6,3
"21083",25173,14,2,-12
"21084",25174,0,2,2
"21085",25175,26,29,3
"21086",25177,4,1,-3
"21087",25178,2,4,2
"21088",25179,0,3,3
"21089",25180,4,3,-1
"21090",25181,4,1,-3
"21091",25182,1,1,0
"21092",25183,1,2,1
"21093",25184,1,5,4
"21094",25185,1,1,0
"21095",25186,3,1,-2
"21096",25187,6,8,2
"21097",25188,1,3,2
"21098",25190,2,0,-2
"21099",25191,8,11,3
"21100",25192,1,0,-1
"21101",25193,1,1,0
"21102",25194,4,3,-1
"21103",25195,1,2,1
"21104",25196,0,1,1
"21105",25197,0,1,1
"21106",25198,14,17,3
"21107",25199,12,5,-7
"21108",25200,4,4,0
"21109",25201,2,1,-1
"21110",25202,1,2,1
"21111",25203,1,0,-1
"21112",25206,5,6,1
"21113",25208,1,1,0
"21114",25209,3,8,5
"21115",25210,0,1,1
"21116",25211,4,8,4
"21117",25212,1,2,1
"21118",25213,6,1,-5
"21119",25214,1,0,-1
"21120",25215,2,2,0
"21121",25216,1,12,11
"21122",25218,2,2,0
"21123",25219,0,1,1
"21124",25220,0,1,1
"21125",25221,9,1,-8
"21126",25222,2,4,2
"21127",25223,7,30,23
"21128",25224,4,5,1
"21129",25225,17,12,-5
"21130",25226,7,5,-2
"21131",25227,7,6,-1
"21132",25228,1,1,0
"21133",25229,5,6,1
"21134",25230,0,3,3
"21135",25231,1,0,-1
"21136",25232,3,6,3
"21137",25233,2,0,-2
"21138",25234,5,8,3
"21139",25235,1,4,3
"21140",25236,0,1,1
"21141",25237,5,4,-1
"21142",25238,0,1,1
"21143",25239,0,1,1
"21144",25240,1,5,4
"21145",25241,22,24,2
"21146",25242,1,2,1
"21147",25243,0,3,3
"21148",25244,8,5,-3
"21149",25245,1,0,-1
"21150",25246,2,3,1
"21151",25248,1,1,0
"21152",25249,0,1,1
"21153",25250,0,1,1
"21154",25251,0,1,1
"21155",25252,1,1,0
"21156",25253,0,8,8
"21157",25254,8,15,7
"21158",25255,0,2,2
"21159",25256,6,8,2
"21160",25257,3,3,0
"21161",25258,5,0,-5
"21162",25259,1,4,3
"21163",25260,1,2,1
"21164",25262,6,7,1
"21165",25264,11,9,-2
"21166",25265,3,8,5
"21167",25266,1,1,0
"21168",25267,9,20,11
"21169",25268,6,0,-6
"21170",25269,1,1,0
"21171",25270,1,0,-1
"21172",25271,3,1,-2
"21173",25272,6,3,-3
"21174",25273,6,1,-5
"21175",25274,5,4,-1
"21176",25275,24,10,-14
"21177",25276,1,0,-1
"21178",25277,15,25,10
"21179",25278,4,1,-3
"21180",25279,6,3,-3
"21181",25280,44,33,-11
"21182",25281,2,3,1
"21183",25283,5,10,5
"21184",25284,11,4,-7
"21185",25285,11,2,-9
"21186",25286,0,3,3
"21187",25287,2,7,5
"21188",25288,1,8,7
"21189",25289,1,0,-1
"21190",25290,20,10,-10
"21191",25291,0,2,2
"21192",25292,14,36,22
"21193",25293,1,1,0
"21194",25294,1,1,0
"21195",25295,2,0,-2
"21196",25297,5,10,5
"21197",25298,1,2,1
"21198",25299,3,0,-3
"21199",25300,2,2,0
"21200",25301,10,14,4
"21201",25302,3,3,0
"21202",25303,1,0,-1
"21203",25304,1,4,3
"21204",25307,11,13,2
"21205",25308,4,2,-2
"21206",25309,0,3,3
"21207",25310,0,3,3
"21208",25311,2,0,-2
"21209",25312,0,2,2
"21210",25313,2,3,1
"21211",25314,3,1,-2
"21212",25315,1,0,-1
"21213",25316,1,3,2
"21214",25317,2,1,-1
"21215",25318,2,1,-1
"21216",25319,3,5,2
"21217",25320,1,9,8
"21218",25321,0,14,14
"21219",25322,9,5,-4
"21220",25323,0,1,1
"21221",25324,0,1,1
"21222",25325,0,3,3
"21223",25326,1,2,1
"21224",25328,3,0,-3
"21225",25329,9,1,-8
"21226",25330,4,2,-2
"21227",25332,41,33,-8
"21228",25333,0,1,1
"21229",25334,1,2,1
"21230",25335,2,3,1
"21231",25336,4,6,2
"21232",25337,1,0,-1
"21233",25338,1,1,0
"21234",25339,1,2,1
"21235",25340,1,0,-1
"21236",25344,2,1,-1
"21237",25345,3,0,-3
"21238",25346,0,1,1
"21239",25347,0,2,2
"21240",25348,2,0,-2
"21241",25349,2,2,0
"21242",25350,3,2,-1
"21243",25351,0,1,1
"21244",25352,25,16,-9
"21245",25353,7,17,10
"21246",25354,6,1,-5
"21247",25355,29,15,-14
"21248",25356,1,0,-1
"21249",25360,0,5,5
"21250",25361,0,2,2
"21251",25362,2,0,-2
"21252",25363,4,2,-2
"21253",25364,5,11,6
"21254",25365,2,0,-2
"21255",25366,0,3,3
"21256",25367,1,2,1
"21257",25368,0,1,1
"21258",25369,4,14,10
"21259",25371,2,2,0
"21260",25373,0,1,1
"21261",25374,1,1,0
"21262",25375,1,0,-1
"21263",25377,11,30,19
"21264",25378,4,9,5
"21265",25379,9,4,-5
"21266",25380,14,26,12
"21267",25381,2,2,0
"21268",25382,6,15,9
"21269",25383,2,2,0
"21270",25384,3,4,1
"21271",25385,0,2,2
"21272",25386,1,0,-1
"21273",25387,2,2,0
"21274",25388,4,3,-1
"21275",25389,6,2,-4
"21276",25392,2,2,0
"21277",25393,4,2,-2
"21278",25394,2,1,-1
"21279",25395,4,0,-4
"21280",25396,9,1,-8
"21281",25397,1,1,0
"21282",25398,2,2,0
"21283",25399,0,4,4
"21284",25400,6,10,4
"21285",25401,2,6,4
"21286",25403,4,4,0
"21287",25404,10,11,1
"21288",25405,1,5,4
"21289",25407,1,2,1
"21290",25408,0,3,3
"21291",25410,16,11,-5
"21292",25411,49,75,26
"21293",25412,2,2,0
"21294",25413,1,5,4
"21295",25414,1,1,0
"21296",25415,12,3,-9
"21297",25416,2,2,0
"21298",25417,6,0,-6
"21299",25418,14,22,8
"21300",25419,0,1,1
"21301",25421,6,1,-5
"21302",25422,2,2,0
"21303",25423,1,3,2
"21304",25424,3,0,-3
"21305",25425,2,0,-2
"21306",25426,1,1,0
"21307",25427,0,1,1
"21308",25428,2,4,2
"21309",25429,5,4,-1
"21310",25430,1,2,1
"21311",25431,0,3,3
"21312",25432,0,1,1
"21313",25433,3,6,3
"21314",25434,0,1,1
"21315",25435,1,2,1
"21316",25436,2,5,3
"21317",25437,2,1,-1
"21318",25438,2,3,1
"21319",25439,4,4,0
"21320",25440,3,0,-3
"21321",25441,18,20,2
"21322",25442,0,1,1
"21323",25444,1,3,2
"21324",25445,6,4,-2
"21325",25446,3,3,0
"21326",25448,8,15,7
"21327",25449,1,0,-1
"21328",25450,2,0,-2
"21329",25451,6,4,-2
"21330",25452,2,4,2
"21331",25454,0,2,2
"21332",25455,1,2,1
"21333",25456,0,1,1
"21334",25457,7,8,1
"21335",25459,9,5,-4
"21336",25460,1,0,-1
"21337",25461,16,10,-6
"21338",25462,4,6,2
"21339",25463,7,7,0
"21340",25464,1,0,-1
"21341",25465,0,2,2
"21342",25466,8,10,2
"21343",25467,1,3,2
"21344",25468,1,2,1
"21345",25469,4,6,2
"21346",25470,0,4,4
"21347",25471,1,3,2
"21348",25472,1,1,0
"21349",25473,0,3,3
"21350",25475,5,6,1
"21351",25476,5,6,1
"21352",25477,1,1,0
"21353",25479,0,1,1
"21354",25480,0,1,1
"21355",25481,7,2,-5
"21356",25482,1,0,-1
"21357",25483,6,10,4
"21358",25484,1,2,1
"21359",25485,2,5,3
"21360",25486,3,5,2
"21361",25487,1,1,0
"21362",25488,4,6,2
"21363",25489,14,9,-5
"21364",25490,1,1,0
"21365",25491,0,3,3
"21366",25492,2,1,-1
"21367",25493,1,3,2
"21368",25494,6,9,3
"21369",25495,5,5,0
"21370",25496,2,3,1
"21371",25497,2,1,-1
"21372",25498,1,0,-1
"21373",25500,2,4,2
"21374",25501,1,1,0
"21375",25502,13,20,7
"21376",25503,2,2,0
"21377",25504,0,1,1
"21378",25506,0,1,1
"21379",25507,1,0,-1
"21380",25509,1,0,-1
"21381",25511,1,0,-1
"21382",25513,1,1,0
"21383",25514,9,5,-4
"21384",25515,5,0,-5
"21385",25516,1,1,0
"21386",25517,12,6,-6
"21387",25518,5,3,-2
"21388",25519,5,3,-2
"21389",25520,5,8,3
"21390",25521,9,11,2
"21391",25522,1,14,13
"21392",25523,0,1,1
"21393",25524,3,5,2
"21394",25525,1,0,-1
"21395",25526,3,1,-2
"21396",25527,10,7,-3
"21397",25528,15,29,14
"21398",25529,1,6,5
"21399",25530,1,4,3
"21400",25531,1,2,1
"21401",25532,1,0,-1
"21402",25533,0,1,1
"21403",25534,2,3,1
"21404",25535,1,3,2
"21405",25536,1,4,3
"21406",25537,0,1,1
"21407",25538,4,3,-1
"21408",25539,2,3,1
"21409",25540,23,14,-9
"21410",25541,1,0,-1
"21411",25542,6,1,-5
"21412",25543,9,6,-3
"21413",25544,2,8,6
"21414",25546,11,11,0
"21415",25547,2,1,-1
"21416",25548,1,0,-1
"21417",25549,7,3,-4
"21418",25550,0,1,1
"21419",25551,4,2,-2
"21420",25552,0,1,1
"21421",25553,17,29,12
"21422",25554,6,2,-4
"21423",25555,2,3,1
"21424",25556,0,1,1
"21425",25557,1,0,-1
"21426",25558,1,1,0
"21427",25559,0,1,1
"21428",25560,0,7,7
"21429",25561,0,2,2
"21430",25562,2,8,6
"21431",25563,6,8,2
"21432",25564,12,3,-9
"21433",25565,0,1,1
"21434",25567,19,8,-11
"21435",25568,1,1,0
"21436",25569,0,1,1
"21437",25570,2,6,4
"21438",25571,0,1,1
"21439",25572,0,5,5
"21440",25573,6,3,-3
"21441",25574,4,7,3
"21442",25575,0,1,1
"21443",25577,0,1,1
"21444",25578,2,0,-2
"21445",25579,1,2,1
"21446",25580,5,7,2
"21447",25581,13,6,-7
"21448",25582,3,0,-3
"21449",25583,22,10,-12
"21450",25584,14,14,0
"21451",25585,0,2,2
"21452",25586,0,1,1
"21453",25588,1,1,0
"21454",25589,1,2,1
"21455",25590,11,12,1
"21456",25591,11,12,1
"21457",25592,11,9,-2
"21458",25593,13,38,25
"21459",25594,1,0,-1
"21460",25596,0,7,7
"21461",25597,1,1,0
"21462",25599,2,6,4
"21463",25600,0,1,1
"21464",25601,1,1,0
"21465",25602,14,3,-11
"21466",25603,50,48,-2
"21467",25604,2,6,4
"21468",25605,19,11,-8
"21469",25606,2,7,5
"21470",25607,2,3,1
"21471",25608,1,4,3
"21472",25609,2,4,2
"21473",25610,12,2,-10
"21474",25611,5,7,2
"21475",25613,11,10,-1
"21476",25614,1,2,1
"21477",25615,6,5,-1
"21478",25616,6,10,4
"21479",25617,1,4,3
"21480",25618,3,1,-2
"21481",25619,1,0,-1
"21482",25620,2,5,3
"21483",25621,4,4,0
"21484",25622,0,1,1
"21485",25623,0,3,3
"21486",25624,6,2,-4
"21487",25626,4,3,-1
"21488",25627,2,6,4
"21489",25628,3,2,-1
"21490",25629,1,0,-1
"21491",25630,2,3,1
"21492",25631,5,2,-3
"21493",25633,1,1,0
"21494",25634,13,2,-11
"21495",25635,2,1,-1
"21496",25636,25,13,-12
"21497",25637,8,9,1
"21498",25638,1,0,-1
"21499",25639,4,6,2
"21500",25641,11,5,-6
"21501",25642,6,11,5
"21502",25643,2,7,5
"21503",25645,2,0,-2
"21504",25646,0,2,2
"21505",25647,6,2,-4
"21506",25648,5,6,1
"21507",25649,5,8,3
"21508",25651,2,3,1
"21509",25652,0,1,1
"21510",25653,1,1,0
"21511",25654,4,0,-4
"21512",25655,2,0,-2
"21513",25656,10,6,-4
"21514",25657,3,3,0
"21515",25658,5,3,-2
"21516",25659,4,3,-1
"21517",25660,0,1,1
"21518",25661,1,4,3
"21519",25662,0,1,1
"21520",25663,9,17,8
"21521",25664,0,1,1
"21522",25665,4,0,-4
"21523",25666,1,0,-1
"21524",25667,3,3,0
"21525",25668,21,9,-12
"21526",25669,1,0,-1
"21527",25670,2,3,1
"21528",25671,0,1,1
"21529",25672,3,0,-3
"21530",25673,1,2,1
"21531",25675,3,0,-3
"21532",25676,2,4,2
"21533",25677,13,28,15
"21534",25679,0,1,1
"21535",25681,14,17,3
"21536",25682,17,10,-7
"21537",25683,7,5,-2
"21538",25684,0,1,1
"21539",25685,5,15,10
"21540",25686,22,8,-14
"21541",25687,1,1,0
"21542",25688,1,0,-1
"21543",25689,24,15,-9
"21544",25690,2,3,1
"21545",25691,6,2,-4
"21546",25692,1,1,0
"21547",25693,7,23,16
"21548",25694,1,2,1
"21549",25696,49,22,-27
"21550",25697,1,4,3
"21551",25698,0,1,1
"21552",25699,20,17,-3
"21553",25700,0,5,5
"21554",25701,27,13,-14
"21555",25702,0,1,1
"21556",25703,3,2,-1
"21557",25704,1,1,0
"21558",25705,1,3,2
"21559",25706,4,2,-2
"21560",25707,0,1,1
"21561",25709,3,2,-1
"21562",25710,23,21,-2
"21563",25711,4,3,-1
"21564",25712,0,3,3
"21565",25713,13,30,17
"21566",25715,15,20,5
"21567",25716,2,1,-1
"21568",25717,8,5,-3
"21569",25719,2,11,9
"21570",25720,4,3,-1
"21571",25721,1,1,0
"21572",25722,2,1,-1
"21573",25723,1,0,-1
"21574",25724,2,4,2
"21575",25725,26,29,3
"21576",25726,1,0,-1
"21577",25727,1,0,-1
"21578",25728,7,3,-4
"21579",25729,4,3,-1
"21580",25730,9,3,-6
"21581",25731,4,1,-3
"21582",25732,14,20,6
"21583",25733,0,2,2
"21584",25734,1,2,1
"21585",25735,2,4,2
"21586",25736,1,0,-1
"21587",25737,0,1,1
"21588",25738,4,5,1
"21589",25739,3,1,-2
"21590",25740,7,11,4
"21591",25741,0,1,1
"21592",25742,1,0,-1
"21593",25743,5,2,-3
"21594",25744,0,2,2
"21595",25745,8,15,7
"21596",25746,6,2,-4
"21597",25747,2,7,5
"21598",25748,2,5,3
"21599",25749,13,14,1
"21600",25750,1,3,2
"21601",25751,1,0,-1
"21602",25752,1,2,1
"21603",25753,6,4,-2
"21604",25754,2,3,1
"21605",25755,0,1,1
"21606",25756,0,1,1
"21607",25757,2,4,2
"21608",25758,4,5,1
"21609",25759,3,3,0
"21610",25760,3,11,8
"21611",25761,3,7,4
"21612",25762,2,1,-1
"21613",25763,5,1,-4
"21614",25764,1,5,4
"21615",25765,12,5,-7
"21616",25766,1,1,0
"21617",25767,1,5,4
"21618",25768,1,0,-1
"21619",25769,0,1,1
"21620",25770,2,9,7
"21621",25771,1,0,-1
"21622",25772,11,6,-5
"21623",25773,0,1,1
"21624",25774,0,1,1
"21625",25775,0,5,5
"21626",25776,1,1,0
"21627",25778,15,28,13
"21628",25779,1,0,-1
"21629",25780,18,13,-5
"21630",25781,3,9,6
"21631",25782,6,6,0
"21632",25783,2,2,0
"21633",25784,0,1,1
"21634",25785,1,1,0
"21635",25786,0,1,1
"21636",25787,6,2,-4
"21637",25789,2,4,2
"21638",25790,1,2,1
"21639",25791,10,8,-2
"21640",25792,0,1,1
"21641",25793,2,9,7
"21642",25794,1,1,0
"21643",25795,10,6,-4
"21644",25796,11,12,1
"21645",25797,0,1,1
"21646",25798,0,3,3
"21647",25799,0,4,4
"21648",25801,1,1,0
"21649",25802,28,14,-14
"21650",25803,0,4,4
"21651",25804,0,1,1
"21652",25805,1,2,1
"21653",25806,13,35,22
"21654",25807,9,6,-3
"21655",25808,5,1,-4
"21656",25809,0,2,2
"21657",25810,0,1,1
"21658",25811,0,2,2
"21659",25812,14,27,13
"21660",25813,1,0,-1
"21661",25814,3,7,4
"21662",25815,11,36,25
"21663",25816,1,1,0
"21664",25817,0,3,3
"21665",25818,5,6,1
"21666",25819,11,7,-4
"21667",25820,1,1,0
"21668",25821,2,1,-1
"21669",25822,0,1,1
"21670",25824,4,1,-3
"21671",25825,2,1,-1
"21672",25826,1,2,1
"21673",25827,1,3,2
"21674",25828,10,13,3
"21675",25829,0,1,1
"21676",25831,3,5,2
"21677",25832,1,3,2
"21678",25833,2,4,2
"21679",25834,8,2,-6
"21680",25835,6,7,1
"21681",25836,24,15,-9
"21682",25837,1,1,0
"21683",25838,4,8,4
"21684",25839,2,1,-1
"21685",25840,0,3,3
"21686",25842,8,8,0
"21687",25843,0,1,1
"21688",25845,1,0,-1
"21689",25846,4,4,0
"21690",25847,3,2,-1
"21691",25848,1,0,-1
"21692",25849,1,3,2
"21693",25850,4,5,1
"21694",25852,8,7,-1
"21695",25853,4,2,-2
"21696",25855,9,6,-3
"21697",25856,0,5,5
"21698",25857,4,0,-4
"21699",25859,1,1,0
"21700",25860,0,1,1
"21701",25861,1,0,-1
"21702",25862,1,1,0
"21703",25863,1,1,0
"21704",25864,0,1,1
"21705",25865,0,2,2
"21706",25866,1,0,-1
"21707",25868,1,0,-1
"21708",25869,5,5,0
"21709",25870,1,2,1
"21710",25871,2,1,-1
"21711",25872,8,11,3
"21712",25873,1,0,-1
"21713",25875,1,1,0
"21714",25876,3,5,2
"21715",25877,12,36,24
"21716",25878,6,3,-3
"21717",25879,6,7,1
"21718",25880,0,1,1
"21719",25881,0,2,2
"21720",25882,0,1,1
"21721",25883,1,0,-1
"21722",25884,2,2,0
"21723",25885,1,0,-1
"21724",25886,2,5,3
"21725",25887,0,2,2
"21726",25888,2,8,6
"21727",25889,1,1,0
"21728",25890,16,11,-5
"21729",25891,4,7,3
"21730",25892,94,82,-12
"21731",25893,1,1,0
"21732",25895,10,5,-5
"21733",25896,0,2,2
"21734",25897,19,25,6
"21735",25898,2,7,5
"21736",25899,1,1,0
"21737",25900,9,6,-3
"21738",25901,2,0,-2
"21739",25902,2,4,2
"21740",25904,3,3,0
"21741",25905,2,0,-2
"21742",25906,1,1,0
"21743",25907,1,1,0
"21744",25908,0,2,2
"21745",25909,1,0,-1
"21746",25910,2,0,-2
"21747",25911,10,13,3
"21748",25912,0,2,2
"21749",25913,21,19,-2
"21750",25914,5,7,2
"21751",25915,4,13,9
"21752",25916,0,1,1
"21753",25917,3,3,0
"21754",25918,6,9,3
"21755",25919,7,8,1
"21756",25920,3,13,10
"21757",25921,2,1,-1
"21758",25923,3,6,3
"21759",25926,5,3,-2
"21760",25929,0,1,1
"21761",25930,0,4,4
"21762",25932,2,2,0
"21763",25933,0,1,1
"21764",25935,3,2,-1
"21765",25936,2,7,5
"21766",25937,1,1,0
"21767",25938,6,7,1
"21768",25940,0,2,2
"21769",25942,0,2,2
"21770",25944,3,2,-1
"21771",25945,10,8,-2
"21772",25946,4,3,-1
"21773",25947,1,0,-1
"21774",25948,19,20,1
"21775",25949,2,2,0
"21776",25950,1,0,-1
"21777",25951,2,3,1
"21778",25952,34,19,-15
"21779",25953,0,2,2
"21780",25954,12,12,0
"21781",25955,2,1,-1
"21782",25956,5,10,5
"21783",25957,0,1,1
"21784",25958,12,15,3
"21785",25959,5,4,-1
"21786",25960,0,1,1
"21787",25961,1,14,13
"21788",25962,1,1,0
"21789",25964,1,0,-1
"21790",25965,2,3,1
"21791",25966,0,3,3
"21792",25968,2,0,-2
"21793",25969,1,0,-1
"21794",25970,2,1,-1
"21795",25971,9,3,-6
"21796",25972,13,16,3
"21797",25973,1,2,1
"21798",25974,28,44,16
"21799",25975,1,1,0
"21800",25976,0,2,2
"21801",25977,3,2,-1
"21802",25978,0,2,2
"21803",25979,11,28,17
"21804",25981,0,2,2
"21805",25982,1,0,-1
"21806",25983,0,6,6
"21807",25984,2,0,-2
"21808",25985,5,3,-2
"21809",25986,1,0,-1
"21810",25987,3,9,6
"21811",25988,5,7,2
"21812",25989,1,1,0
"21813",25990,0,7,7
"21814",25991,14,9,-5
"21815",25993,0,1,1
"21816",25994,0,7,7
"21817",25995,128,60,-68
"21818",25998,1,3,2
"21819",26000,1,2,1
"21820",26001,2,0,-2
"21821",26002,2,4,2
"21822",26003,4,1,-3
"21823",26004,1,10,9
"21824",26006,1,1,0
"21825",26007,1,5,4
"21826",26008,1,0,-1
"21827",26009,10,11,1
"21828",26010,1,1,0
"21829",26011,1,0,-1
"21830",26012,2,0,-2
"21831",26013,4,2,-2
"21832",26014,1,1,0
"21833",26015,24,22,-2
"21834",26016,0,1,1
"21835",26017,2,1,-1
"21836",26018,6,4,-2
"21837",26019,1,0,-1
"21838",26020,0,1,1
"21839",26022,1,2,1
"21840",26023,0,2,2
"21841",26025,4,8,4
"21842",26026,0,1,1
"21843",26027,9,11,2
"21844",26028,4,0,-4
"21845",26029,0,1,1
"21846",26031,2,3,1
"21847",26033,0,3,3
"21848",26034,3,2,-1
"21849",26036,10,5,-5
"21850",26037,4,2,-2
"21851",26038,1,0,-1
"21852",26039,0,2,2
"21853",26040,9,5,-4
"21854",26041,2,11,9
"21855",26045,1,0,-1
"21856",26046,27,7,-20
"21857",26047,2,0,-2
"21858",26049,1,3,2
"21859",26050,2,8,6
"21860",26051,0,1,1
"21861",26052,7,1,-6
"21862",26053,2,0,-2
"21863",26054,2,2,0
"21864",26055,0,1,1
"21865",26056,3,3,0
"21866",26057,14,5,-9
"21867",26058,2,0,-2
"21868",26059,4,6,2
"21869",26060,2,0,-2
"21870",26061,0,1,1
"21871",26062,1,0,-1
"21872",26065,2,4,2
"21873",26066,2,4,2
"21874",26067,1,2,1
"21875",26068,1,1,0
"21876",26069,30,17,-13
"21877",26070,1,5,4
"21878",26071,4,5,1
"21879",26072,4,4,0
"21880",26073,2,1,-1
"21881",26075,12,21,9
"21882",26076,8,13,5
"21883",26077,5,5,0
"21884",26078,0,1,1
"21885",26080,4,19,15
"21886",26081,12,27,15
"21887",26082,14,16,2
"21888",26083,5,7,2
"21889",26084,3,3,0
"21890",26085,4,1,-3
"21891",26086,0,1,1
"21892",26087,0,2,2
"21893",26089,1,0,-1
"21894",26090,0,2,2
"21895",26091,1,2,1
"21896",26092,7,2,-5
"21897",26093,4,6,2
"21898",26094,7,1,-6
"21899",26095,4,12,8
"21900",26096,1,1,0
"21901",26097,1,9,8
"21902",26098,7,8,1
"21903",26099,5,2,-3
"21904",26100,1,0,-1
"21905",26101,1,2,1
"21906",26102,0,1,1
"21907",26103,3,4,1
"21908",26104,5,3,-2
"21909",26105,6,5,-1
"21910",26106,8,1,-7
"21911",26107,6,5,-1
"21912",26108,19,8,-11
"21913",26110,28,20,-8
"21914",26111,8,6,-2
"21915",26112,1,1,0
"21916",26113,1,3,2
"21917",26114,17,10,-7
"21918",26115,8,17,9
"21919",26116,0,1,1
"21920",26117,11,2,-9
"21921",26118,0,2,2
"21922",26119,1,0,-1
"21923",26120,1,1,0
"21924",26121,97,92,-5
"21925",26123,2,9,7
"21926",26124,9,8,-1
"21927",26126,5,7,2
"21928",26127,0,3,3
"21929",26128,0,1,1
"21930",26129,0,1,1
"21931",26130,1,0,-1
"21932",26131,1,1,0
"21933",26132,8,17,9
"21934",26133,1,2,1
"21935",26134,5,2,-3
"21936",26135,0,1,1
"21937",26136,3,1,-2
"21938",26137,5,11,6
"21939",26139,3,0,-3
"21940",26140,3,0,-3
"21941",26141,18,13,-5
"21942",26142,1,2,1
"21943",26143,7,3,-4
"21944",26144,7,8,1
"21945",26145,2,3,1
"21946",26146,5,0,-5
"21947",26148,2,1,-1
"21948",26149,6,14,8
"21949",26151,1,4,3
"21950",26152,2,2,0
"21951",26153,3,8,5
"21952",26154,0,1,1
"21953",26155,19,6,-13
"21954",26156,5,8,3
"21955",26157,2,15,13
"21956",26159,0,3,3
"21957",26160,3,1,-2
"21958",26161,1,2,1
"21959",26162,1,0,-1
"21960",26163,1,0,-1
"21961",26164,5,12,7
"21962",26165,0,1,1
"21963",26167,8,13,5
"21964",26168,6,7,1
"21965",26169,4,2,-2
"21966",26171,2,7,5
"21967",26172,0,1,1
"21968",26173,2,5,3
"21969",26174,2,2,0
"21970",26176,2,4,2
"21971",26177,0,2,2
"21972",26178,3,3,0
"21973",26179,30,17,-13
"21974",26181,1,2,1
"21975",26182,33,40,7
"21976",26183,16,16,0
"21977",26184,10,6,-4
"21978",26186,11,17,6
"21979",26187,8,10,2
"21980",26188,1,0,-1
"21981",26189,1,1,0
"21982",26190,31,23,-8
"21983",26191,5,2,-3
"21984",26192,2,3,1
"21985",26193,1,1,0
"21986",26194,3,2,-1
"21987",26195,2,0,-2
"21988",26196,2,1,-1
"21989",26197,1,0,-1
"21990",26198,0,1,1
"21991",26199,1,13,12
"21992",26200,1,1,0
"21993",26201,3,8,5
"21994",26202,2,3,1
"21995",26203,1,0,-1
"21996",26204,0,2,2
"21997",26205,8,9,1
"21998",26206,1,1,0
"21999",26207,2,0,-2
"22000",26208,1,0,-1
"22001",26209,5,5,0
"22002",26210,0,1,1
"22003",26212,2,1,-1
"22004",26213,2,3,1
"22005",26214,3,9,6
"22006",26215,1,1,0
"22007",26217,3,2,-1
"22008",26218,0,1,1
"22009",26219,15,10,-5
"22010",26220,9,5,-4
"22011",26221,1,1,0
"22012",26222,4,0,-4
"22013",26224,0,5,5
"22014",26225,6,1,-5
"22015",26226,12,8,-4
"22016",26227,4,5,1
"22017",26228,3,12,9
"22018",26229,0,1,1
"22019",26230,4,8,4
"22020",26231,13,6,-7
"22021",26232,8,22,14
"22022",26234,0,1,1
"22023",26235,6,7,1
"22024",26236,0,3,3
"22025",26237,7,14,7
"22026",26238,8,10,2
"22027",26239,20,17,-3
"22028",26240,39,49,10
"22029",26241,6,4,-2
"22030",26242,2,1,-1
"22031",26243,0,2,2
"22032",26244,7,4,-3
"22033",26245,3,0,-3
"22034",26246,6,3,-3
"22035",26247,7,8,1
"22036",26248,2,3,1
"22037",26249,2,1,-1
"22038",26250,5,11,6
"22039",26251,7,5,-2
"22040",26252,5,26,21
"22041",26253,0,1,1
"22042",26254,2,1,-1
"22043",26255,0,1,1
"22044",26257,4,2,-2
"22045",26258,2,8,6
"22046",26259,3,6,3
"22047",26260,7,3,-4
"22048",26261,4,2,-2
"22049",26263,3,4,1
"22050",26264,2,1,-1
"22051",26265,1,2,1
"22052",26266,0,1,1
"22053",26267,3,5,2
"22054",26268,34,47,13
"22055",26269,8,5,-3
"22056",26270,1,0,-1
"22057",26271,1,0,-1
"22058",26272,1,1,0
"22059",26273,2,3,1
"22060",26274,19,9,-10
"22061",26275,1,0,-1
"22062",26276,6,10,4
"22063",26277,4,2,-2
"22064",26278,5,20,15
"22065",26279,0,5,5
"22066",26282,1,0,-1
"22067",26283,0,1,1
"22068",26284,2,0,-2
"22069",26285,5,2,-3
"22070",26287,10,7,-3
"22071",26288,5,10,5
"22072",26289,1,1,0
"22073",26292,2,4,2
"22074",26293,3,1,-2
"22075",26294,3,2,-1
"22076",26295,4,2,-2
"22077",26296,2,1,-1
"22078",26297,1,0,-1
"22079",26299,5,6,1
"22080",26300,0,2,2
"22081",26301,21,15,-6
"22082",26302,3,1,-2
"22083",26303,14,27,13
"22084",26306,3,4,1
"22085",26307,4,2,-2
"22086",26308,2,0,-2
"22087",26309,1,7,6
"22088",26310,6,1,-5
"22089",26311,5,2,-3
"22090",26312,13,3,-10
"22091",26313,2,1,-1
"22092",26314,7,4,-3
"22093",26315,4,9,5
"22094",26317,0,1,1
"22095",26318,0,2,2
"22096",26319,14,14,0
"22097",26320,1,0,-1
"22098",26321,2,1,-1
"22099",26322,0,1,1
"22100",26323,0,6,6
"22101",26324,1,2,1
"22102",26325,0,1,1
"22103",26326,2,1,-1
"22104",26327,1,0,-1
"22105",26328,4,3,-1
"22106",26329,3,4,1
"22107",26330,0,3,3
"22108",26331,7,7,0
"22109",26332,12,5,-7
"22110",26333,4,22,18
"22111",26334,0,1,1
"22112",26335,1,0,-1
"22113",26336,9,6,-3
"22114",26339,1,0,-1
"22115",26340,6,6,0
"22116",26341,1,3,2
"22117",26342,25,23,-2
"22118",26343,3,3,0
"22119",26344,2,5,3
"22120",26345,1,0,-1
"22121",26347,12,30,18
"22122",26348,4,1,-3
"22123",26349,0,1,1
"22124",26350,0,2,2
"22125",26351,1,1,0
"22126",26354,17,3,-14
"22127",26355,1,0,-1
"22128",26356,10,24,14
"22129",26357,9,14,5
"22130",26358,1,3,2
"22131",26359,2,1,-1
"22132",26360,1,3,2
"22133",26361,0,1,1
"22134",26362,11,11,0
"22135",26363,1,0,-1
"22136",26364,3,4,1
"22137",26365,0,3,3
"22138",26367,0,1,1
"22139",26368,8,6,-2
"22140",26369,1,13,12
"22141",26370,2,0,-2
"22142",26371,1,0,-1
"22143",26372,0,1,1
"22144",26373,2,1,-1
"22145",26374,1,2,1
"22146",26375,0,2,2
"22147",26376,2,8,6
"22148",26378,0,1,1
"22149",26379,4,4,0
"22150",26380,5,5,0
"22151",26381,2,3,1
"22152",26382,1,4,3
"22153",26383,11,11,0
"22154",26384,2,4,2
"22155",26385,3,6,3
"22156",26386,5,7,2
"22157",26387,4,1,-3
"22158",26388,2,1,-1
"22159",26389,4,2,-2
"22160",26390,1,0,-1
"22161",26391,0,1,1
"22162",26392,0,1,1
"22163",26393,7,4,-3
"22164",26394,0,2,2
"22165",26395,27,20,-7
"22166",26396,1,1,0
"22167",26397,2,2,0
"22168",26398,0,1,1
"22169",26399,6,2,-4
"22170",26400,4,4,0
"22171",26401,6,3,-3
"22172",26402,3,3,0
"22173",26403,15,22,7
"22174",26405,13,12,-1
"22175",26408,0,2,2
"22176",26409,2,1,-1
"22177",26410,0,1,1
"22178",26412,8,2,-6
"22179",26413,20,9,-11
"22180",26414,8,11,3
"22181",26415,3,0,-3
"22182",26416,1,3,2
"22183",26417,0,1,1
"22184",26419,0,3,3
"22185",26420,4,3,-1
"22186",26421,8,5,-3
"22187",26422,0,1,1
"22188",26423,1,0,-1
"22189",26424,0,1,1
"22190",26425,1,1,0
"22191",26426,1,0,-1
"22192",26427,0,1,1
"22193",26428,2,3,1
"22194",26429,3,5,2
"22195",26430,8,4,-4
"22196",26431,32,18,-14
"22197",26432,4,5,1
"22198",26433,5,2,-3
"22199",26434,1,0,-1
"22200",26435,2,0,-2
"22201",26436,8,8,0
"22202",26437,8,9,1
"22203",26438,1,0,-1
"22204",26439,1,1,0
"22205",26441,18,17,-1
"22206",26442,1,1,0
"22207",26443,0,1,1
"22208",26444,0,2,2
"22209",26445,1,2,1
"22210",26446,7,4,-3
"22211",26447,2,2,0
"22212",26448,0,1,1
"22213",26449,7,3,-4
"22214",26450,4,8,4
"22215",26451,4,5,1
"22216",26452,18,11,-7
"22217",26453,0,5,5
"22218",26454,12,4,-8
"22219",26455,0,1,1
"22220",26456,4,8,4
"22221",26457,0,3,3
"22222",26458,0,6,6
"22223",26459,1,4,3
"22224",26460,1,2,1
"22225",26461,1,3,2
"22226",26462,14,12,-2
"22227",26463,2,1,-1
"22228",26465,1,6,5
"22229",26466,0,1,1
"22230",26467,2,1,-1
"22231",26469,0,1,1
"22232",26471,0,1,1
"22233",26472,1,1,0
"22234",26473,11,6,-5
"22235",26474,4,2,-2
"22236",26475,0,1,1
"22237",26476,23,20,-3
"22238",26477,1,1,0
"22239",26478,2,2,0
"22240",26479,0,7,7
"22241",26480,0,2,2
"22242",26483,4,3,-1
"22243",26484,1,1,0
"22244",26485,2,2,0
"22245",26486,1,0,-1
"22246",26487,1,0,-1
"22247",26490,0,1,1
"22248",26491,1,3,2
"22249",26493,0,1,1
"22250",26494,2,0,-2
"22251",26495,4,6,2
"22252",26496,1,4,3
"22253",26497,8,22,14
"22254",26498,2,0,-2
"22255",26499,3,1,-2
"22256",26500,3,2,-1
"22257",26502,1,8,7
"22258",26503,0,1,1
"22259",26504,2,3,1
"22260",26505,0,1,1
"22261",26506,0,3,3
"22262",26507,2,0,-2
"22263",26508,1,0,-1
"22264",26509,1,0,-1
"22265",26510,1,3,2
"22266",26511,3,11,8
"22267",26512,0,1,1
"22268",26513,1,1,0
"22269",26514,4,2,-2
"22270",26515,5,0,-5
"22271",26516,16,17,1
"22272",26517,1,3,2
"22273",26518,9,3,-6
"22274",26519,1,3,2
"22275",26520,0,1,1
"22276",26521,5,4,-1
"22277",26522,0,1,1
"22278",26523,1,1,0
"22279",26524,4,3,-1
"22280",26525,1,2,1
"22281",26526,1,0,-1
"22282",26527,1,0,-1
"22283",26528,0,1,1
"22284",26529,1,1,0
"22285",26530,6,6,0
"22286",26531,3,2,-1
"22287",26532,1,1,0
"22288",26533,21,15,-6
"22289",26535,1,1,0
"22290",26536,4,2,-2
"22291",26537,0,1,1
"22292",26538,7,12,5
"22293",26539,0,3,3
"22294",26541,0,5,5
"22295",26542,7,7,0
"22296",26543,8,12,4
"22297",26544,1,0,-1
"22298",26546,1,3,2
"22299",26547,7,7,0
"22300",26548,24,26,2
"22301",26549,1,3,2
"22302",26550,22,22,0
"22303",26551,4,6,2
"22304",26552,6,1,-5
"22305",26553,3,1,-2
"22306",26554,9,10,1
"22307",26556,4,6,2
"22308",26557,0,1,1
"22309",26558,5,2,-3
"22310",26559,2,0,-2
"22311",26560,10,22,12
"22312",26561,18,6,-12
"22313",26562,1,5,4
"22314",26564,3,0,-3
"22315",26565,4,2,-2
"22316",26566,3,5,2
"22317",26567,3,4,1
"22318",26568,0,1,1
"22319",26569,1,0,-1
"22320",26570,3,3,0
"22321",26571,3,2,-1
"22322",26572,3,2,-1
"22323",26573,0,3,3
"22324",26574,3,4,1
"22325",26575,1,0,-1
"22326",26576,5,4,-1
"22327",26577,2,8,6
"22328",26580,1,0,-1
"22329",26581,0,3,3
"22330",26582,30,35,5
"22331",26583,3,2,-1
"22332",26584,2,0,-2
"22333",26586,4,7,3
"22334",26587,15,11,-4
"22335",26588,8,17,9
"22336",26589,1,7,6
"22337",26590,9,8,-1
"22338",26591,0,1,1
"22339",26592,1,1,0
"22340",26593,0,1,1
"22341",26594,11,28,17
"22342",26595,6,2,-4
"22343",26596,2,5,3
"22344",26600,1,2,1
"22345",26601,15,18,3
"22346",26602,9,19,10
"22347",26603,11,11,0
"22348",26604,0,4,4
"22349",26605,3,2,-1
"22350",26606,4,2,-2
"22351",26607,19,10,-9
"22352",26609,1,1,0
"22353",26610,28,22,-6
"22354",26611,3,1,-2
"22355",26612,20,2,-18
"22356",26613,0,1,1
"22357",26614,0,1,1
"22358",26615,0,5,5
"22359",26616,3,1,-2
"22360",26617,1,3,2
"22361",26618,3,1,-2
"22362",26619,7,5,-2
"22363",26621,1,1,0
"22364",26622,1,0,-1
"22365",26623,0,1,1
"22366",26624,1,2,1
"22367",26625,45,14,-31
"22368",26629,27,7,-20
"22369",26630,4,1,-3
"22370",26631,3,4,1
"22371",26632,9,13,4
"22372",26633,7,5,-2
"22373",26634,2,0,-2
"22374",26635,14,25,11
"22375",26636,16,12,-4
"22376",26637,0,7,7
"22377",26638,1,8,7
"22378",26639,4,3,-1
"22379",26640,1,2,1
"22380",26642,27,22,-5
"22381",26643,31,41,10
"22382",26644,1,0,-1
"22383",26647,2,6,4
"22384",26648,2,0,-2
"22385",26649,1,0,-1
"22386",26650,6,17,11
"22387",26651,4,1,-3
"22388",26652,2,1,-1
"22389",26653,1,2,1
"22390",26654,0,1,1
"22391",26655,0,1,1
"22392",26656,1,2,1
"22393",26657,3,4,1
"22394",26658,37,28,-9
"22395",26659,14,17,3
"22396",26661,1,0,-1
"22397",26663,6,7,1
"22398",26664,4,8,4
"22399",26665,0,1,1
"22400",26666,0,1,1
"22401",26667,5,12,7
"22402",26668,18,11,-7
"22403",26669,16,4,-12
"22404",26671,2,2,0
"22405",26672,2,2,0
"22406",26675,0,1,1
"22407",26677,0,1,1
"22408",26678,3,3,0
"22409",26679,3,4,1
"22410",26680,0,1,1
"22411",26681,12,24,12
"22412",26682,1,1,0
"22413",26683,0,1,1
"22414",26684,1,1,0
"22415",26686,3,4,1
"22416",26687,35,6,-29
"22417",26689,0,3,3
"22418",26690,2,0,-2
"22419",26691,1,1,0
"22420",26692,0,1,1
"22421",26693,17,19,2
"22422",26694,8,6,-2
"22423",26695,1,3,2
"22424",26696,2,2,0
"22425",26698,1,2,1
"22426",26700,2,5,3
"22427",26701,0,3,3
"22428",26702,1,2,1
"22429",26703,0,4,4
"22430",26704,0,1,1
"22431",26705,0,2,2
"22432",26706,1,0,-1
"22433",26707,0,1,1
"22434",26708,10,12,2
"22435",26709,11,6,-5
"22436",26710,1,2,1
"22437",26711,0,2,2
"22438",26712,2,3,1
"22439",26713,1,0,-1
"22440",26714,11,14,3
"22441",26715,11,11,0
"22442",26716,2,4,2
"22443",26717,3,3,0
"22444",26719,0,1,1
"22445",26720,3,0,-3
"22446",26721,10,6,-4
"22447",26722,13,43,30
"22448",26723,11,5,-6
"22449",26725,1,1,0
"22450",26726,1,1,0
"22451",26727,4,2,-2
"22452",26728,8,2,-6
"22453",26729,2,1,-1
"22454",26730,2,2,0
"22455",26731,10,9,-1
"22456",26732,9,7,-2
"22457",26733,2,2,0
"22458",26734,6,2,-4
"22459",26735,0,1,1
"22460",26736,4,8,4
"22461",26737,11,12,1
"22462",26738,2,0,-2
"22463",26740,24,9,-15
"22464",26741,34,46,12
"22465",26742,0,2,2
"22466",26743,5,2,-3
"22467",26744,0,1,1
"22468",26745,2,2,0
"22469",26746,3,3,0
"22470",26747,11,5,-6
"22471",26748,0,2,2
"22472",26749,21,28,7
"22473",26750,0,1,1
"22474",26751,0,2,2
"22475",26752,3,4,1
"22476",26753,6,3,-3
"22477",26754,16,9,-7
"22478",26755,5,6,1
"22479",26756,1,0,-1
"22480",26759,5,21,16
"22481",26760,1,0,-1
"22482",26761,32,42,10
"22483",26762,2,0,-2
"22484",26764,0,2,2
"22485",26765,0,1,1
"22486",26766,1,1,0
"22487",26767,1,1,0
"22488",26768,4,6,2
"22489",26769,1,2,1
"22490",26770,4,4,0
"22491",26771,1,3,2
"22492",26773,2,0,-2
"22493",26774,3,0,-3
"22494",26775,12,10,-2
"22495",26776,8,10,2
"22496",26777,11,10,-1
"22497",26778,2,4,2
"22498",26779,3,11,8
"22499",26780,4,2,-2
"22500",26781,0,3,3
"22501",26782,3,2,-1
"22502",26783,10,8,-2
"22503",26784,1,3,2
"22504",26785,1,0,-1
"22505",26786,3,1,-2
"22506",26787,0,1,1
"22507",26788,6,5,-1
"22508",26789,1,1,0
"22509",26790,32,47,15
"22510",26792,0,4,4
"22511",26793,1,0,-1
"22512",26794,4,4,0
"22513",26797,17,14,-3
"22514",26798,13,13,0
"22515",26799,0,2,2
"22516",26800,2,1,-1
"22517",26801,2,0,-2
"22518",26802,15,18,3
"22519",26803,3,1,-2
"22520",26804,11,40,29
"22521",26805,12,7,-5
"22522",26807,32,23,-9
"22523",26808,11,6,-5
"22524",26809,10,6,-4
"22525",26810,37,43,6
"22526",26811,3,2,-1
"22527",26812,6,7,1
"22528",26814,22,11,-11
"22529",26815,14,22,8
"22530",26816,9,11,2
"22531",26817,0,6,6
"22532",26818,0,1,1
"22533",26819,1,1,0
"22534",26821,2,4,2
"22535",26822,4,7,3
"22536",26824,4,0,-4
"22537",26825,0,3,3
"22538",26826,1,0,-1
"22539",26827,0,1,1
"22540",26828,1,0,-1
"22541",26830,3,4,1
"22542",26831,1,2,1
"22543",26832,2,3,1
"22544",26833,8,7,-1
"22545",26834,12,11,-1
"22546",26835,3,4,1
"22547",26836,10,5,-5
"22548",26837,12,17,5
"22549",26838,13,15,2
"22550",26839,2,0,-2
"22551",26840,2,6,4
"22552",26841,0,3,3
"22553",26842,13,7,-6
"22554",26844,8,2,-6
"22555",26845,1,1,0
"22556",26846,1,0,-1
"22557",26847,13,36,23
"22558",26848,9,12,3
"22559",26849,7,3,-4
"22560",26850,0,2,2
"22561",26851,4,2,-2
"22562",26853,22,11,-11
"22563",26854,2,4,2
"22564",26855,2,1,-1
"22565",26856,0,1,1
"22566",26857,5,3,-2
"22567",26858,1,1,0
"22568",26859,2,0,-2
"22569",26860,2,0,-2
"22570",26861,11,2,-9
"22571",26862,0,1,1
"22572",26863,3,3,0
"22573",26864,14,1,-13
"22574",26865,2,1,-1
"22575",26866,7,1,-6
"22576",26867,1,2,1
"22577",26868,3,0,-3
"22578",26869,1,0,-1
"22579",26870,1,5,4
"22580",26872,16,15,-1
"22581",26873,2,1,-1
"22582",26874,1,0,-1
"22583",26875,1,2,1
"22584",26877,0,1,1
"22585",26879,1,7,6
"22586",26880,4,11,7
"22587",26881,1,1,0
"22588",26882,1,0,-1
"22589",26884,5,7,2
"22590",26885,0,4,4
"22591",26886,9,4,-5
"22592",26888,4,10,6
"22593",26889,2,1,-1
"22594",26890,1,1,0
"22595",26891,0,1,1
"22596",26892,0,1,1
"22597",26893,3,2,-1
"22598",26894,92,74,-18
"22599",26895,10,13,3
"22600",26896,3,4,1
"22601",26897,3,1,-2
"22602",26898,0,3,3
"22603",26899,10,8,-2
"22604",26900,0,1,1
"22605",26902,4,6,2
"22606",26903,1,26,25
"22607",26904,1,7,6
"22608",26905,2,0,-2
"22609",26906,0,1,1
"22610",26907,4,1,-3
"22611",26908,5,0,-5
"22612",26909,0,2,2
"22613",26910,1,1,0
"22614",26911,1,0,-1
"22615",26912,12,11,-1
"22616",26913,1,2,1
"22617",26914,13,19,6
"22618",26916,2,0,-2
"22619",26919,8,28,20
"22620",26920,6,2,-4
"22621",26921,13,9,-4
"22622",26922,1,4,3
"22623",26923,0,1,1
"22624",26924,0,3,3
"22625",26925,4,8,4
"22626",26926,2,2,0
"22627",26927,1,1,0
"22628",26928,3,8,5
"22629",26929,3,1,-2
"22630",26930,1,2,1
"22631",26932,13,7,-6
"22632",26933,1,0,-1
"22633",26934,5,8,3
"22634",26935,2,2,0
"22635",26936,1,1,0
"22636",26938,2,8,6
"22637",26939,1,0,-1
"22638",26940,1,0,-1
"22639",26941,5,2,-3
"22640",26942,3,5,2
"22641",26944,9,17,8
"22642",26945,0,1,1
"22643",26946,13,12,-1
"22644",26947,1,0,-1
"22645",26948,1,1,0
"22646",26949,2,2,0
"22647",26951,25,34,9
"22648",26952,2,4,2
"22649",26954,3,10,7
"22650",26955,27,18,-9
"22651",26956,0,3,3
"22652",26958,1,1,0
"22653",26961,4,10,6
"22654",26962,1,4,3
"22655",26963,1,0,-1
"22656",26964,0,2,2
"22657",26965,1,1,0
"22658",26966,8,5,-3
"22659",26967,1,3,2
"22660",26968,1,3,2
"22661",26969,4,2,-2
"22662",26971,1,2,1
"22663",26973,6,0,-6
"22664",26974,1,0,-1
"22665",26975,8,11,3
"22666",26976,7,10,3
"22667",26977,4,6,2
"22668",26978,4,1,-3
"22669",26980,4,5,1
"22670",26981,1,0,-1
"22671",26982,1,2,1
"22672",26983,2,9,7
"22673",26984,3,0,-3
"22674",26985,41,34,-7
"22675",26986,1,1,0
"22676",26987,1,1,0
"22677",26988,1,0,-1
"22678",26989,15,8,-7
"22679",26990,7,1,-6
"22680",26991,1,1,0
"22681",26993,2,1,-1
"22682",26994,1,8,7
"22683",26995,30,38,8
"22684",26996,21,5,-16
"22685",26997,5,2,-3
"22686",26999,7,3,-4
"22687",27000,2,1,-1
"22688",27001,2,0,-2
"22689",27002,28,18,-10
"22690",27003,3,4,1
"22691",27004,3,0,-3
"22692",27005,4,3,-1
"22693",27007,2,10,8
"22694",27008,3,9,6
"22695",27009,0,1,1
"22696",27010,0,4,4
"22697",27011,1,2,1
"22698",27012,1,0,-1
"22699",27013,9,11,2
"22700",27014,11,13,2
"22701",27015,0,1,1
"22702",27016,18,4,-14
"22703",27017,2,0,-2
"22704",27018,3,5,2
"22705",27019,3,1,-2
"22706",27020,1,2,1
"22707",27021,0,3,3
"22708",27022,0,1,1
"22709",27023,3,3,0
"22710",27024,0,1,1
"22711",27025,1,3,2
"22712",27026,9,8,-1
"22713",27027,4,0,-4
"22714",27028,14,12,-2
"22715",27029,0,1,1
"22716",27030,6,0,-6
"22717",27031,15,14,-1
"22718",27032,8,12,4
"22719",27033,1,3,2
"22720",27034,4,3,-1
"22721",27036,1,0,-1
"22722",27037,2,4,2
"22723",27038,14,10,-4
"22724",27039,1,1,0
"22725",27040,8,6,-2
"22726",27041,24,32,8
"22727",27042,5,7,2
"22728",27043,5,1,-4
"22729",27044,3,0,-3
"22730",27045,2,2,0
"22731",27047,1,1,0
"22732",27048,1,2,1
"22733",27050,4,4,0
"22734",27051,3,1,-2
"22735",27052,1,0,-1
"22736",27053,6,3,-3
"22737",27054,0,2,2
"22738",27055,5,6,1
"22739",27056,9,12,3
"22740",27058,9,6,-3
"22741",27059,11,6,-5
"22742",27060,0,1,1
"22743",27061,2,1,-1
"22744",27062,0,5,5
"22745",27063,0,2,2
"22746",27065,4,5,1
"22747",27066,1,0,-1
"22748",27067,0,2,2
"22749",27068,15,12,-3
"22750",27069,2,5,3
"22751",27070,11,4,-7
"22752",27071,1,0,-1
"22753",27072,0,2,2
"22754",27073,13,8,-5
"22755",27074,6,4,-2
"22756",27076,1,1,0
"22757",27077,1,2,1
"22758",27078,2,4,2
"22759",27079,1,1,0
"22760",27080,1,0,-1
"22761",27082,4,6,2
"22762",27083,2,3,1
"22763",27084,0,4,4
"22764",27085,2,2,0
"22765",27086,1,3,2
"22766",27087,1,2,1
"22767",27088,1,3,2
"22768",27089,6,9,3
"22769",27090,15,6,-9
"22770",27091,1,2,1
"22771",27092,1,4,3
"22772",27094,0,1,1
"22773",27096,0,2,2
"22774",27097,0,3,3
"22775",27098,0,3,3
"22776",27099,5,3,-2
"22777",27100,6,7,1
"22778",27101,11,11,0
"22779",27102,0,3,3
"22780",27103,1,0,-1
"22781",27104,1,0,-1
"22782",27105,2,3,1
"22783",27106,15,14,-1
"22784",27107,1,0,-1
"22785",27108,1,0,-1
"22786",27110,1,0,-1
"22787",27111,2,0,-2
"22788",27112,1,2,1
"22789",27113,2,4,2
"22790",27114,1,4,3
"22791",27115,1,2,1
"22792",27116,5,1,-4
"22793",27117,9,7,-2
"22794",27119,3,5,2
"22795",27120,1,7,6
"22796",27121,3,2,-1
"22797",27122,2,0,-2
"22798",27125,3,15,12
"22799",27126,15,6,-9
"22800",27128,115,93,-22
"22801",27129,3,0,-3
"22802",27131,1,3,2
"22803",27132,2,5,3
"22804",27133,1,0,-1
"22805",27134,2,9,7
"22806",27135,3,3,0
"22807",27136,1,1,0
"22808",27137,8,3,-5
"22809",27138,0,1,1
"22810",27139,6,10,4
"22811",27140,0,1,1
"22812",27141,3,1,-2
"22813",27142,13,14,1
"22814",27143,1,1,0
"22815",27144,2,8,6
"22816",27145,4,0,-4
"22817",27146,2,0,-2
"22818",27147,4,2,-2
"22819",27148,3,10,7
"22820",27149,0,1,1
"22821",27150,3,5,2
"22822",27151,5,0,-5
"22823",27152,0,3,3
"22824",27153,1,2,1
"22825",27154,2,4,2
"22826",27155,1,4,3
"22827",27156,0,1,1
"22828",27157,2,0,-2
"22829",27158,11,5,-6
"22830",27159,2,5,3
"22831",27160,0,1,1
"22832",27161,0,2,2
"22833",27162,12,10,-2
"22834",27163,1,1,0
"22835",27164,2,6,4
"22836",27165,1,4,3
"22837",27166,4,0,-4
"22838",27167,1,2,1
"22839",27168,2,2,0
"22840",27169,0,2,2
"22841",27170,8,29,21
"22842",27171,2,1,-1
"22843",27172,1,3,2
"22844",27173,0,5,5
"22845",27175,8,3,-5
"22846",27176,1,2,1
"22847",27179,0,3,3
"22848",27180,1,4,3
"22849",27181,12,21,9
"22850",27183,6,2,-4
"22851",27185,9,7,-2
"22852",27186,1,2,1
"22853",27187,4,6,2
"22854",27188,4,3,-1
"22855",27189,0,2,2
"22856",27190,20,9,-11
"22857",27192,1,4,3
"22858",27193,1,5,4
"22859",27194,3,1,-2
"22860",27195,1,1,0
"22861",27196,3,7,4
"22862",27197,4,3,-1
"22863",27198,25,16,-9
"22864",27199,2,2,0
"22865",27200,5,3,-2
"22866",27201,0,4,4
"22867",27202,1,1,0
"22868",27203,1,1,0
"22869",27204,0,3,3
"22870",27205,6,8,2
"22871",27206,3,0,-3
"22872",27207,13,3,-10
"22873",27208,64,81,17
"22874",27209,2,1,-1
"22875",27210,6,12,6
"22876",27211,1,0,-1
"22877",27212,1,1,0
"22878",27213,1,0,-1
"22879",27214,0,1,1
"22880",27215,1,0,-1
"22881",27216,13,14,1
"22882",27217,6,3,-3
"22883",27218,17,17,0
"22884",27219,1,0,-1
"22885",27220,2,1,-1
"22886",27221,5,2,-3
"22887",27222,14,14,0
"22888",27223,6,9,3
"22889",27224,3,4,1
"22890",27225,2,10,8
"22891",27226,0,2,2
"22892",27227,8,9,1
"22893",27228,6,15,9
"22894",27230,0,1,1
"22895",27231,12,35,23
"22896",27232,0,2,2
"22897",27233,3,1,-2
"22898",27234,20,19,-1
"22899",27235,34,32,-2
"22900",27236,3,2,-1
"22901",27237,1,1,0
"22902",27238,0,1,1
"22903",27239,20,15,-5
"22904",27240,1,0,-1
"22905",27241,3,9,6
"22906",27244,6,24,18
"22907",27245,1,1,0
"22908",27246,0,1,1
"22909",27247,12,11,-1
"22910",27248,0,1,1
"22911",27249,1,1,0
"22912",27250,1,2,1
"22913",27251,0,1,1
"22914",27252,1,15,14
"22915",27253,0,2,2
"22916",27254,1,2,1
"22917",27255,4,3,-1
"22918",27256,3,3,0
"22919",27257,6,15,9
"22920",27258,0,7,7
"22921",27259,1,0,-1
"22922",27260,2,5,3
"22923",27261,2,2,0
"22924",27263,1,0,-1
"22925",27264,5,6,1
"22926",27265,1,1,0
"22927",27267,15,35,20
"22928",27268,3,2,-1
"22929",27269,14,8,-6
"22930",27270,0,1,1
"22931",27271,0,1,1
"22932",27272,13,23,10
"22933",27273,2,1,-1
"22934",27274,1,0,-1
"22935",27275,3,4,1
"22936",27276,0,2,2
"22937",27277,2,7,5
"22938",27278,8,8,0
"22939",27279,6,2,-4
"22940",27280,23,106,83
"22941",27281,0,2,2
"22942",27282,7,5,-2
"22943",27285,7,4,-3
"22944",27287,1,2,1
"22945",27288,0,2,2
"22946",27289,8,8,0
"22947",27290,1,1,0
"22948",27291,22,9,-13
"22949",27292,3,0,-3
"22950",27293,1,0,-1
"22951",27294,14,41,27
"22952",27295,0,1,1
"22953",27296,0,1,1
"22954",27298,2,6,4
"22955",27299,1,5,4
"22956",27300,3,1,-2
"22957",27301,2,3,1
"22958",27302,0,3,3
"22959",27303,18,9,-9
"22960",27306,1,5,4
"22961",27308,3,2,-1
"22962",27310,3,2,-1
"22963",27311,138,128,-10
"22964",27312,0,1,1
"22965",27313,10,4,-6
"22966",27315,1,0,-1
"22967",27316,5,3,-2
"22968",27317,0,1,1
"22969",27318,3,1,-2
"22970",27319,1,0,-1
"22971",27320,0,2,2
"22972",27321,1,0,-1
"22973",27322,0,3,3
"22974",27323,2,0,-2
"22975",27324,1,3,2
"22976",27325,17,10,-7
"22977",27326,2,3,1
"22978",27327,3,2,-1
"22979",27328,2,2,0
"22980",27329,2,1,-1
"22981",27330,2,3,1
"22982",27331,1,3,2
"22983",27332,2,3,1
"22984",27333,0,2,2
"22985",27334,0,1,1
"22986",27337,1,2,1
"22987",27338,5,1,-4
"22988",27339,0,1,1
"22989",27340,5,2,-3
"22990",27341,4,10,6
"22991",27342,2,10,8
"22992",27347,1,0,-1
"22993",27348,12,12,0
"22994",27350,1,1,0
"22995",27351,9,12,3
"22996",27352,1,1,0
"22997",27354,7,3,-4
"22998",27355,0,4,4
"22999",27356,2,1,-1
"23000",27357,2,0,-2
"23001",27358,1,3,2
"23002",27359,1,1,0
"23003",27361,0,1,1
"23004",27362,4,2,-2
"23005",27363,0,2,2
"23006",27364,6,2,-4
"23007",27365,4,4,0
"23008",27366,3,1,-2
"23009",27367,0,1,1
"23010",27368,5,3,-2
"23011",27369,9,6,-3
"23012",27370,6,6,0
"23013",27371,0,1,1
"23014",27372,0,1,1
"23015",27373,0,2,2
"23016",27374,4,1,-3
"23017",27375,14,5,-9
"23018",27376,3,2,-1
"23019",27377,4,2,-2
"23020",27378,4,2,-2
"23021",27379,12,15,3
"23022",27380,2,1,-1
"23023",27382,13,9,-4
"23024",27383,3,8,5
"23025",27384,2,1,-1
"23026",27385,5,7,2
"23027",27386,2,2,0
"23028",27387,1,0,-1
"23029",27388,19,9,-10
"23030",27389,1,1,0
"23031",27393,4,7,3
"23032",27394,2,3,1
"23033",27395,1,0,-1
"23034",27396,0,3,3
"23035",27397,1,0,-1
"23036",27398,7,14,7
"23037",27399,5,22,17
"23038",27400,2,6,4
"23039",27401,15,26,11
"23040",27402,1,1,0
"23041",27403,4,2,-2
"23042",27404,1,3,2
"23043",27405,2,4,2
"23044",27406,1,1,0
"23045",27407,5,7,2
"23046",27408,3,8,5
"23047",27409,32,23,-9
"23048",27411,1,2,1
"23049",27412,1,0,-1
"23050",27413,5,21,16
"23051",27415,7,2,-5
"23052",27416,2,0,-2
"23053",27417,2,6,4
"23054",27418,3,5,2
"23055",27419,1,0,-1
"23056",27420,1,3,2
"23057",27421,1,1,0
"23058",27422,0,2,2
"23059",27423,3,5,2
"23060",27424,4,5,1
"23061",27425,1,1,0
"23062",27426,9,6,-3
"23063",27427,0,2,2
"23064",27428,11,11,0
"23065",27429,3,1,-2
"23066",27430,5,5,0
"23067",27431,2,5,3
"23068",27433,10,5,-5
"23069",27435,1,1,0
"23070",27437,0,2,2
"23071",27438,0,4,4
"23072",27439,4,2,-2
"23073",27441,1,1,0
"23074",27442,11,12,1
"23075",27443,11,3,-8
"23076",27445,41,38,-3
"23077",27446,1,1,0
"23078",27447,8,4,-4
"23079",27448,5,8,3
"23080",27449,4,3,-1
"23081",27450,2,2,0
"23082",27452,0,1,1
"23083",27453,0,1,1
"23084",27454,0,1,1
"23085",27455,29,20,-9
"23086",27456,6,3,-3
"23087",27457,26,15,-11
"23088",27458,2,2,0
"23089",27459,1,1,0
"23090",27460,3,1,-2
"23091",27462,1,1,0
"23092",27463,3,8,5
"23093",27464,1,1,0
"23094",27465,20,23,3
"23095",27466,12,3,-9
"23096",27467,1,1,0
"23097",27468,5,2,-3
"23098",27469,21,21,0
"23099",27470,0,2,2
"23100",27471,1,0,-1
"23101",27472,2,1,-1
"23102",27473,12,3,-9
"23103",27474,7,5,-2
"23104",27475,14,4,-10
"23105",27476,19,17,-2
"23106",27477,7,7,0
"23107",27478,24,17,-7
"23108",27479,1,3,2
"23109",27480,2,0,-2
"23110",27481,16,12,-4
"23111",27482,2,2,0
"23112",27483,0,1,1
"23113",27484,4,5,1
"23114",27486,0,1,1
"23115",27487,4,3,-1
"23116",27488,3,1,-2
"23117",27489,2,8,6
"23118",27490,0,3,3
"23119",27491,2,0,-2
"23120",27492,0,2,2
"23121",27493,1,1,0
"23122",27494,0,5,5
"23123",27495,0,4,4
"23124",27496,2,2,0
"23125",27497,0,7,7
"23126",27498,68,57,-11
"23127",27500,4,3,-1
"23128",27501,0,2,2
"23129",27502,0,2,2
"23130",27503,9,12,3
"23131",27504,1,4,3
"23132",27506,2,0,-2
"23133",27507,5,3,-2
"23134",27508,1,1,0
"23135",27509,15,17,2
"23136",27510,3,1,-2
"23137",27511,1,1,0
"23138",27512,1,0,-1
"23139",27513,1,0,-1
"23140",27516,3,1,-2
"23141",27517,1,2,1
"23142",27518,7,4,-3
"23143",27519,2,1,-1
"23144",27520,0,3,3
"23145",27521,3,7,4
"23146",27522,0,4,4
"23147",27523,2,1,-1
"23148",27524,3,4,1
"23149",27525,0,1,1
"23150",27526,2,0,-2
"23151",27527,0,1,1
"23152",27528,4,4,0
"23153",27529,4,1,-3
"23154",27530,2,3,1
"23155",27531,2,0,-2
"23156",27532,4,1,-3
"23157",27533,4,8,4
"23158",27534,1,2,1
"23159",27535,8,18,10
"23160",27538,1,0,-1
"23161",27540,78,46,-32
"23162",27541,12,7,-5
"23163",27542,3,5,2
"23164",27543,14,7,-7
"23165",27544,1,1,0
"23166",27545,1,0,-1
"23167",27546,3,2,-1
"23168",27547,1,1,0
"23169",27548,1,13,12
"23170",27549,2,2,0
"23171",27550,4,3,-1
"23172",27551,3,2,-1
"23173",27552,1,1,0
"23174",27553,7,3,-4
"23175",27554,2,2,0
"23176",27555,1,12,11
"23177",27556,2,3,1
"23178",27557,1,2,1
"23179",27558,0,2,2
"23180",27559,11,10,-1
"23181",27560,20,23,3
"23182",27561,0,2,2
"23183",27562,1,1,0
"23184",27563,0,2,2
"23185",27565,3,8,5
"23186",27566,0,1,1
"23187",27567,1,0,-1
"23188",27568,1,0,-1
"23189",27569,10,11,1
"23190",27570,1,0,-1
"23191",27571,2,0,-2
"23192",27572,0,3,3
"23193",27573,0,9,9
"23194",27577,6,6,0
"23195",27578,22,15,-7
"23196",27579,1,0,-1
"23197",27580,17,20,3
"23198",27581,1,2,1
"23199",27583,1,0,-1
"23200",27585,2,1,-1
"23201",27586,35,35,0
"23202",27587,5,4,-1
"23203",27588,12,9,-3
"23204",27589,1,1,0
"23205",27591,1,3,2
"23206",27592,3,0,-3
"23207",27593,4,2,-2
"23208",27594,2,2,0
"23209",27595,12,19,7
"23210",27596,3,2,-1
"23211",27597,4,13,9
"23212",27598,3,3,0
"23213",27599,2,0,-2
"23214",27600,3,2,-1
"23215",27601,3,3,0
"23216",27602,4,9,5
"23217",27603,1,1,0
"23218",27604,4,4,0
"23219",27605,20,17,-3
"23220",27606,8,16,8
"23221",27607,20,21,1
"23222",27609,2,1,-1
"23223",27610,2,0,-2
"23224",27611,5,7,2
"23225",27612,1,2,1
"23226",27613,2,4,2
"23227",27614,22,10,-12
"23228",27615,5,14,9
"23229",27616,6,2,-4
"23230",27619,19,25,6
"23231",27621,1,1,0
"23232",27622,0,2,2
"23233",27623,3,0,-3
"23234",27624,3,3,0
"23235",27626,7,1,-6
"23236",27627,3,10,7
"23237",27628,1,3,2
"23238",27629,0,1,1
"23239",27630,1,0,-1
"23240",27631,1,0,-1
"23241",27632,131,73,-58
"23242",27633,6,13,7
"23243",27634,23,7,-16
"23244",27635,2,1,-1
"23245",27636,0,1,1
"23246",27637,20,2,-18
"23247",27638,0,2,2
"23248",27639,1,0,-1
"23249",27641,2,1,-1
"23250",27642,0,3,3
"23251",27643,2,1,-1
"23252",27644,1,2,1
"23253",27645,7,8,1
"23254",27646,2,0,-2
"23255",27648,0,1,1
"23256",27649,64,51,-13
"23257",27650,2,0,-2
"23258",27651,0,1,1
"23259",27652,0,1,1
"23260",27653,5,6,1
"23261",27654,5,4,-1
"23262",27655,1,0,-1
"23263",27656,2,1,-1
"23264",27658,4,4,0
"23265",27660,4,4,0
"23266",27661,15,5,-10
"23267",27662,13,5,-8
"23268",27663,3,5,2
"23269",27664,1,2,1
"23270",27665,34,15,-19
"23271",27666,6,6,0
"23272",27667,1,0,-1
"23273",27668,74,59,-15
"23274",27669,9,8,-1
"23275",27670,2,0,-2
"23276",27671,1,0,-1
"23277",27672,9,4,-5
"23278",27673,9,1,-8
"23279",27674,9,8,-1
"23280",27675,108,61,-47
"23281",27676,2,4,2
"23282",27677,1,3,2
"23283",27678,1,1,0
"23284",27679,16,7,-9
"23285",27680,5,6,1
"23286",27681,2,1,-1
"23287",27682,3,8,5
"23288",27683,165,92,-73
"23289",27684,2,1,-1
"23290",27685,7,9,2
"23291",27686,13,12,-1
"23292",27687,38,37,-1
"23293",27689,58,41,-17
"23294",27691,1,0,-1
"23295",27692,3,1,-2
"23296",27693,9,4,-5
"23297",27694,0,2,2
"23298",27695,0,1,1
"23299",27696,2,1,-1
"23300",27697,20,13,-7
"23301",27698,3,8,5
"23302",27699,1,1,0
"23303",27701,0,9,9
"23304",27702,0,1,1
"23305",27703,18,10,-8
"23306",27705,1,1,0
"23307",27706,1,0,-1
"23308",27707,75,58,-17
"23309",27708,3,0,-3
"23310",27709,1,0,-1
"23311",27711,2,8,6
"23312",27712,1,2,1
"23313",27714,65,57,-8
"23314",27715,1,0,-1
"23315",27716,1,1,0
"23316",27717,3,0,-3
"23317",27718,1,0,-1
"23318",27719,1,3,2
"23319",27720,1,4,3
"23320",27721,3,1,-2
"23321",27722,16,11,-5
"23322",27723,2,0,-2
"23323",27725,116,67,-49
"23324",27726,3,2,-1
"23325",27727,20,10,-10
"23326",27728,3,6,3
"23327",27729,2,1,-1
"23328",27730,5,8,3
"23329",27731,1,1,0
"23330",27732,1,0,-1
"23331",27733,33,39,6
"23332",27734,19,16,-3
"23333",27735,0,2,2
"23334",27736,20,10,-10
"23335",27737,4,0,-4
"23336",27738,1,1,0
"23337",27740,1,1,0
"23338",27741,0,1,1
"23339",27742,1,0,-1
"23340",27743,8,10,2
"23341",27744,3,3,0
"23342",27745,1,0,-1
"23343",27746,0,1,1
"23344",27747,116,86,-30
"23345",27748,0,1,1
"23346",27749,1,0,-1
"23347",27750,2,2,0
"23348",27753,49,42,-7
"23349",27754,14,7,-7
"23350",27755,1,0,-1
"23351",27756,1,3,2
"23352",27757,21,9,-12
"23353",27758,126,60,-66
"23354",27759,3,6,3
"23355",27760,1,5,4
"23356",27761,0,8,8
"23357",27762,114,95,-19
"23358",27764,11,8,-3
"23359",27765,6,12,6
"23360",27766,2,1,-1
"23361",27767,1,2,1
"23362",27768,2,1,-1
"23363",27769,1,4,3
"23364",27770,17,10,-7
"23365",27772,4,1,-3
"23366",27773,7,7,0
"23367",27774,109,121,12
"23368",27776,3,8,5
"23369",27777,0,1,1
"23370",27778,0,1,1
"23371",27779,1,0,-1
"23372",27780,10,12,2
"23373",27781,6,4,-2
"23374",27782,26,15,-11
"23375",27784,13,4,-9
"23376",27785,0,1,1
"23377",27786,20,12,-8
"23378",27787,1,5,4
"23379",27788,1,0,-1
"23380",27789,132,111,-21
"23381",27790,11,11,0
"23382",27792,11,5,-6
"23383",27793,145,78,-67
"23384",27794,2,1,-1
"23385",27795,10,2,-8
"23386",27796,13,11,-2
"23387",27797,1,2,1
"23388",27798,1,4,3
"23389",27799,2,1,-1
"23390",27800,3,16,13
"23391",27802,2,0,-2
"23392",27803,2,4,2
"23393",27804,1,0,-1
"23394",27805,4,10,6
"23395",27806,2,1,-1
"23396",27807,9,25,16
"23397",27808,9,11,2
"23398",27809,13,7,-6
"23399",27810,9,9,0
"23400",27811,13,10,-3
"23401",27814,0,1,1
"23402",27816,0,4,4
"23403",27817,0,2,2
"23404",27820,2,2,0
"23405",27821,1,6,5
"23406",27822,0,2,2
"23407",27823,1,1,0
"23408",27825,6,3,-3
"23409",27826,2,8,6
"23410",27827,3,10,7
"23411",27828,8,1,-7
"23412",27829,23,7,-16
"23413",27830,1,0,-1
"23414",27831,5,1,-4
"23415",27832,2,5,3
"23416",27834,1,8,7
"23417",27835,0,1,1
"23418",27836,6,9,3
"23419",27837,27,9,-18
"23420",27839,1,1,0
"23421",27840,1,0,-1
"23422",27843,3,1,-2
"23423",27844,3,13,10
"23424",27846,1,3,2
"23425",27847,1,7,6
"23426",27850,2,3,1
"23427",27852,3,11,8
"23428",27853,2,1,-1
"23429",27854,12,15,3
"23430",27856,19,14,-5
"23431",27857,120,84,-36
"23432",27858,28,5,-23
"23433",27859,4,2,-2
"23434",27861,0,3,3
"23435",27862,59,60,1
"23436",27863,4,12,8
"23437",27864,8,4,-4
"23438",27865,3,4,1
"23439",27867,18,9,-9
"23440",27870,2,0,-2
"23441",27871,2,2,0
"23442",27872,37,13,-24
"23443",27873,1,0,-1
"23444",27874,164,92,-72
"23445",27876,4,8,4
"23446",27877,6,3,-3
"23447",27878,15,9,-6
"23448",27879,24,30,6
"23449",27880,7,25,18
"23450",27881,2,1,-1
"23451",27884,1,1,0
"23452",27885,0,1,1
"23453",27886,141,97,-44
"23454",27887,97,47,-50
"23455",27888,0,2,2
"23456",27889,17,8,-9
"23457",27890,20,35,15
"23458",27891,2,1,-1
"23459",27892,0,1,1
"23460",27893,4,6,2
"23461",27894,1,0,-1
"23462",27895,5,3,-2
"23463",27896,3,4,1
"23464",27898,115,94,-21
"23465",27899,4,7,3
"23466",27900,1,5,4
"23467",27901,8,5,-3
"23468",27902,4,6,2
"23469",27903,5,2,-3
"23470",27904,2,4,2
"23471",27905,11,13,2
"23472",27906,2,0,-2
"23473",27907,62,30,-32
"23474",27908,1,0,-1
"23475",27909,70,76,6
"23476",27910,0,1,1
"23477",27911,4,6,2
"23478",27912,0,2,2
"23479",27913,3,0,-3
"23480",27914,13,3,-10
"23481",27915,5,19,14
"23482",27916,11,12,1
"23483",27917,1,1,0
"23484",27918,0,8,8
"23485",27919,3,2,-1
"23486",27920,4,9,5
"23487",27921,4,2,-2
"23488",27923,4,2,-2
"23489",27925,2,1,-1
"23490",27926,1,0,-1
"23491",27927,1,8,7
"23492",27928,4,2,-2
"23493",27929,0,1,1
"23494",27930,2,2,0
"23495",27932,2,0,-2
"23496",27933,1,1,0
"23497",27934,1,1,0
"23498",27935,2,1,-1
"23499",27936,16,7,-9
"23500",27938,34,23,-11
"23501",27940,7,19,12
"23502",27942,0,2,2
"23503",27943,4,1,-3
"23504",27944,1,3,2
"23505",27946,18,54,36
"23506",27947,2,9,7
"23507",27948,6,17,11
"23508",27949,14,13,-1
"23509",27950,108,68,-40
"23510",27951,1,8,7
"23511",27953,0,3,3
"23512",27954,5,3,-2
"23513",27955,1,2,1
"23514",27956,0,2,2
"23515",27957,1,4,3
"23516",27958,1,1,0
"23517",27959,139,96,-43
"23518",27960,1,1,0
"23519",27961,17,25,8
"23520",27962,75,52,-23
"23521",27964,4,3,-1
"23522",27965,3,3,0
"23523",27966,0,1,1
"23524",27968,7,5,-2
"23525",27969,1,1,0
"23526",27971,1,4,3
"23527",27972,39,27,-12
"23528",27973,1,0,-1
"23529",27974,0,1,1
"23530",27975,108,88,-20
"23531",27976,2,3,1
"23532",27977,7,0,-7
"23533",27978,0,1,1
"23534",27979,1,1,0
"23535",27980,18,51,33
"23536",27981,6,1,-5
"23537",27982,1,1,0
"23538",27983,0,1,1
"23539",27984,4,2,-2
"23540",27985,8,8,0
"23541",27986,2,1,-1
"23542",27987,77,61,-16
"23543",27988,2,14,12
"23544",27991,128,86,-42
"23545",27993,3,2,-1
"23546",27994,1,3,2
"23547",27995,157,93,-64
"23548",27997,12,7,-5
"23549",27998,3,0,-3
"23550",27999,12,8,-4
"23551",28001,0,3,3
"23552",28002,1,0,-1
"23553",28003,2,1,-1
"23554",28004,1,0,-1
"23555",28005,43,17,-26
"23556",28006,3,1,-2
"23557",28007,131,102,-29
"23558",28009,6,5,-1
"23559",28010,80,59,-21
"23560",28011,6,1,-5
"23561",28012,7,2,-5
"23562",28013,1,1,0
"23563",28014,1,4,3
"23564",28015,7,1,-6
"23565",28016,0,1,1
"23566",28017,18,15,-3
"23567",28018,10,8,-2
"23568",28019,1,2,1
"23569",28021,4,9,5
"23570",28022,0,1,1
"23571",28024,11,5,-6
"23572",28025,2,6,4
"23573",28026,14,12,-2
"23574",28027,6,3,-3
"23575",28029,2,1,-1
"23576",28031,15,9,-6
"23577",28032,2,0,-2
"23578",28033,10,11,1
"23579",28034,6,4,-2
"23580",28035,49,40,-9
"23581",28036,12,5,-7
"23582",28037,0,1,1
"23583",28038,2,0,-2
"23584",28039,1,1,0
"23585",28044,4,0,-4
"23586",28045,3,8,5
"23587",28047,3,0,-3
"23588",28048,1,1,0
"23589",28049,19,12,-7
"23590",28050,11,15,4
"23591",28051,0,1,1
"23592",28052,2,3,1
"23593",28053,2,3,1
"23594",28054,4,6,2
"23595",28055,1,0,-1
"23596",28057,4,1,-3
"23597",28058,7,6,-1
"23598",28059,2,0,-2
"23599",28060,13,4,-9
"23600",28061,1,3,2
"23601",28062,125,77,-48
"23602",28063,10,14,4
"23603",28064,1,0,-1
"23604",28065,3,1,-2
"23605",28066,2,4,2
"23606",28067,1,0,-1
"23607",28068,8,3,-5
"23608",28069,2,0,-2
"23609",28070,4,2,-2
"23610",28071,0,2,2
"23611",28072,1,0,-1
"23612",28073,2,4,2
"23613",28074,18,23,5
"23614",28075,7,15,8
"23615",28076,2,9,7
"23616",28077,1,3,2
"23617",28079,7,5,-2
"23618",28080,4,2,-2
"23619",28081,138,87,-51
"23620",28082,0,1,1
"23621",28083,1,1,0
"23622",28084,39,30,-9
"23623",28085,61,53,-8
"23624",28086,12,3,-9
"23625",28087,2,1,-1
"23626",28088,3,3,0
"23627",28089,0,2,2
"23628",28090,1,3,2
"23629",28091,3,2,-1
"23630",28092,3,1,-2
"23631",28093,0,3,3
"23632",28094,1,2,1
"23633",28096,22,8,-14
"23634",28097,5,1,-4
"23635",28098,1,2,1
"23636",28100,1,1,0
"23637",28101,37,35,-2
"23638",28102,0,2,2
"23639",28103,3,9,6
"23640",28105,1,1,0
"23641",28106,9,19,10
"23642",28107,0,1,1
"23643",28108,1,0,-1
"23644",28109,1,0,-1
"23645",28110,0,2,2
"23646",28111,0,1,1
"23647",28113,134,70,-64
"23648",28114,1,2,1
"23649",28115,2,7,5
"23650",28116,19,10,-9
"23651",28117,12,4,-8
"23652",28118,1,0,-1
"23653",28119,4,4,0
"23654",28120,2,1,-1
"23655",28121,1,3,2
"23656",28122,2,1,-1
"23657",28123,3,1,-2
"23658",28124,1,1,0
"23659",28125,163,86,-77
"23660",28126,18,5,-13
"23661",28127,1,0,-1
"23662",28128,1,1,0
"23663",28129,1,0,-1
"23664",28130,2,0,-2
"23665",28131,12,7,-5
"23666",28132,0,2,2
"23667",28133,3,2,-1
"23668",28134,0,2,2
"23669",28135,136,71,-65
"23670",28137,0,2,2
"23671",28138,1,8,7
"23672",28140,9,9,0
"23673",28141,2,0,-2
"23674",28142,1,0,-1
"23675",28143,5,7,2
"23676",28144,6,5,-1
"23677",28145,17,14,-3
"23678",28146,11,6,-5
"23679",28147,0,1,1
"23680",28148,5,5,0
"23681",28149,1,4,3
"23682",28150,8,10,2
"23683",28151,3,0,-3
"23684",28153,43,31,-12
"23685",28154,20,11,-9
"23686",28155,4,1,-3
"23687",28158,7,8,1
"23688",28159,78,38,-40
"23689",28160,0,1,1
"23690",28161,30,40,10
"23691",28162,1,1,0
"23692",28163,42,33,-9
"23693",28165,8,11,3
"23694",28167,1,0,-1
"23695",28168,1,3,2
"23696",28169,2,4,2
"23697",28171,2,4,2
"23698",28172,1,8,7
"23699",28173,0,4,4
"23700",28174,11,8,-3
"23701",28175,11,7,-4
"23702",28176,1,0,-1
"23703",28177,1,5,4
"23704",28178,4,4,0
"23705",28179,8,18,10
"23706",28180,1,1,0
"23707",28181,114,85,-29
"23708",28182,0,1,1
"23709",28183,15,15,0
"23710",28184,0,1,1
"23711",28185,5,3,-2
"23712",28186,5,6,1
"23713",28187,0,2,2
"23714",28188,147,82,-65
"23715",28189,3,2,-1
"23716",28192,1,1,0
"23717",28194,3,3,0
"23718",28195,1,3,2
"23719",28197,3,3,0
"23720",28198,0,1,1
"23721",28199,2,3,1
"23722",28200,3,1,-2
"23723",28201,1,0,-1
"23724",28202,2,1,-1
"23725",28203,0,2,2
"23726",28204,2,0,-2
"23727",28205,0,2,2
"23728",28206,3,0,-3
"23729",28207,5,0,-5
"23730",28208,37,11,-26
"23731",28209,113,109,-4
"23732",28210,1,0,-1
"23733",28211,7,0,-7
"23734",28213,11,5,-6
"23735",28214,49,24,-25
"23736",28215,1,0,-1
"23737",28216,2,1,-1
"23738",28217,4,5,1
"23739",28218,1,2,1
"23740",28219,3,2,-1
"23741",28221,0,3,3
"23742",28222,14,10,-4
"23743",28223,1,1,0
"23744",28224,0,2,2
"23745",28225,1,0,-1
"23746",28226,12,36,24
"23747",28227,18,16,-2
"23748",28228,3,3,0
"23749",28229,9,8,-1
"23750",28230,0,2,2
"23751",28231,7,1,-6
"23752",28232,7,3,-4
"23753",28233,14,5,-9
"23754",28234,10,54,44
"23755",28235,55,44,-11
"23756",28236,79,75,-4
"23757",28237,1,0,-1
"23758",28238,1,3,2
"23759",28239,37,12,-25
"23760",28240,1,2,1
"23761",28241,0,1,1
"23762",28242,14,14,0
"23763",28243,15,9,-6
"23764",28244,0,3,3
"23765",28246,9,7,-2
"23766",28247,118,108,-10
"23767",28248,0,1,1
"23768",28249,0,1,1
"23769",28250,1,4,3
"23770",28251,0,1,1
"23771",28252,8,16,8
"23772",28253,1,2,1
"23773",28254,1,3,2
"23774",28255,2,1,-1
"23775",28257,2,5,3
"23776",28259,1,4,3
"23777",28260,1,0,-1
"23778",28261,24,12,-12
"23779",28262,2,1,-1
"23780",28264,0,1,1
"23781",28266,1,5,4
"23782",28267,2,9,7
"23783",28269,3,1,-2
"23784",28270,7,0,-7
"23785",28271,0,1,1
"23786",28272,1,3,2
"23787",28273,5,4,-1
"23788",28274,1,0,-1
"23789",28275,2,1,-1
"23790",28276,30,24,-6
"23791",28277,26,19,-7
"23792",28278,12,3,-9
"23793",28279,1,1,0
"23794",28280,2,0,-2
"23795",28281,1,0,-1
"23796",28282,3,4,1
"23797",28283,170,85,-85
"23798",28284,5,9,4
"23799",28285,0,2,2
"23800",28286,7,10,3
"23801",28287,0,2,2
"23802",28288,25,10,-15
"23803",28290,1,1,0
"23804",28291,2,1,-1
"23805",28292,2,1,-1
"23806",28293,1,0,-1
"23807",28294,2,1,-1
"23808",28296,29,13,-16
"23809",28298,185,135,-50
"23810",28299,1,0,-1
"23811",28300,3,7,4
"23812",28301,4,5,1
"23813",28302,92,80,-12
"23814",28303,3,1,-2
"23815",28304,2,7,5
"23816",28305,2,1,-1
"23817",28306,3,2,-1
"23818",28307,3,4,1
"23819",28308,0,1,1
"23820",28309,18,23,5
"23821",28310,1,1,0
"23822",28311,0,1,1
"23823",28312,21,13,-8
"23824",28313,3,4,1
"23825",28314,3,4,1
"23826",28315,10,12,2
"23827",28316,0,1,1
"23828",28317,5,3,-2
"23829",28318,3,2,-1
"23830",28319,1,2,1
"23831",28320,0,4,4
"23832",28321,2,1,-1
"23833",28322,3,5,2
"23834",28323,2,1,-1
"23835",28324,4,7,3
"23836",28325,2,7,5
"23837",28326,156,92,-64
"23838",28327,13,3,-10
"23839",28329,3,2,-1
"23840",28330,9,7,-2
"23841",28331,75,34,-41
"23842",28332,1,0,-1
"23843",28333,0,1,1
"23844",28334,1,5,4
"23845",28335,2,2,0
"23846",28336,11,15,4
"23847",28337,0,1,1
"23848",28338,2,1,-1
"23849",28339,1,2,1
"23850",28340,1,0,-1
"23851",28341,4,6,2
"23852",28342,1,4,3
"23853",28343,4,14,10
"23854",28344,1,1,0
"23855",28345,0,1,1
"23856",28346,1,0,-1
"23857",28347,0,4,4
"23858",28348,3,2,-1
"23859",28349,1,1,0
"23860",28350,15,4,-11
"23861",28352,14,21,7
"23862",28353,0,2,2
"23863",28354,1,0,-1
"23864",28355,24,36,12
"23865",28356,1,2,1
"23866",28357,1,1,0
"23867",28359,0,1,1
"23868",28360,1,1,0
"23869",28361,139,75,-64
"23870",28362,3,10,7
"23871",28363,1,0,-1
"23872",28364,4,3,-1
"23873",28366,7,3,-4
"23874",28367,0,2,2
"23875",28368,191,113,-78
"23876",28369,8,14,6
"23877",28370,7,10,3
"23878",28372,54,32,-22
"23879",28374,1,0,-1
"23880",28375,132,94,-38
"23881",28376,23,16,-7
"23882",28377,1,1,0
"23883",28378,0,5,5
"23884",28379,1,2,1
"23885",28380,1,1,0
"23886",28381,0,1,1
"23887",28382,1,1,0
"23888",28383,2,2,0
"23889",28385,1,1,0
"23890",28386,2,1,-1
"23891",28387,0,1,1
"23892",28388,14,7,-7
"23893",28389,15,11,-4
"23894",28390,0,2,2
"23895",28391,2,0,-2
"23896",28393,3,8,5
"23897",28394,2,3,1
"23898",28397,3,1,-2
"23899",28398,1,0,-1
"23900",28399,1,1,0
"23901",28400,1,0,-1
"23902",28401,114,83,-31
"23903",28402,2,2,0
"23904",28403,0,1,1
"23905",28404,79,88,9
"23906",28405,0,1,1
"23907",28406,3,7,4
"23908",28407,0,2,2
"23909",28408,3,1,-2
"23910",28409,5,3,-2
"23911",28410,33,19,-14
"23912",28411,1,1,0
"23913",28413,28,28,0
"23914",28414,3,1,-2
"23915",28415,16,14,-2
"23916",28416,0,2,2
"23917",28417,1,0,-1
"23918",28418,2,6,4
"23919",28419,2,0,-2
"23920",28420,1,0,-1
"23921",28421,26,5,-21
"23922",28422,2,7,5
"23923",28423,1,1,0
"23924",28424,34,27,-7
"23925",28425,6,3,-3
"23926",28426,0,1,1
"23927",28428,1,0,-1
"23928",28429,4,14,10
"23929",28430,127,83,-44
"23930",28431,3,7,4
"23931",28432,0,2,2
"23932",28433,0,1,1
"23933",28434,4,3,-1
"23934",28435,3,6,3
"23935",28436,6,18,12
"23936",28437,2,1,-1
"23937",28438,1,0,-1
"23938",28439,1,7,6
"23939",28440,9,10,1
"23940",28441,2,6,4
"23941",28442,1,1,0
"23942",28443,2,3,1
"23943",28444,16,9,-7
"23944",28445,1,2,1
"23945",28446,9,8,-1
"23946",28447,143,88,-55
"23947",28448,1,1,0
"23948",28449,2,0,-2
"23949",28451,0,1,1
"23950",28452,1,0,-1
"23951",28454,15,9,-6
"23952",28455,1,1,0
"23953",28456,0,1,1
"23954",28457,3,8,5
"23955",28458,0,1,1
"23956",28459,20,31,11
"23957",28461,3,2,-1
"23958",28462,1,1,0
"23959",28463,1,0,-1
"23960",28464,2,3,1
"23961",28465,18,19,1
"23962",28466,0,1,1
"23963",28467,6,1,-5
"23964",28469,2,0,-2
"23965",28470,1,0,-1
"23966",28471,1,0,-1
"23967",28472,0,1,1
"23968",28473,1,2,1
"23969",28474,13,8,-5
"23970",28475,1,0,-1
"23971",28476,2,2,0
"23972",28477,1,0,-1
"23973",28478,1,1,0
"23974",28479,0,1,1
"23975",28480,1,0,-1
"23976",28481,1,1,0
"23977",28482,63,48,-15
"23978",28483,1,0,-1
"23979",28485,3,0,-3
"23980",28486,2,1,-1
"23981",28487,1,3,2
"23982",28488,3,2,-1
"23983",28489,10,3,-7
"23984",28490,3,7,4
"23985",28494,10,12,2
"23986",28495,1,1,0
"23987",28496,3,6,3
"23988",28497,1,0,-1
"23989",28498,2,1,-1
"23990",28499,5,0,-5
"23991",28501,1,1,0
"23992",28503,2,0,-2
"23993",28504,1,5,4
"23994",28505,12,5,-7
"23995",28506,75,36,-39
"23996",28507,1,4,3
"23997",28508,2,1,-1
"23998",28509,2,0,-2
"23999",28510,1,0,-1
"24000",28511,3,0,-3
"24001",28512,1,1,0
"24002",28513,1,0,-1
"24003",28514,8,5,-3
"24004",28515,1,0,-1
"24005",28516,0,1,1
"24006",28517,8,10,2
"24007",28519,1,0,-1
"24008",28520,1,0,-1
"24009",28521,0,2,2
"24010",28522,1,0,-1
"24011",28523,1,1,0
"24012",28524,116,87,-29
"24013",28526,1,0,-1
"24014",28527,4,5,1
"24015",28528,3,3,0
"24016",28529,0,1,1
"24017",28530,1,1,0
"24018",28531,12,13,1
"24019",28532,5,3,-2
"24020",28536,2,3,1
"24021",28537,0,1,1
"24022",28538,7,1,-6
"24023",28539,5,2,-3
"24024",28540,1,3,2
"24025",28541,0,2,2
"24026",28542,0,2,2
"24027",28543,10,4,-6
"24028",28544,61,43,-18
"24029",28545,12,13,1
"24030",28546,3,3,0
"24031",28547,28,19,-9
"24032",28548,1,0,-1
"24033",28549,105,55,-50
"24034",28550,1,1,0
"24035",28551,3,2,-1
"24036",28552,71,42,-29
"24037",28553,0,2,2
"24038",28556,16,7,-9
"24039",28558,125,92,-33
"24040",28560,2,1,-1
"24041",28561,0,1,1
"24042",28563,2,4,2
"24043",28564,1,3,2
"24044",28565,1,2,1
"24045",28566,25,19,-6
"24046",28567,1,1,0
"24047",28568,0,2,2
"24048",28569,0,2,2
"24049",28570,0,1,1
"24050",28571,7,9,2
"24051",28572,2,0,-2
"24052",28573,3,0,-3
"24053",28574,0,2,2
"24054",28575,1,1,0
"24055",28576,2,0,-2
"24056",28578,0,5,5
"24057",28579,7,26,19
"24058",28580,0,1,1
"24059",28581,1,1,0
"24060",28582,5,5,0
"24061",28583,14,15,1
"24062",28584,2,0,-2
"24063",28585,5,8,3
"24064",28586,3,1,-2
"24065",28587,1,0,-1
"24066",28588,2,2,0
"24067",28589,0,3,3
"24068",28590,3,0,-3
"24069",28591,15,17,2
"24070",28592,2,2,0
"24071",28593,1,1,0
"24072",28595,2,4,2
"24073",28596,0,1,1
"24074",28597,2,1,-1
"24075",28598,5,3,-2
"24076",28599,1,1,0
"24077",28600,7,0,-7
"24078",28602,28,15,-13
"24079",28603,14,16,2
"24080",28604,1,8,7
"24081",28606,1,1,0
"24082",28607,1,0,-1
"24083",28608,15,10,-5
"24084",28609,0,1,1
"24085",28610,0,4,4
"24086",28611,5,1,-4
"24087",28612,0,1,1
"24088",28613,1,1,0
"24089",28614,4,3,-1
"24090",28615,16,7,-9
"24091",28616,2,1,-1
"24092",28617,16,20,4
"24093",28618,1,1,0
"24094",28619,1,0,-1
"24095",28620,54,22,-32
"24096",28621,54,52,-2
"24097",28622,5,2,-3
"24098",28623,1,1,0
"24099",28624,0,1,1
"24100",28626,52,37,-15
"24101",28627,20,16,-4
"24102",28628,0,1,1
"24103",28629,7,10,3
"24104",28630,2,1,-1
"24105",28632,21,14,-7
"24106",28633,3,1,-2
"24107",28634,1,7,6
"24108",28635,2,1,-1
"24109",28636,0,4,4
"24110",28637,7,4,-3
"24111",28638,2,0,-2
"24112",28639,7,45,38
"24113",28640,0,1,1
"24114",28641,3,1,-2
"24115",28642,1,3,2
"24116",28643,2,0,-2
"24117",28644,2,2,0
"24118",28645,2,2,0
"24119",28646,6,3,-3
"24120",28647,12,8,-4
"24121",28648,1,1,0
"24122",28649,4,2,-2
"24123",28650,1,1,0
"24124",28652,3,7,4
"24125",28653,6,4,-2
"24126",28654,4,0,-4
"24127",28657,1,0,-1
"24128",28658,1,0,-1
"24129",28659,1,0,-1
"24130",28660,6,1,-5
"24131",28661,6,14,8
"24132",28662,1,0,-1
"24133",28663,28,19,-9
"24134",28664,4,0,-4
"24135",28665,15,10,-5
"24136",28667,9,8,-1
"24137",28668,4,15,11
"24138",28669,0,1,1
"24139",28670,109,76,-33
"24140",28671,1,0,-1
"24141",28673,2,2,0
"24142",28674,7,2,-5
"24143",28675,1,3,2
"24144",28677,0,2,2
"24145",28678,134,70,-64
"24146",28679,5,4,-1
"24147",28680,3,2,-1
"24148",28682,3,0,-3
"24149",28683,0,1,1
"24150",28684,4,4,0
"24151",28686,15,7,-8
"24152",28687,2,10,8
"24153",28688,4,2,-2
"24154",28689,0,3,3
"24155",28690,9,48,39
"24156",28691,8,1,-7
"24157",28692,11,14,3
"24158",28693,1,1,0
"24159",28695,1,1,0
"24160",28696,1,2,1
"24161",28697,2,1,-1
"24162",28698,2,2,0
"24163",28700,1,0,-1
"24164",28701,4,3,-1
"24165",28702,5,19,14
"24166",28703,2,0,-2
"24167",28704,15,10,-5
"24168",28705,0,1,1
"24169",28706,0,1,1
"24170",28707,2,3,1
"24171",28708,1,1,0
"24172",28709,0,4,4
"24173",28710,1,2,1
"24174",28711,2,1,-1
"24175",28712,1,0,-1
"24176",28714,0,1,1
"24177",28715,0,1,1
"24178",28716,1,0,-1
"24179",28717,173,104,-69
"24180",28718,2,1,-1
"24181",28719,3,1,-2
"24182",28720,0,2,2
"24183",28721,1,1,0
"24184",28722,0,2,2
"24185",28723,1,0,-1
"24186",28724,10,4,-6
"24187",28725,17,15,-2
"24188",28726,1,0,-1
"24189",28728,4,4,0
"24190",28729,4,6,2
"24191",28730,129,83,-46
"24192",28732,1,0,-1
"24193",28733,1,0,-1
"24194",28734,8,2,-6
"24195",28735,37,36,-1
"24196",28736,2,0,-2
"24197",28737,10,8,-2
"24198",28738,1,0,-1
"24199",28739,4,0,-4
"24200",28740,1,0,-1
"24201",28741,1,1,0
"24202",28743,12,7,-5
"24203",28744,1,1,0
"24204",28745,3,2,-1
"24205",28746,2,1,-1
"24206",28747,18,9,-9
"24207",28748,1,2,1
"24208",28749,1,0,-1
"24209",28750,10,3,-7
"24210",28751,4,0,-4
"24211",28752,1,0,-1
"24212",28753,4,1,-3
"24213",28754,7,4,-3
"24214",28755,1,0,-1
"24215",28756,3,2,-1
"24216",28757,0,3,3
"24217",28758,13,7,-6
"24218",28759,10,3,-7
"24219",28760,1,3,2
"24220",28761,0,1,1
"24221",28762,1,1,0
"24222",28763,1,0,-1
"24223",28764,2,2,0
"24224",28767,113,86,-27
"24225",28768,1,1,0
"24226",28769,6,0,-6
"24227",28770,0,1,1
"24228",28771,22,7,-15
"24229",28772,1,2,1
"24230",28773,13,7,-6
"24231",28774,0,1,1
"24232",28775,13,4,-9
"24233",28777,2,1,-1
"24234",28778,6,8,2
"24235",28779,5,5,0
"24236",28780,1,7,6
"24237",28782,1,1,0
"24238",28783,1,2,1
"24239",28784,14,11,-3
"24240",28785,0,1,1
"24241",28786,0,4,4
"24242",28787,8,5,-3
"24243",28788,1,2,1
"24244",28790,5,11,6
"24245",28791,1,21,20
"24246",28792,3,6,3
"24247",28794,4,12,8
"24248",28797,2,1,-1
"24249",28798,117,91,-26
"24250",28799,2,2,0
"24251",28800,5,14,9
"24252",28801,3,14,11
"24253",28802,9,13,4
"24254",28803,3,6,3
"24255",28804,3,30,27
"24256",28805,0,1,1
"24257",28806,3,1,-2
"24258",28807,3,0,-3
"24259",28808,1,3,2
"24260",28809,3,0,-3
"24261",28810,0,1,1
"24262",28812,1,1,0
"24263",28813,105,108,3
"24264",28814,0,2,2
"24265",28815,0,2,2
"24266",28816,1,3,2
"24267",28817,27,22,-5
"24268",28818,18,14,-4
"24269",28819,1,3,2
"24270",28820,6,4,-2
"24271",28821,0,2,2
"24272",28822,4,4,0
"24273",28823,4,0,-4
"24274",28824,3,2,-1
"24275",28825,1,0,-1
"24276",28826,1,0,-1
"24277",28827,6,1,-5
"24278",28828,1,0,-1
"24279",28829,12,47,35
"24280",28830,2,3,1
"24281",28831,19,31,12
"24282",28833,0,1,1
"24283",28835,0,1,1
"24284",28836,1,3,2
"24285",28837,115,84,-31
"24286",28838,3,5,2
"24287",28839,0,1,1
"24288",28841,1,1,0
"24289",28842,2,6,4
"24290",28843,73,58,-15
"24291",28844,11,13,2
"24292",28846,6,1,-5
"24293",28847,1,1,0
"24294",28848,3,2,-1
"24295",28849,3,0,-3
"24296",28851,0,1,1
"24297",28852,1,1,0
"24298",28853,1,8,7
"24299",28855,1,0,-1
"24300",28856,97,69,-28
"24301",28857,2,0,-2
"24302",28858,1,1,0
"24303",28859,1,1,0
"24304",28860,5,3,-2
"24305",28861,3,3,0
"24306",28863,3,7,4
"24307",28864,0,2,2
"24308",28865,9,2,-7
"24309",28866,4,12,8
"24310",28867,1,0,-1
"24311",28868,5,2,-3
"24312",28869,3,1,-2
"24313",28870,7,1,-6
"24314",28871,25,12,-13
"24315",28872,2,4,2
"24316",28874,2,1,-1
"24317",28875,1,0,-1
"24318",28876,7,2,-5
"24319",28877,19,29,10
"24320",28878,80,46,-34
"24321",28879,0,1,1
"24322",28880,1,4,3
"24323",28881,1,0,-1
"24324",28882,0,1,1
"24325",28883,1,3,2
"24326",28884,16,6,-10
"24327",28885,0,4,4
"24328",28886,2,1,-1
"24329",28887,3,2,-1
"24330",28888,0,2,2
"24331",28889,4,4,0
"24332",28890,0,1,1
"24333",28892,7,2,-5
"24334",28893,4,1,-3
"24335",28894,1,3,2
"24336",28895,2,2,0
"24337",28896,1,0,-1
"24338",28900,2,3,1
"24339",28901,16,6,-10
"24340",28902,7,10,3
"24341",28903,0,1,1
"24342",28905,1,2,1
"24343",28906,2,4,2
"24344",28907,5,4,-1
"24345",28908,1,1,0
"24346",28909,19,13,-6
"24347",28910,20,41,21
"24348",28911,3,2,-1
"24349",28912,2,2,0
"24350",28913,0,1,1
"24351",28914,8,5,-3
"24352",28915,2,0,-2
"24353",28916,8,17,9
"24354",28917,0,1,1
"24355",28918,2,4,2
"24356",28919,1,1,0
"24357",28920,6,7,1
"24358",28921,2,3,1
"24359",28922,1,2,1
"24360",28923,2,1,-1
"24361",28924,1,3,2
"24362",28925,93,70,-23
"24363",28927,1,2,1
"24364",28928,1,3,2
"24365",28929,1,0,-1
"24366",28930,0,3,3
"24367",28931,0,1,1
"24368",28932,3,3,0
"24369",28933,3,3,0
"24370",28935,9,6,-3
"24371",28936,6,16,10
"24372",28937,0,2,2
"24373",28938,3,2,-1
"24374",28939,2,2,0
"24375",28940,4,12,8
"24376",28941,10,4,-6
"24377",28942,2,2,0
"24378",28943,0,1,1
"24379",28944,20,6,-14
"24380",28945,1,1,0
"24381",28946,4,4,0
"24382",28947,0,1,1
"24383",28948,5,7,2
"24384",28949,2,4,2
"24385",28950,2,0,-2
"24386",28954,19,14,-5
"24387",28955,2,2,0
"24388",28956,1,3,2
"24389",28957,24,16,-8
"24390",28958,13,6,-7
"24391",28959,20,6,-14
"24392",28960,0,1,1
"24393",28961,20,12,-8
"24394",28962,1,0,-1
"24395",28963,3,5,2
"24396",28964,17,10,-7
"24397",28965,1,0,-1
"24398",28967,1,0,-1
"24399",28968,1,4,3
"24400",28969,1,0,-1
"24401",28970,18,15,-3
"24402",28971,1,2,1
"24403",28972,5,1,-4
"24404",28973,2,3,1
"24405",28975,5,0,-5
"24406",28976,1,1,0
"24407",28977,8,8,0
"24408",28978,0,1,1
"24409",28979,2,1,-1
"24410",28980,152,113,-39
"24411",28981,3,2,-1
"24412",28982,6,7,1
"24413",28985,4,2,-2
"24414",28986,42,64,22
"24415",28987,7,4,-3
"24416",28988,3,2,-1
"24417",28989,2,5,3
"24418",28990,1,8,7
"24419",28991,7,9,2
"24420",28992,1,2,1
"24421",28993,1,2,1
"24422",28994,3,0,-3
"24423",28995,1,1,0
"24424",28996,2,2,0
"24425",28998,8,9,1
"24426",28999,16,6,-10
"24427",29001,0,1,1
"24428",29002,2,1,-1
"24429",29003,56,45,-11
"24430",29004,24,38,14
"24431",29005,1,0,-1
"24432",29006,6,4,-2
"24433",29009,1,0,-1
"24434",29010,2,4,2
"24435",29011,8,17,9
"24436",29012,1,2,1
"24437",29013,3,4,1
"24438",29014,4,3,-1
"24439",29015,2,7,5
"24440",29016,2,1,-1
"24441",29017,0,2,2
"24442",29018,0,1,1
"24443",29019,2,0,-2
"24444",29020,0,1,1
"24445",29022,2,1,-1
"24446",29023,1,1,0
"24447",29024,2,0,-2
"24448",29025,2,0,-2
"24449",29026,1,1,0
"24450",29027,2,3,1
"24451",29029,0,1,1
"24452",29030,43,31,-12
"24453",29031,5,8,3
"24454",29032,9,12,3
"24455",29033,4,8,4
"24456",29034,1,1,0
"24457",29035,3,2,-1
"24458",29036,1,0,-1
"24459",29037,12,13,1
"24460",29039,15,7,-8
"24461",29040,117,85,-32
"24462",29041,0,4,4
"24463",29043,4,9,5
"24464",29044,4,2,-2
"24465",29045,2,0,-2
"24466",29046,1,0,-1
"24467",29047,1,1,0
"24468",29049,9,14,5
"24469",29050,1,1,0
"24470",29051,2,3,1
"24471",29052,4,1,-3
"24472",29053,3,1,-2
"24473",29054,56,25,-31
"24474",29055,132,76,-56
"24475",29057,1,0,-1
"24476",29058,3,8,5
"24477",29059,0,1,1
"24478",29061,7,4,-3
"24479",29062,3,5,2
"24480",29063,0,3,3
"24481",29064,20,6,-14
"24482",29065,0,2,2
"24483",29066,1,0,-1
"24484",29068,2,1,-1
"24485",29069,1,1,0
"24486",29070,20,19,-1
"24487",29071,105,76,-29
"24488",29072,2,0,-2
"24489",29073,21,5,-16
"24490",29074,1,0,-1
"24491",29075,1,1,0
"24492",29076,0,6,6
"24493",29077,1,6,5
"24494",29078,2,8,6
"24495",29079,4,5,1
"24496",29080,9,6,-3
"24497",29082,2,2,0
"24498",29083,0,3,3
"24499",29084,7,7,0
"24500",29085,2,3,1
"24501",29086,3,1,-2
"24502",29087,4,6,2
"24503",29088,1,0,-1
"24504",29089,9,10,1
"24505",29090,1,0,-1
"24506",29091,0,2,2
"24507",29092,5,3,-2
"24508",29094,0,2,2
"24509",29095,0,2,2
"24510",29096,0,1,1
"24511",29097,6,8,2
"24512",29098,0,1,1
"24513",29099,6,1,-5
"24514",29100,34,30,-4
"24515",29101,1,2,1
"24516",29102,6,1,-5
"24517",29104,1,1,0
"24518",29105,1,0,-1
"24519",29106,0,2,2
"24520",29107,31,6,-25
"24521",29108,9,7,-2
"24522",29109,3,2,-1
"24523",29110,5,3,-2
"24524",29111,5,8,3
"24525",29112,29,6,-23
"24526",29113,8,4,-4
"24527",29115,8,4,-4
"24528",29116,0,1,1
"24529",29118,3,2,-1
"24530",29119,11,15,4
"24531",29120,12,6,-6
"24532",29121,1,1,0
"24533",29122,4,9,5
"24534",29123,1,1,0
"24535",29124,1,0,-1
"24536",29125,2,2,0
"24537",29126,2,3,1
"24538",29127,21,9,-12
"24539",29128,15,6,-9
"24540",29129,3,3,0
"24541",29130,0,1,1
"24542",29131,2,0,-2
"24543",29132,2,4,2
"24544",29133,16,9,-7
"24545",29134,2,1,-1
"24546",29135,0,3,3
"24547",29136,4,0,-4
"24548",29139,2,5,3
"24549",29140,1,1,0
"24550",29141,19,11,-8
"24551",29142,0,4,4
"24552",29143,0,1,1
"24553",29144,1,1,0
"24554",29146,10,5,-5
"24555",29147,3,3,0
"24556",29148,5,2,-3
"24557",29149,4,2,-2
"24558",29150,1,0,-1
"24559",29151,0,2,2
"24560",29152,2,5,3
"24561",29153,1,1,0
"24562",29157,2,0,-2
"24563",29158,10,5,-5
"24564",29159,1,2,1
"24565",29160,14,7,-7
"24566",29161,14,61,47
"24567",29162,2,3,1
"24568",29163,9,4,-5
"24569",29165,7,11,4
"24570",29166,135,85,-50
"24571",29167,2,3,1
"24572",29168,3,2,-1
"24573",29170,121,79,-42
"24574",29172,0,1,1
"24575",29173,1,8,7
"24576",29174,2,3,1
"24577",29175,1,2,1
"24578",29177,3,3,0
"24579",29178,16,12,-4
"24580",29179,1,0,-1
"24581",29180,7,12,5
"24582",29181,4,4,0
"24583",29182,9,4,-5
"24584",29183,16,8,-8
"24585",29185,0,4,4
"24586",29186,7,5,-2
"24587",29189,0,2,2
"24588",29190,22,15,-7
"24589",29191,1,2,1
"24590",29192,2,0,-2
"24591",29193,4,1,-3
"24592",29194,1,0,-1
"24593",29195,4,6,2
"24594",29196,40,56,16
"24595",29197,1,1,0
"24596",29199,0,2,2
"24597",29200,12,4,-8
"24598",29201,0,2,2
"24599",29202,31,21,-10
"24600",29203,15,45,30
"24601",29204,1,2,1
"24602",29205,15,8,-7
"24603",29206,7,0,-7
"24604",29207,7,20,13
"24605",29208,2,5,3
"24606",29209,5,11,6
"24607",29210,6,10,4
"24608",29211,1,0,-1
"24609",29212,4,2,-2
"24610",29213,0,1,1
"24611",29214,10,4,-6
"24612",29215,1,6,5
"24613",29216,12,8,-4
"24614",29218,20,13,-7
"24615",29219,1,2,1
"24616",29220,22,11,-11
"24617",29221,6,1,-5
"24618",29223,1,1,0
"24619",29225,2,3,1
"24620",29226,1,3,2
"24621",29228,2,4,2
"24622",29229,0,3,3
"24623",29230,30,20,-10
"24624",29231,1,4,3
"24625",29232,3,1,-2
"24626",29233,1,1,0
"24627",29234,9,3,-6
"24628",29235,0,2,2
"24629",29236,1,1,0
"24630",29237,0,2,2
"24631",29240,2,9,7
"24632",29241,4,6,2
"24633",29242,11,13,2
"24634",29243,0,1,1
"24635",29245,3,5,2
"24636",29246,5,11,6
"24637",29247,2,1,-1
"24638",29248,3,3,0
"24639",29249,0,3,3
"24640",29251,1,0,-1
"24641",29252,7,5,-2
"24642",29253,2,0,-2
"24643",29254,0,2,2
"24644",29255,1,0,-1
"24645",29256,1,1,0
"24646",29257,131,75,-56
"24647",29258,2,2,0
"24648",29259,17,40,23
"24649",29260,0,3,3
"24650",29261,1,0,-1
"24651",29263,16,7,-9
"24652",29264,7,4,-3
"24653",29265,15,4,-11
"24654",29266,17,14,-3
"24655",29267,0,1,1
"24656",29268,1,1,0
"24657",29269,2,0,-2
"24658",29270,21,9,-12
"24659",29271,7,12,5
"24660",29272,1,0,-1
"24661",29273,13,8,-5
"24662",29275,0,1,1
"24663",29276,145,99,-46
"24664",29277,1,1,0
"24665",29278,4,10,6
"24666",29279,2,1,-1
"24667",29280,0,2,2
"24668",29281,3,1,-2
"24669",29282,3,8,5
"24670",29283,4,4,0
"24671",29285,17,15,-2
"24672",29286,3,1,-2
"24673",29287,1,4,3
"24674",29288,3,4,1
"24675",29289,5,1,-4
"24676",29292,2,5,3
"24677",29293,3,0,-3
"24678",29294,0,2,2
"24679",29295,6,7,1
"24680",29297,1,0,-1
"24681",29298,3,0,-3
"24682",29299,7,4,-3
"24683",29300,1,3,2
"24684",29301,6,1,-5
"24685",29302,0,1,1
"24686",29303,1,2,1
"24687",29304,7,4,-3
"24688",29305,0,1,1
"24689",29306,14,11,-3
"24690",29307,2,2,0
"24691",29308,4,15,11
"24692",29309,2,0,-2
"24693",29310,1,6,5
"24694",29311,4,4,0
"24695",29312,2,1,-1
"24696",29313,5,4,-1
"24697",29314,1,3,2
"24698",29315,3,1,-2
"24699",29316,1,6,5
"24700",29317,7,5,-2
"24701",29318,3,1,-2
"24702",29319,1,2,1
"24703",29320,7,1,-6
"24704",29321,13,13,0
"24705",29322,2,3,1
"24706",29323,0,3,3
"24707",29324,20,28,8
"24708",29325,9,14,5
"24709",29326,6,0,-6
"24710",29328,1,0,-1
"24711",29329,22,25,3
"24712",29330,2,0,-2
"24713",29331,0,3,3
"24714",29332,18,6,-12
"24715",29333,1,1,0
"24716",29334,2,2,0
"24717",29335,2,15,13
"24718",29337,15,45,30
"24719",29339,3,2,-1
"24720",29341,0,1,1
"24721",29342,1,5,4
"24722",29343,1,1,0
"24723",29344,3,0,-3
"24724",29345,3,2,-1
"24725",29346,1,2,1
"24726",29347,4,4,0
"24727",29348,10,8,-2
"24728",29349,9,12,3
"24729",29350,0,1,1
"24730",29351,0,1,1
"24731",29352,2,4,2
"24732",29353,7,6,-1
"24733",29354,157,101,-56
"24734",29355,2,0,-2
"24735",29356,0,1,1
"24736",29357,1,1,0
"24737",29358,8,5,-3
"24738",29359,1,1,0
"24739",29360,7,3,-4
"24740",29361,5,2,-3
"24741",29362,3,1,-2
"24742",29363,13,10,-3
"24743",29364,3,4,1
"24744",29365,12,6,-6
"24745",29366,0,5,5
"24746",29367,1,3,2
"24747",29368,3,2,-1
"24748",29369,18,14,-4
"24749",29371,4,12,8
"24750",29372,26,20,-6
"24751",29374,2,0,-2
"24752",29375,134,77,-57
"24753",29376,7,20,13
"24754",29377,6,12,6
"24755",29378,149,70,-79
"24756",29379,0,2,2
"24757",29381,8,3,-5
"24758",29383,13,6,-7
"24759",29384,20,14,-6
"24760",29385,19,7,-12
"24761",29386,1,2,1
"24762",29387,0,1,1
"24763",29388,1,12,11
"24764",29389,0,1,1
"24765",29390,3,7,4
"24766",29391,6,7,1
"24767",29392,4,3,-1
"24768",29393,0,6,6
"24769",29394,1,0,-1
"24770",29395,12,6,-6
"24771",29396,8,5,-3
"24772",29398,0,1,1
"24773",29399,0,1,1
"24774",29400,1,0,-1
"24775",29401,0,7,7
"24776",29402,2,1,-1
"24777",29403,2,3,1
"24778",29404,0,3,3
"24779",29405,1,0,-1
"24780",29406,1,0,-1
"24781",29408,1,1,0
"24782",29409,0,2,2
"24783",29410,3,1,-2
"24784",29411,1,3,2
"24785",29412,10,17,7
"24786",29413,4,3,-1
"24787",29415,0,1,1
"24788",29416,7,3,-4
"24789",29417,9,7,-2
"24790",29419,15,12,-3
"24791",29420,4,3,-1
"24792",29421,5,3,-2
"24793",29422,1,7,6
"24794",29423,19,11,-8
"24795",29424,0,2,2
"24796",29425,34,42,8
"24797",29426,2,3,1
"24798",29427,1,5,4
"24799",29428,2,5,3
"24800",29431,0,2,2
"24801",29432,1,0,-1
"24802",29433,4,4,0
"24803",29435,7,8,1
"24804",29436,8,8,0
"24805",29437,0,4,4
"24806",29438,4,17,13
"24807",29439,3,6,3
"24808",29440,4,0,-4
"24809",29441,3,1,-2
"24810",29442,0,1,1
"24811",29443,4,1,-3
"24812",29444,8,10,2
"24813",29445,1,0,-1
"24814",29446,0,2,2
"24815",29448,1,2,1
"24816",29449,1,0,-1
"24817",29450,1,3,2
"24818",29453,4,1,-3
"24819",29454,10,6,-4
"24820",29455,0,5,5
"24821",29456,2,0,-2
"24822",29457,1,3,2
"24823",29458,0,1,1
"24824",29459,28,21,-7
"24825",29460,2,0,-2
"24826",29461,20,10,-10
"24827",29462,4,4,0
"24828",29463,0,2,2
"24829",29464,5,2,-3
"24830",29466,3,2,-1
"24831",29467,2,2,0
"24832",29468,1,1,0
"24833",29469,4,0,-4
"24834",29470,2,3,1
"24835",29471,3,2,-1
"24836",29473,3,2,-1
"24837",29474,3,4,1
"24838",29475,0,4,4
"24839",29476,5,1,-4
"24840",29477,4,1,-3
"24841",29478,1,1,0
"24842",29479,4,2,-2
"24843",29481,7,5,-2
"24844",29482,0,1,1
"24845",29483,4,0,-4
"24846",29484,4,2,-2
"24847",29485,0,2,2
"24848",29486,7,0,-7
"24849",29487,2,2,0
"24850",29488,6,11,5
"24851",29489,6,6,0
"24852",29490,5,5,0
"24853",29491,0,4,4
"24854",29492,1,4,3
"24855",29493,27,7,-20
"24856",29494,1,1,0
"24857",29495,15,8,-7
"24858",29496,1,0,-1
"24859",29497,0,1,1
"24860",29498,4,1,-3
"24861",29499,0,2,2
"24862",29501,0,2,2
"24863",29502,2,2,0
"24864",29503,11,2,-9
"24865",29504,209,85,-124
"24866",29506,2,2,0
"24867",29507,16,7,-9
"24868",29508,16,11,-5
"24869",29509,0,1,1
"24870",29510,1,7,6
"24871",29511,0,1,1
"24872",29512,1,6,5
"24873",29513,29,21,-8
"24874",29515,3,14,11
"24875",29516,1,1,0
"24876",29517,3,2,-1
"24877",29518,2,2,0
"24878",29519,2,11,9
"24879",29520,1,0,-1
"24880",29521,0,1,1
"24881",29522,0,1,1
"24882",29523,1,2,1
"24883",29524,0,1,1
"24884",29525,2,3,1
"24885",29526,7,6,-1
"24886",29527,3,7,4
"24887",29528,1,1,0
"24888",29529,0,1,1
"24889",29530,1,0,-1
"24890",29531,0,1,1
"24891",29533,4,1,-3
"24892",29534,85,64,-21
"24893",29535,8,13,5
"24894",29536,21,13,-8
"24895",29537,7,6,-1
"24896",29538,9,6,-3
"24897",29539,3,8,5
"24898",29541,2,10,8
"24899",29542,2,6,4
"24900",29543,52,54,2
"24901",29544,2,3,1
"24902",29545,0,3,3
"24903",29546,2,0,-2
"24904",29547,9,7,-2
"24905",29548,3,1,-2
"24906",29549,0,3,3
"24907",29550,0,1,1
"24908",29551,1,3,2
"24909",29553,75,44,-31
"24910",29554,1,0,-1
"24911",29555,1,1,0
"24912",29556,1,4,3
"24913",29557,3,3,0
"24914",29558,4,2,-2
"24915",29559,11,9,-2
"24916",29560,3,2,-1
"24917",29561,126,94,-32
"24918",29563,1,2,1
"24919",29564,133,91,-42
"24920",29565,1,1,0
"24921",29566,2,0,-2
"24922",29567,1,1,0
"24923",29568,28,16,-12
"24924",29569,47,55,8
"24925",29570,15,9,-6
"24926",29571,2,1,-1
"24927",29572,6,4,-2
"24928",29573,2,4,2
"24929",29574,13,14,1
"24930",29575,3,6,3
"24931",29577,4,4,0
"24932",29578,0,3,3
"24933",29579,1,3,2
"24934",29580,0,1,1
"24935",29581,3,6,3
"24936",29582,28,15,-13
"24937",29583,1,1,0
"24938",29584,10,2,-8
"24939",29585,4,0,-4
"24940",29586,1,1,0
"24941",29587,1,4,3
"24942",29588,2,2,0
"24943",29589,0,6,6
"24944",29590,1,0,-1
"24945",29591,2,12,10
"24946",29592,1,2,1
"24947",29593,1,2,1
"24948",29594,4,1,-3
"24949",29595,7,10,3
"24950",29597,2,2,0
"24951",29598,2,2,0
"24952",29599,0,3,3
"24953",29601,1,1,0
"24954",29602,10,4,-6
"24955",29603,17,15,-2
"24956",29604,2,0,-2
"24957",29605,0,1,1
"24958",29606,21,25,4
"24959",29607,1,1,0
"24960",29608,5,2,-3
"24961",29609,4,6,2
"24962",29610,3,2,-1
"24963",29611,3,4,1
"24964",29612,60,52,-8
"24965",29614,152,98,-54
"24966",29615,1,6,5
"24967",29616,24,14,-10
"24968",29617,0,1,1
"24969",29618,9,1,-8
"24970",29619,0,1,1
"24971",29620,2,4,2
"24972",29621,0,1,1
"24973",29623,4,5,1
"24974",29624,5,11,6
"24975",29625,8,7,-1
"24976",29626,0,2,2
"24977",29627,0,1,1
"24978",29628,0,1,1
"24979",29629,4,1,-3
"24980",29630,1,1,0
"24981",29631,18,22,4
"24982",29632,1,12,11
"24983",29633,22,13,-9
"24984",29634,6,4,-2
"24985",29635,5,9,4
"24986",29636,2,3,1
"24987",29637,1,1,0
"24988",29638,5,2,-3
"24989",29639,5,14,9
"24990",29640,2,7,5
"24991",29641,0,2,2
"24992",29642,1,3,2
"24993",29643,3,2,-1
"24994",29644,9,13,4
"24995",29645,1,0,-1
"24996",29646,142,105,-37
"24997",29647,20,10,-10
"24998",29648,6,7,1
"24999",29649,10,1,-9
"25000",29650,1,3,2
"25001",29651,1,0,-1
"25002",29652,3,8,5
"25003",29653,8,4,-4
"25004",29654,0,3,3
"25005",29655,10,11,1
"25006",29656,6,3,-3
"25007",29657,8,8,0
"25008",29659,10,1,-9
"25009",29660,4,0,-4
"25010",29661,14,6,-8
"25011",29662,1,3,2
"25012",29663,26,30,4
"25013",29664,11,14,3
"25014",29665,1,2,1
"25015",29666,23,23,0
"25016",29667,13,16,3
"25017",29668,2,2,0
"25018",29669,3,10,7
"25019",29670,3,2,-1
"25020",29671,19,11,-8
"25021",29672,3,3,0
"25022",29673,1,0,-1
"25023",29674,43,39,-4
"25024",29675,17,14,-3
"25025",29676,1,0,-1
"25026",29677,2,1,-1
"25027",29678,1,1,0
"25028",29679,2,0,-2
"25029",29680,1,0,-1
"25030",29681,0,2,2
"25031",29682,0,1,1
"25032",29683,2,9,7
"25033",29684,107,98,-9
"25034",29685,1,0,-1
"25035",29686,2,5,3
"25036",29687,18,17,-1
"25037",29688,1,3,2
"25038",29689,84,53,-31
"25039",29690,1,0,-1
"25040",29691,1,0,-1
"25041",29692,2,4,2
"25042",29693,1,0,-1
"25043",29694,2,0,-2
"25044",29695,136,80,-56
"25045",29697,12,6,-6
"25046",29698,1,5,4
"25047",29699,1,0,-1
"25048",29700,1,6,5
"25049",29701,1,7,6
"25050",29702,1,0,-1
"25051",29703,0,1,1
"25052",29704,2,5,3
"25053",29705,3,3,0
"25054",29706,1,9,8
"25055",29708,1,2,1
"25056",29709,14,10,-4
"25057",29710,1,0,-1
"25058",29711,12,6,-6
"25059",29713,16,16,0
"25060",29714,3,9,6
"25061",29715,1,1,0
"25062",29716,0,2,2
"25063",29717,3,2,-1
"25064",29718,18,32,14
"25065",29719,16,10,-6
"25066",29720,1,1,0
"25067",29721,1,0,-1
"25068",29722,0,1,1
"25069",29723,2,0,-2
"25070",29724,2,1,-1
"25071",29725,3,2,-1
"25072",29726,4,4,0
"25073",29727,0,1,1
"25074",29728,4,7,3
"25075",29729,0,1,1
"25076",29731,2,1,-1
"25077",29732,3,4,1
"25078",29733,1,2,1
"25079",29734,3,1,-2
"25080",29735,1,2,1
"25081",29737,1,1,0
"25082",29739,0,1,1
"25083",29740,1,4,3
"25084",29741,13,12,-1
"25085",29744,0,2,2
"25086",29745,141,99,-42
"25087",29746,0,2,2
"25088",29747,0,3,3
"25089",29748,2,1,-1
"25090",29749,1,0,-1
"25091",29750,1,1,0
"25092",29751,2,2,0
"25093",29752,1,1,0
"25094",29753,27,20,-7
"25095",29755,3,2,-1
"25096",29756,5,4,-1
"25097",29757,22,10,-12
"25098",29758,0,1,1
"25099",29759,3,17,14
"25100",29760,0,1,1
"25101",29762,2,0,-2
"25102",29763,1,0,-1
"25103",29764,0,3,3
"25104",29765,1,0,-1
"25105",29766,9,12,3
"25106",29767,14,13,-1
"25107",29768,0,2,2
"25108",29771,2,1,-1
"25109",29772,5,7,2
"25110",29773,4,3,-1
"25111",29774,0,1,1
"25112",29775,13,9,-4
"25113",29776,11,4,-7
"25114",29777,0,1,1
"25115",29778,2,3,1
"25116",29779,0,1,1
"25117",29780,1,3,2
"25118",29782,1,5,4
"25119",29783,10,8,-2
"25120",29784,13,14,1
"25121",29785,0,2,2
"25122",29787,4,5,1
"25123",29789,6,4,-2
"25124",29790,1,0,-1
"25125",29791,3,1,-2
"25126",29792,0,1,1
"25127",29793,1,1,0
"25128",29795,0,2,2
"25129",29796,21,26,5
"25130",29797,7,19,12
"25131",29798,2,1,-1
"25132",29801,1,0,-1
"25133",29802,2,2,0
"25134",29803,11,17,6
"25135",29804,0,4,4
"25136",29805,3,2,-1
"25137",29806,1,0,-1
"25138",29807,0,1,1
"25139",29808,0,1,1
"25140",29809,6,2,-4
"25141",29810,3,0,-3
"25142",29811,1,0,-1
"25143",29813,2,6,4
"25144",29814,1,3,2
"25145",29815,3,1,-2
"25146",29816,4,3,-1
"25147",29817,8,7,-1
"25148",29818,1,3,2
"25149",29819,21,12,-9
"25150",29820,2,2,0
"25151",29821,0,3,3
"25152",29822,2,5,3
"25153",29823,0,1,1
"25154",29824,1,0,-1
"25155",29825,1,4,3
"25156",29826,1,4,3
"25157",29828,3,2,-1
"25158",29829,4,3,-1
"25159",29832,15,6,-9
"25160",29833,3,1,-2
"25161",29834,43,34,-9
"25162",29835,2,0,-2
"25163",29836,0,1,1
"25164",29837,2,2,0
"25165",29838,1,0,-1
"25166",29840,65,54,-11
"25167",29841,1,2,1
"25168",29842,12,30,18
"25169",29843,5,5,0
"25170",29844,1,1,0
"25171",29845,158,111,-47
"25172",29846,136,86,-50
"25173",29847,1,2,1
"25174",29848,0,9,9
"25175",29849,1,5,4
"25176",29852,0,1,1
"25177",29853,2,3,1
"25178",29856,4,3,-1
"25179",29857,3,8,5
"25180",29858,3,1,-2
"25181",29859,4,0,-4
"25182",29860,0,1,1
"25183",29862,0,1,1
"25184",29863,3,3,0
"25185",29864,2,2,0
"25186",29865,22,14,-8
"25187",29866,0,2,2
"25188",29867,0,2,2
"25189",29868,4,5,1
"25190",29870,2,1,-1
"25191",29872,1,0,-1
"25192",29873,3,1,-2
"25193",29874,21,9,-12
"25194",29875,5,1,-4
"25195",29876,1,2,1
"25196",29877,0,1,1
"25197",29879,10,4,-6
"25198",29880,1,6,5
"25199",29881,2,2,0
"25200",29882,8,3,-5
"25201",29883,1,1,0
"25202",29884,1,0,-1
"25203",29885,3,0,-3
"25204",29886,0,1,1
"25205",29887,2,5,3
"25206",29888,0,1,1
"25207",29890,21,14,-7
"25208",29891,2,4,2
"25209",29892,1,0,-1
"25210",29893,1,0,-1
"25211",29894,1,0,-1
"25212",29895,1,1,0
"25213",29896,2,0,-2
"25214",29897,2,1,-1
"25215",29899,23,12,-11
"25216",29900,2,2,0
"25217",29902,2,0,-2
"25218",29903,3,1,-2
"25219",29904,3,9,6
"25220",29905,7,4,-3
"25221",29906,2,3,1
"25222",29907,15,9,-6
"25223",29908,141,70,-71
"25224",29909,95,93,-2
"25225",29910,83,62,-21
"25226",29911,120,78,-42
"25227",29912,2,6,4
"25228",29913,1,1,0
"25229",29915,4,0,-4
"25230",29916,0,1,1
"25231",29917,1,7,6
"25232",29918,1,0,-1
"25233",29919,1,0,-1
"25234",29921,8,9,1
"25235",29922,1,0,-1
"25236",29923,2,2,0
"25237",29924,1,1,0
"25238",29926,8,10,2
"25239",29927,4,5,1
"25240",29928,2,0,-2
"25241",29929,2,1,-1
"25242",29930,0,4,4
"25243",29931,1,0,-1
"25244",29932,0,3,3
"25245",29933,6,9,3
"25246",29934,0,4,4
"25247",29937,4,0,-4
"25248",29938,34,16,-18
"25249",29939,1,0,-1
"25250",29940,3,2,-1
"25251",29941,5,10,5
"25252",29942,17,10,-7
"25253",29943,0,2,2
"25254",29944,17,14,-3
"25255",29945,0,2,2
"25256",29946,1,0,-1
"25257",29947,7,11,4
"25258",29948,2,1,-1
"25259",29950,8,2,-6
"25260",29951,1,3,2
"25261",29952,1,1,0
"25262",29953,1,0,-1
"25263",29954,4,4,0
"25264",29955,3,3,0
"25265",29956,2,1,-1
"25266",29957,0,2,2
"25267",29958,1,4,3
"25268",29960,98,64,-34
"25269",29961,60,44,-16
"25270",29962,107,85,-22
"25271",29963,1,3,2
"25272",29965,13,13,0
"25273",29966,2,1,-1
"25274",29967,14,22,8
"25275",29968,8,9,1
"25276",29969,23,14,-9
"25277",29970,0,1,1
"25278",29971,10,12,2
"25279",29972,1,1,0
"25280",29973,125,72,-53
"25281",29974,2,3,1
"25282",29975,11,14,3
"25283",29976,10,3,-7
"25284",29977,7,6,-1
"25285",29978,0,1,1
"25286",29979,0,1,1
"25287",29980,8,18,10
"25288",29981,2,1,-1
"25289",29982,5,3,-2
"25290",29984,4,4,0
"25291",29985,8,10,2
"25292",29986,1,2,1
"25293",29987,7,4,-3
"25294",29988,4,4,0
"25295",29989,9,8,-1
"25296",29991,2,3,1
"25297",29993,2,0,-2
"25298",29997,4,21,17
"25299",29998,4,1,-3
"25300",29999,3,1,-2
"25301",30000,1,0,-1
"25302",30001,0,3,3
"25303",30004,31,15,-16
"25304",30005,21,14,-7
"25305",30006,0,3,3
"25306",30007,138,77,-61
"25307",30009,1,2,1
"25308",30010,2,3,1
"25309",30012,12,9,-3
"25310",30013,1,0,-1
"25311",30014,165,78,-87
"25312",30015,0,2,2
"25313",30017,94,77,-17
"25314",30018,8,10,2
"25315",30019,3,3,0
"25316",30022,9,6,-3
"25317",30023,1,0,-1
"25318",30024,7,4,-3
"25319",30025,0,1,1
"25320",30026,38,38,0
"25321",30027,0,2,2
"25322",30028,9,20,11
"25323",30029,2,5,3
"25324",30030,35,41,6
"25325",30032,51,48,-3
"25326",30033,1,0,-1
"25327",30034,3,2,-1
"25328",30035,15,8,-7
"25329",30036,17,57,40
"25330",30037,23,14,-9
"25331",30038,2,0,-2
"25332",30039,0,6,6
"25333",30040,13,51,38
"25334",30042,2,0,-2
"25335",30043,1,0,-1
"25336",30044,0,6,6
"25337",30045,1,2,1
"25338",30046,3,8,5
"25339",30047,1,0,-1
"25340",30048,131,76,-55
"25341",30049,18,8,-10
"25342",30051,1,0,-1
"25343",30052,2,1,-1
"25344",30053,11,7,-4
"25345",30054,37,30,-7
"25346",30055,1,1,0
"25347",30056,10,1,-9
"25348",30058,1,0,-1
"25349",30059,132,87,-45
"25350",30060,2,2,0
"25351",30061,0,1,1
"25352",30062,1,0,-1
"25353",30063,1,2,1
"25354",30065,139,91,-48
"25355",30066,0,2,2
"25356",30067,4,3,-1
"25357",30068,2,1,-1
"25358",30070,28,13,-15
"25359",30071,7,7,0
"25360",30072,4,0,-4
"25361",30073,0,3,3
"25362",30074,63,35,-28
"25363",30076,24,25,1
"25364",30077,113,63,-50
"25365",30078,5,2,-3
"25366",30079,10,12,2
"25367",30080,7,0,-7
"25368",30081,9,6,-3
"25369",30082,19,7,-12
"25370",30083,2,1,-1
"25371",30084,2,7,5
"25372",30085,20,9,-11
"25373",30086,129,90,-39
"25374",30087,5,8,3
"25375",30088,0,1,1
"25376",30089,1,1,0
"25377",30090,2,0,-2
"25378",30092,4,0,-4
"25379",30093,1,1,0
"25380",30094,0,1,1
"25381",30095,1,0,-1
"25382",30096,1,1,0
"25383",30097,138,63,-75
"25384",30100,3,3,0
"25385",30101,10,8,-2
"25386",30102,1,2,1
"25387",30103,0,1,1
"25388",30105,0,1,1
"25389",30107,2,1,-1
"25390",30108,2,9,7
"25391",30109,1,1,0
"25392",30110,0,1,1
"25393",30111,2,0,-2
"25394",30113,0,1,1
"25395",30114,1,0,-1
"25396",30115,8,6,-2
"25397",30116,7,2,-5
"25398",30117,6,22,16
"25399",30119,1,2,1
"25400",30120,1,0,-1
"25401",30121,3,2,-1
"25402",30122,0,1,1
"25403",30123,0,1,1
"25404",30124,1,1,0
"25405",30125,6,5,-1
"25406",30126,1,1,0
"25407",30127,3,3,0
"25408",30128,3,2,-1
"25409",30129,2,3,1
"25410",30130,0,1,1
"25411",30131,17,7,-10
"25412",30133,82,63,-19
"25413",30136,147,85,-62
"25414",30137,6,6,0
"25415",30138,4,1,-3
"25416",30139,10,8,-2
"25417",30140,1,7,6
"25418",30141,8,4,-4
"25419",30142,2,5,3
"25420",30143,2,3,1
"25421",30144,7,10,3
"25422",30145,1,0,-1
"25423",30146,2,4,2
"25424",30147,2,11,9
"25425",30148,7,6,-1
"25426",30149,14,18,4
"25427",30150,2,1,-1
"25428",30151,0,1,1
"25429",30153,12,15,3
"25430",30154,10,4,-6
"25431",30155,1,0,-1
"25432",30156,1,0,-1
"25433",30157,0,2,2
"25434",30158,8,4,-4
"25435",30159,6,10,4
"25436",30160,2,0,-2
"25437",30161,1,1,0
"25438",30162,44,31,-13
"25439",30163,8,4,-4
"25440",30164,0,1,1
"25441",30165,1,2,1
"25442",30166,0,1,1
"25443",30167,4,1,-3
"25444",30168,32,48,16
"25445",30169,0,4,4
"25446",30170,20,10,-10
"25447",30171,0,1,1
"25448",30172,8,4,-4
"25449",30173,2,0,-2
"25450",30175,0,2,2
"25451",30176,0,1,1
"25452",30177,19,28,9
"25453",30179,0,1,1
"25454",30180,0,1,1
"25455",30181,11,33,22
"25456",30185,10,18,8
"25457",30188,9,3,-6
"25458",30189,0,2,2
"25459",30190,2,1,-1
"25460",30191,1,7,6
"25461",30194,6,10,4
"25462",30195,0,1,1
"25463",30196,2,23,21
"25464",30197,3,2,-1
"25465",30198,10,20,10
"25466",30199,34,52,18
"25467",30200,1,0,-1
"25468",30201,2,1,-1
"25469",30202,1,0,-1
"25470",30203,1,3,2
"25471",30204,1,0,-1
"25472",30205,81,74,-7
"25473",30206,132,67,-65
"25474",30207,1,0,-1
"25475",30208,1,0,-1
"25476",30211,3,13,10
"25477",30212,1,3,2
"25478",30213,2,1,-1
"25479",30214,2,8,6
"25480",30215,7,1,-6
"25481",30216,12,11,-1
"25482",30217,15,4,-11
"25483",30218,135,93,-42
"25484",30219,0,2,2
"25485",30220,1,2,1
"25486",30221,9,5,-4
"25487",30222,21,13,-8
"25488",30223,0,1,1
"25489",30224,1,0,-1
"25490",30226,1,1,0
"25491",30229,6,4,-2
"25492",30230,7,5,-2
"25493",30231,0,2,2
"25494",30232,0,1,1
"25495",30233,11,5,-6
"25496",30234,1,1,0
"25497",30235,4,9,5
"25498",30238,1,0,-1
"25499",30239,4,7,3
"25500",30240,5,19,14
"25501",30241,1,2,1
"25502",30242,10,2,-8
"25503",30243,2,3,1
"25504",30244,6,6,0
"25505",30245,3,1,-2
"25506",30246,0,2,2
"25507",30248,89,47,-42
"25508",30249,1,2,1
"25509",30250,2,1,-1
"25510",30251,2,3,1
"25511",30252,1,1,0
"25512",30253,1,2,1
"25513",30254,9,7,-2
"25514",30255,14,10,-4
"25515",30256,2,0,-2
"25516",30257,1,1,0
"25517",30258,2,0,-2
"25518",30259,3,1,-2
"25519",30260,1,0,-1
"25520",30261,1,1,0
"25521",30262,1,1,0
"25522",30264,3,2,-1
"25523",30265,1,0,-1
"25524",30267,19,13,-6
"25525",30269,3,1,-2
"25526",30270,6,4,-2
"25527",30271,2,13,11
"25528",30272,1,0,-1
"25529",30273,1,1,0
"25530",30274,3,1,-2
"25531",30275,1,0,-1
"25532",30276,1,1,0
"25533",30277,8,3,-5
"25534",30278,0,2,2
"25535",30279,4,7,3
"25536",30281,1,1,0
"25537",30282,8,3,-5
"25538",30283,6,0,-6
"25539",30284,5,4,-1
"25540",30285,1,1,0
"25541",30286,0,1,1
"25542",30287,0,2,2
"25543",30288,0,2,2
"25544",30289,1,0,-1
"25545",30290,20,2,-18
"25546",30291,2,0,-2
"25547",30292,4,3,-1
"25548",30293,2,0,-2
"25549",30294,1,2,1
"25550",30295,29,19,-10
"25551",30296,3,2,-1
"25552",30297,1,5,4
"25553",30298,106,86,-20
"25554",30299,22,33,11
"25555",30300,13,8,-5
"25556",30301,3,16,13
"25557",30302,29,17,-12
"25558",30305,77,45,-32
"25559",30306,9,19,10
"25560",30308,1,1,0
"25561",30310,21,14,-7
"25562",30311,17,17,0
"25563",30312,4,1,-3
"25564",30313,13,11,-2
"25565",30314,1,0,-1
"25566",30315,9,13,4
"25567",30316,2,0,-2
"25568",30317,0,1,1
"25569",30318,9,4,-5
"25570",30319,8,7,-1
"25571",30320,10,7,-3
"25572",30321,3,7,4
"25573",30322,20,7,-13
"25574",30323,48,42,-6
"25575",30324,3,6,3
"25576",30325,6,12,6
"25577",30326,0,1,1
"25578",30327,1,0,-1
"25579",30330,1,0,-1
"25580",30332,0,1,1
"25581",30333,23,11,-12
"25582",30334,3,3,0
"25583",30335,1,1,0
"25584",30336,2,1,-1
"25585",30337,2,0,-2
"25586",30338,7,7,0
"25587",30340,2,3,1
"25588",30342,15,6,-9
"25589",30343,36,14,-22
"25590",30344,13,7,-6
"25591",30345,0,2,2
"25592",30346,0,1,1
"25593",30347,0,6,6
"25594",30348,7,2,-5
"25595",30349,6,6,0
"25596",30351,2,3,1
"25597",30352,1,1,0
"25598",30353,1,0,-1
"25599",30354,1,0,-1
"25600",30355,1,2,1
"25601",30356,0,1,1
"25602",30357,126,86,-40
"25603",30358,0,1,1
"25604",30359,128,78,-50
"25605",30360,1,5,4
"25606",30361,11,9,-2
"25607",30362,1,3,2
"25608",30363,10,19,9
"25609",30364,5,2,-3
"25610",30365,32,20,-12
"25611",30366,3,1,-2
"25612",30369,3,3,0
"25613",30370,0,1,1
"25614",30371,2,1,-1
"25615",30373,0,5,5
"25616",30374,2,4,2
"25617",30376,1,1,0
"25618",30377,1,1,0
"25619",30378,0,1,1
"25620",30379,1,1,0
"25621",30380,1,1,0
"25622",30381,11,8,-3
"25623",30382,4,4,0
"25624",30383,0,1,1
"25625",30385,3,4,1
"25626",30386,4,4,0
"25627",30387,17,8,-9
"25628",30389,3,6,3
"25629",30390,3,6,3
"25630",30391,2,1,-1
"25631",30392,2,0,-2
"25632",30393,1,1,0
"25633",30394,1,1,0
"25634",30395,0,1,1
"25635",30396,2,2,0
"25636",30398,0,1,1
"25637",30400,2,3,1
"25638",30401,1,1,0
"25639",30403,0,2,2
"25640",30404,87,61,-26
"25641",30406,3,3,0
"25642",30407,2,1,-1
"25643",30408,1,3,2
"25644",30409,2,6,4
"25645",30410,8,12,4
"25646",30411,1,1,0
"25647",30412,3,1,-2
"25648",30413,4,2,-2
"25649",30414,0,1,1
"25650",30415,1,0,-1
"25651",30416,16,6,-10
"25652",30417,1,1,0
"25653",30418,16,15,-1
"25654",30419,2,1,-1
"25655",30420,0,3,3
"25656",30423,2,2,0
"25657",30424,4,0,-4
"25658",30426,121,94,-27
"25659",30429,6,4,-2
"25660",30431,1,1,0
"25661",30432,24,13,-11
"25662",30433,9,1,-8
"25663",30434,93,80,-13
"25664",30435,55,49,-6
"25665",30436,5,12,7
"25666",30438,2,8,6
"25667",30439,1,0,-1
"25668",30440,1,3,2
"25669",30441,53,51,-2
"25670",30442,0,1,1
"25671",30443,3,3,0
"25672",30445,4,2,-2
"25673",30446,30,19,-11
"25674",30447,1,0,-1
"25675",30448,2,0,-2
"25676",30449,4,2,-2
"25677",30450,1,2,1
"25678",30451,28,15,-13
"25679",30452,0,2,2
"25680",30453,1,0,-1
"25681",30455,2,6,4
"25682",30456,0,2,2
"25683",30459,9,7,-2
"25684",30460,5,1,-4
"25685",30462,6,7,1
"25686",30463,7,3,-4
"25687",30465,4,2,-2
"25688",30466,8,7,-1
"25689",30467,1,3,2
"25690",30468,0,2,2
"25691",30469,2,4,2
"25692",30470,8,12,4
"25693",30471,2,0,-2
"25694",30472,1,5,4
"25695",30473,3,4,1
"25696",30474,3,1,-2
"25697",30475,1,1,0
"25698",30476,0,2,2
"25699",30478,0,5,5
"25700",30479,1,0,-1
"25701",30480,2,9,7
"25702",30481,10,14,4
"25703",30482,113,56,-57
"25704",30483,39,19,-20
"25705",30484,2,1,-1
"25706",30485,4,13,9
"25707",30486,1,2,1
"25708",30488,1,0,-1
"25709",30489,1,0,-1
"25710",30490,138,101,-37
"25711",30491,1,1,0
"25712",30492,18,10,-8
"25713",30493,4,3,-1
"25714",30497,3,8,5
"25715",30498,3,2,-1
"25716",30499,1,0,-1
"25717",30500,0,1,1
"25718",30501,22,15,-7
"25719",30502,2,0,-2
"25720",30503,17,10,-7
"25721",30504,0,1,1
"25722",30505,6,15,9
"25723",30506,3,1,-2
"25724",30507,8,12,4
"25725",30508,3,2,-1
"25726",30509,8,3,-5
"25727",30510,12,51,39
"25728",30511,3,5,2
"25729",30512,2,0,-2
"25730",30513,3,10,7
"25731",30514,1,1,0
"25732",30515,21,16,-5
"25733",30517,0,4,4
"25734",30518,4,0,-4
"25735",30519,3,1,-2
"25736",30520,8,3,-5
"25737",30521,0,3,3
"25738",30523,9,5,-4
"25739",30527,2,0,-2
"25740",30528,2,1,-1
"25741",30529,2,0,-2
"25742",30530,0,2,2
"25743",30531,7,6,-1
"25744",30532,0,1,1
"25745",30533,22,10,-12
"25746",30535,0,5,5
"25747",30536,8,14,6
"25748",30537,5,8,3
"25749",30538,0,1,1
"25750",30541,1,2,1
"25751",30543,1,0,-1
"25752",30544,2,1,-1
"25753",30545,126,110,-16
"25754",30546,1,6,5
"25755",30547,5,12,7
"25756",30548,2,6,4
"25757",30549,1,0,-1
"25758",30550,1,0,-1
"25759",30551,10,11,1
"25760",30552,0,3,3
"25761",30553,9,5,-4
"25762",30554,8,6,-2
"25763",30555,3,0,-3
"25764",30556,10,2,-8
"25765",30557,0,2,2
"25766",30558,3,3,0
"25767",30559,1,6,5
"25768",30560,1,3,2
"25769",30561,2,0,-2
"25770",30562,33,16,-17
"25771",30563,3,3,0
"25772",30564,2,2,0
"25773",30565,6,5,-1
"25774",30566,0,1,1
"25775",30567,1,0,-1
"25776",30568,0,2,2
"25777",30570,0,2,2
"25778",30571,4,1,-3
"25779",30572,0,1,1
"25780",30573,14,9,-5
"25781",30574,1,0,-1
"25782",30575,12,5,-7
"25783",30576,2,3,1
"25784",30577,1,0,-1
"25785",30578,8,3,-5
"25786",30579,6,7,1
"25787",30580,1,1,0
"25788",30581,2,1,-1
"25789",30582,0,1,1
"25790",30583,36,16,-20
"25791",30584,6,3,-3
"25792",30585,3,1,-2
"25793",30586,2,0,-2
"25794",30587,3,1,-2
"25795",30588,1,1,0
"25796",30589,2,2,0
"25797",30590,20,7,-13
"25798",30591,32,25,-7
"25799",30592,2,4,2
"25800",30593,6,10,4
"25801",30594,1,1,0
"25802",30595,8,3,-5
"25803",30596,1,1,0
"25804",30597,1,6,5
"25805",30599,0,1,1
"25806",30600,1,2,1
"25807",30602,2,1,-1
"25808",30603,2,1,-1
"25809",30604,16,6,-10
"25810",30605,5,19,14
"25811",30607,13,49,36
"25812",30608,131,99,-32
"25813",30609,1,0,-1
"25814",30610,1,6,5
"25815",30611,1,0,-1
"25816",30612,4,4,0
"25817",30613,1,1,0
"25818",30614,1,0,-1
"25819",30615,0,2,2
"25820",30616,6,10,4
"25821",30617,2,1,-1
"25822",30618,1,1,0
"25823",30619,2,2,0
"25824",30620,2,1,-1
"25825",30621,8,5,-3
"25826",30622,0,1,1
"25827",30623,1,1,0
"25828",30624,13,6,-7
"25829",30625,2,0,-2
"25830",30627,0,1,1
"25831",30628,145,95,-50
"25832",30629,1,0,-1
"25833",30630,0,1,1
"25834",30631,5,11,6
"25835",30632,2,2,0
"25836",30633,11,9,-2
"25837",30634,0,5,5
"25838",30635,2,4,2
"25839",30636,14,8,-6
"25840",30639,5,10,5
"25841",30641,2,2,0
"25842",30642,23,15,-8
"25843",30643,1,3,2
"25844",30644,1,0,-1
"25845",30645,5,15,10
"25846",30646,0,1,1
"25847",30647,10,5,-5
"25848",30648,142,89,-53
"25849",30649,1,0,-1
"25850",30650,8,9,1
"25851",30651,1,1,0
"25852",30652,2,1,-1
"25853",30653,7,7,0
"25854",30654,0,4,4
"25855",30655,2,0,-2
"25856",30656,1,1,0
"25857",30657,1,6,5
"25858",30658,3,11,8
"25859",30659,0,8,8
"25860",30661,1,3,2
"25861",30662,9,1,-8
"25862",30663,16,13,-3
"25863",30664,1,2,1
"25864",30665,1,0,-1
"25865",30666,2,2,0
"25866",30667,1,2,1
"25867",30669,0,2,2
"25868",30670,3,5,2
"25869",30671,193,112,-81
"25870",30672,1,0,-1
"25871",30673,3,2,-1
"25872",30674,13,10,-3
"25873",30675,7,10,3
"25874",30676,0,2,2
"25875",30677,25,3,-22
"25876",30678,2,1,-1
"25877",30679,1,0,-1
"25878",30680,1,1,0
"25879",30681,2,0,-2
"25880",30682,7,10,3
"25881",30683,7,6,-1
"25882",30684,1,2,1
"25883",30685,0,1,1
"25884",30686,23,10,-13
"25885",30687,3,4,1
"25886",30688,1,1,0
"25887",30689,2,0,-2
"25888",30690,1,1,0
"25889",30693,5,2,-3
"25890",30694,1,0,-1
"25891",30695,2,6,4
"25892",30697,1,4,3
"25893",30698,1,7,6
"25894",30700,2,0,-2
"25895",30701,7,6,-1
"25896",30702,17,15,-2
"25897",30703,2,2,0
"25898",30704,1,5,4
"25899",30705,22,14,-8
"25900",30706,20,16,-4
"25901",30707,42,17,-25
"25902",30708,3,1,-2
"25903",30709,1,0,-1
"25904",30710,1,0,-1
"25905",30712,1,0,-1
"25906",30714,12,58,46
"25907",30715,0,1,1
"25908",30716,16,14,-2
"25909",30717,1,1,0
"25910",30718,7,15,8
"25911",30719,2,2,0
"25912",30720,1,0,-1
"25913",30721,3,6,3
"25914",30723,5,3,-2
"25915",30726,27,19,-8
"25916",30727,1,0,-1
"25917",30728,20,6,-14
"25918",30729,4,20,16
"25919",30730,0,1,1
"25920",30731,1,1,0
"25921",30732,1,1,0
"25922",30733,1,1,0
"25923",30736,1,1,0
"25924",30737,1,1,0
"25925",30738,12,7,-5
"25926",30739,1,6,5
"25927",30740,2,0,-2
"25928",30741,1,0,-1
"25929",30742,1,2,1
"25930",30743,8,18,10
"25931",30744,14,6,-8
"25932",30745,0,1,1
"25933",30746,0,2,2
"25934",30747,2,1,-1
"25935",30748,3,2,-1
"25936",30749,3,0,-3
"25937",30750,11,13,2
"25938",30751,2,1,-1
"25939",30752,2,1,-1
"25940",30753,0,2,2
"25941",30754,58,59,1
"25942",30755,5,0,-5
"25943",30756,3,5,2
"25944",30757,3,0,-3
"25945",30758,9,12,3
"25946",30759,1,0,-1
"25947",30760,1,0,-1
"25948",30762,5,7,2
"25949",30763,1,3,2
"25950",30765,123,83,-40
"25951",30768,2,0,-2
"25952",30769,8,5,-3
"25953",30770,18,6,-12
"25954",30771,1,2,1
"25955",30772,7,12,5
"25956",30774,0,3,3
"25957",30775,1,0,-1
"25958",30776,3,7,4
"25959",30777,81,79,-2
"25960",30778,1,1,0
"25961",30779,7,6,-1
"25962",30780,0,3,3
"25963",30781,0,7,7
"25964",30782,1,2,1
"25965",30783,12,11,-1
"25966",30784,1,0,-1
"25967",30785,5,3,-2
"25968",30786,0,3,3
"25969",30787,0,1,1
"25970",30788,2,0,-2
"25971",30790,1,0,-1
"25972",30791,1,4,3
"25973",30792,3,9,6
"25974",30793,8,5,-3
"25975",30794,1,2,1
"25976",30795,2,0,-2
"25977",30796,21,12,-9
"25978",30797,1,2,1
"25979",30798,6,9,3
"25980",30799,118,75,-43
"25981",30800,0,1,1
"25982",30801,1,0,-1
"25983",30802,83,62,-21
"25984",30803,48,27,-21
"25985",30804,4,3,-1
"25986",30805,2,0,-2
"25987",30806,3,3,0
"25988",30807,1,3,2
"25989",30808,6,6,0
"25990",30809,1,2,1
"25991",30811,1,1,0
"25992",30812,1,2,1
"25993",30813,3,2,-1
"25994",30814,20,30,10
"25995",30815,23,51,28
"25996",30816,0,3,3
"25997",30817,24,15,-9
"25998",30818,4,4,0
"25999",30819,1,6,5
"26000",30820,3,3,0
"26001",30821,3,1,-2
"26002",30822,0,1,1
"26003",30823,7,14,7
"26004",30824,1,2,1
"26005",30825,3,3,0
"26006",30826,1,4,3
"26007",30827,2,0,-2
"26008",30828,1,12,11
"26009",30829,2,4,2
"26010",30831,115,86,-29
"26011",30832,0,1,1
"26012",30834,15,15,0
"26013",30835,0,1,1
"26014",30836,2,0,-2
"26015",30837,35,29,-6
"26016",30838,0,1,1
"26017",30841,2,3,1
"26018",30843,3,2,-1
"26019",30845,8,5,-3
"26020",30846,0,1,1
"26021",30847,0,1,1
"26022",30848,34,42,8
"26023",30849,4,2,-2
"26024",30852,0,2,2
"26025",30853,2,4,2
"26026",30854,5,2,-3
"26027",30855,5,1,-4
"26028",30856,0,1,1
"26029",30857,5,6,1
"26030",30858,12,9,-3
"26031",30859,1,1,0
"26032",30860,6,2,-4
"26033",30861,3,1,-2
"26034",30862,0,2,2
"26035",30863,8,3,-5
"26036",30864,2,4,2
"26037",30865,0,1,1
"26038",30866,98,80,-18
"26039",30867,7,5,-2
"26040",30869,12,7,-5
"26041",30870,1,5,4
"26042",30871,71,52,-19
"26043",30872,2,5,3
"26044",30873,30,20,-10
"26045",30874,8,8,0
"26046",30875,7,3,-4
"26047",30876,0,1,1
"26048",30877,2,3,1
"26049",30878,11,11,0
"26050",30879,0,1,1
"26051",30881,6,1,-5
"26052",30882,1,2,1
"26053",30883,93,64,-29
"26054",30884,1,1,0
"26055",30885,18,6,-12
"26056",30886,0,1,1
"26057",30887,1,4,3
"26058",30888,8,2,-6
"26059",30889,1,2,1
"26060",30890,6,7,1
"26061",30891,7,7,0
"26062",30892,7,3,-4
"26063",30894,8,9,1
"26064",30895,1,0,-1
"26065",30896,1,1,0
"26066",30897,6,10,4
"26067",30898,0,1,1
"26068",30899,18,17,-1
"26069",30900,1,3,2
"26070",30901,5,3,-2
"26071",30902,2,0,-2
"26072",30904,4,0,-4
"26073",30905,64,58,-6
"26074",30906,0,1,1
"26075",30907,53,37,-16
"26076",30908,0,1,1
"26077",30909,0,3,3
"26078",30910,0,1,1
"26079",30911,123,92,-31
"26080",30912,0,1,1
"26081",30913,1,2,1
"26082",30914,0,2,2
"26083",30915,4,6,2
"26084",30916,1,2,1
"26085",30917,1,5,4
"26086",30918,3,7,4
"26087",30919,1,3,2
"26088",30920,8,4,-4
"26089",30921,0,1,1
"26090",30922,87,48,-39
"26091",30923,9,5,-4
"26092",30924,5,5,0
"26093",30925,8,8,0
"26094",30926,3,3,0
"26095",30927,5,3,-2
"26096",30928,3,9,6
"26097",30929,1,0,-1
"26098",30930,2,1,-1
"26099",30932,21,6,-15
"26100",30934,1,1,0
"26101",30935,2,8,6
"26102",30936,3,1,-2
"26103",30937,7,9,2
"26104",30938,3,2,-1
"26105",30939,0,2,2
"26106",30940,3,1,-2
"26107",30941,7,17,10
"26108",30942,1,0,-1
"26109",30944,1,0,-1
"26110",30946,0,1,1
"26111",30947,17,12,-5
"26112",30949,1,1,0
"26113",30950,4,2,-2
"26114",30951,9,6,-3
"26115",30952,1,2,1
"26116",30953,0,1,1
"26117",30954,8,5,-3
"26118",30955,18,12,-6
"26119",30956,2,1,-1
"26120",30957,112,87,-25
"26121",30958,9,6,-3
"26122",30960,2,3,1
"26123",30961,13,7,-6
"26124",30962,12,4,-8
"26125",30963,79,79,0
"26126",30964,7,6,-1
"26127",30965,11,13,2
"26128",30966,11,4,-7
"26129",30967,1,0,-1
"26130",30969,3,2,-1
"26131",30970,1,0,-1
"26132",30971,10,1,-9
"26133",30972,1,2,1
"26134",30973,4,2,-2
"26135",30974,1,1,0
"26136",30975,1,0,-1
"26137",30976,176,94,-82
"26138",30977,2,0,-2
"26139",30978,2,0,-2
"26140",30979,3,0,-3
"26141",30980,0,2,2
"26142",30981,2,2,0
"26143",30982,0,1,1
"26144",30983,3,0,-3
"26145",30984,0,1,1
"26146",30985,2,3,1
"26147",30986,0,1,1
"26148",30987,2,1,-1
"26149",30988,76,67,-9
"26150",30989,181,67,-114
"26151",30990,141,80,-61
"26152",30991,3,2,-1
"26153",30992,10,11,1
"26154",30993,4,13,9
"26155",30994,29,24,-5
"26156",30995,2,2,0
"26157",30996,3,1,-2
"26158",30997,5,4,-1
"26159",30998,1,1,0
"26160",30999,1,0,-1
"26161",31000,2,2,0
"26162",31001,0,5,5
"26163",31002,1,1,0
"26164",31004,1,0,-1
"26165",31006,6,9,3
"26166",31007,2,1,-1
"26167",31008,26,20,-6
"26168",31010,2,1,-1
"26169",31011,18,12,-6
"26170",31012,7,3,-4
"26171",31013,0,1,1
"26172",31014,101,56,-45
"26173",31015,0,3,3
"26174",31016,122,86,-36
"26175",31017,15,4,-11
"26176",31018,0,1,1
"26177",31020,1,0,-1
"26178",31021,0,1,1
"26179",31022,1,0,-1
"26180",31023,2,8,6
"26181",31024,17,13,-4
"26182",31025,111,84,-27
"26183",31027,56,35,-21
"26184",31028,1,0,-1
"26185",31029,1,1,0
"26186",31030,2,3,1
"26187",31032,4,1,-3
"26188",31033,1,1,0
"26189",31034,2,0,-2
"26190",31035,2,2,0
"26191",31036,11,10,-1
"26192",31037,1,0,-1
"26193",31038,2,10,8
"26194",31039,79,65,-14
"26195",31040,4,2,-2
"26196",31041,0,1,1
"26197",31042,2,2,0
"26198",31044,20,6,-14
"26199",31045,18,14,-4
"26200",31046,2,1,-1
"26201",31048,1,1,0
"26202",31049,10,8,-2
"26203",31050,12,6,-6
"26204",31051,1,5,4
"26205",31052,4,1,-3
"26206",31054,6,3,-3
"26207",31055,22,15,-7
"26208",31056,10,17,7
"26209",31058,2,1,-1
"26210",31059,0,1,1
"26211",31060,1,5,4
"26212",31061,1,2,1
"26213",31062,39,35,-4
"26214",31063,1,3,2
"26215",31064,1,0,-1
"26216",31065,7,24,17
"26217",31066,12,9,-3
"26218",31068,4,6,2
"26219",31070,2,2,0
"26220",31071,4,2,-2
"26221",31072,21,10,-11
"26222",31075,57,46,-11
"26223",31076,1,0,-1
"26224",31077,1,2,1
"26225",31078,3,5,2
"26226",31079,1,0,-1
"26227",31080,0,3,3
"26228",31081,3,2,-1
"26229",31082,12,5,-7
"26230",31083,1,1,0
"26231",31084,38,38,0
"26232",31085,4,4,0
"26233",31087,1,2,1
"26234",31088,1,1,0
"26235",31089,8,8,0
"26236",31090,2,1,-1
"26237",31091,1,0,-1
"26238",31092,0,4,4
"26239",31093,7,5,-2
"26240",31094,0,1,1
"26241",31095,4,2,-2
"26242",31096,0,1,1
"26243",31098,0,3,3
"26244",31101,2,2,0
"26245",31102,4,6,2
"26246",31103,1,0,-1
"26247",31104,0,1,1
"26248",31105,16,44,28
"26249",31106,120,103,-17
"26250",31108,1,5,4
"26251",31110,1,1,0
"26252",31113,111,85,-26
"26253",31114,4,2,-2
"26254",31116,1,3,2
"26255",31117,1,1,0
"26256",31118,25,12,-13
"26257",31119,1,2,1
"26258",31120,2,0,-2
"26259",31121,1,1,0
"26260",31122,2,0,-2
"26261",31123,0,2,2
"26262",31125,19,9,-10
"26263",31126,1,1,0
"26264",31127,2,1,-1
"26265",31128,1,1,0
"26266",31129,10,9,-1
"26267",31130,6,2,-4
"26268",31131,0,4,4
"26269",31132,1,1,0
"26270",31133,7,11,4
"26271",31134,4,1,-3
"26272",31135,15,12,-3
"26273",31136,1,5,4
"26274",31137,3,0,-3
"26275",31138,9,2,-7
"26276",31139,1,3,2
"26277",31140,2,8,6
"26278",31141,1,1,0
"26279",31142,0,1,1
"26280",31143,1,0,-1
"26281",31144,20,2,-18
"26282",31145,24,19,-5
"26283",31146,1,2,1
"26284",31147,4,4,0
"26285",31148,0,6,6
"26286",31149,15,8,-7
"26287",31150,5,6,1
"26288",31151,7,2,-5
"26289",31152,1,1,0
"26290",31153,3,1,-2
"26291",31155,1,1,0
"26292",31156,2,1,-1
"26293",31157,113,77,-36
"26294",31158,7,3,-4
"26295",31159,9,6,-3
"26296",31160,0,1,1
"26297",31161,4,6,2
"26298",31162,10,10,0
"26299",31163,1,2,1
"26300",31164,8,6,-2
"26301",31165,1,1,0
"26302",31167,1,0,-1
"26303",31168,2,0,-2
"26304",31169,19,7,-12
"26305",31170,26,15,-11
"26306",31171,6,2,-4
"26307",31172,14,5,-9
"26308",31173,7,12,5
"26309",31174,70,62,-8
"26310",31175,1,2,1
"26311",31176,8,58,50
"26312",31177,49,66,17
"26313",31178,84,63,-21
"26314",31179,38,25,-13
"26315",31180,1,0,-1
"26316",31181,0,1,1
"26317",31182,3,0,-3
"26318",31184,1,1,0
"26319",31185,1,0,-1
"26320",31186,1,3,2
"26321",31187,0,1,1
"26322",31188,29,19,-10
"26323",31189,0,2,2
"26324",31190,1,3,2
"26325",31191,0,1,1
"26326",31192,1,4,3
"26327",31193,1,0,-1
"26328",31194,3,1,-2
"26329",31195,3,5,2
"26330",31196,6,4,-2
"26331",31197,17,19,2
"26332",31198,5,1,-4
"26333",31199,16,7,-9
"26334",31200,0,1,1
"26335",31201,26,15,-11
"26336",31202,3,1,-2
"26337",31203,6,3,-3
"26338",31204,161,107,-54
"26339",31205,20,15,-5
"26340",31206,2,1,-1
"26341",31207,0,1,1
"26342",31208,6,6,0
"26343",31210,4,1,-3
"26344",31212,5,1,-4
"26345",31213,8,4,-4
"26346",31214,1,0,-1
"26347",31215,1,0,-1
"26348",31216,9,6,-3
"26349",31217,0,2,2
"26350",31218,2,4,2
"26351",31219,2,2,0
"26352",31220,3,1,-2
"26353",31221,3,2,-1
"26354",31222,15,60,45
"26355",31223,9,9,0
"26356",31225,1,0,-1
"26357",31227,1,3,2
"26358",31229,3,4,1
"26359",31230,3,5,2
"26360",31233,0,1,1
"26361",31234,1,1,0
"26362",31235,33,10,-23
"26363",31236,3,1,-2
"26364",31237,4,3,-1
"26365",31238,1,4,3
"26366",31239,3,0,-3
"26367",31240,56,50,-6
"26368",31242,3,1,-2
"26369",31243,5,1,-4
"26370",31244,9,14,5
"26371",31246,91,71,-20
"26372",31247,4,4,0
"26373",31248,2,2,0
"26374",31249,13,4,-9
"26375",31250,21,16,-5
"26376",31251,1,2,1
"26377",31252,17,11,-6
"26378",31253,6,3,-3
"26379",31255,2,3,1
"26380",31257,0,1,1
"26381",31258,1,0,-1
"26382",31259,0,1,1
"26383",31260,2,3,1
"26384",31261,6,8,2
"26385",31262,0,1,1
"26386",31265,2,4,2
"26387",31267,32,23,-9
"26388",31268,5,1,-4
"26389",31270,1,0,-1
"26390",31271,2,4,2
"26391",31272,71,56,-15
"26392",31273,0,1,1
"26393",31274,2,3,1
"26394",31275,60,46,-14
"26395",31276,9,18,9
"26396",31277,0,3,3
"26397",31278,0,2,2
"26398",31279,1,0,-1
"26399",31280,0,2,2
"26400",31281,1,0,-1
"26401",31282,3,0,-3
"26402",31283,2,2,0
"26403",31284,21,8,-13
"26404",31285,21,14,-7
"26405",31286,0,1,1
"26406",31287,5,16,11
"26407",31288,2,0,-2
"26408",31289,0,2,2
"26409",31290,1,1,0
"26410",31291,89,50,-39
"26411",31292,7,2,-5
"26412",31293,30,20,-10
"26413",31294,2,0,-2
"26414",31296,2,3,1
"26415",31297,195,81,-114
"26416",31299,124,90,-34
"26417",31300,0,1,1
"26418",31301,2,0,-2
"26419",31302,0,2,2
"26420",31303,2,2,0
"26421",31304,3,1,-2
"26422",31305,0,2,2
"26423",31307,2,1,-1
"26424",31309,32,11,-21
"26425",31310,1,0,-1
"26426",31311,1,0,-1
"26427",31312,3,1,-2
"26428",31313,51,24,-27
"26429",31314,9,13,4
"26430",31315,2,0,-2
"26431",31316,3,9,6
"26432",31317,22,14,-8
"26433",31318,3,1,-2
"26434",31319,1,1,0
"26435",31320,0,2,2
"26436",31321,4,3,-1
"26437",31322,24,6,-18
"26438",31323,3,4,1
"26439",31324,2,13,11
"26440",31325,4,6,2
"26441",31326,3,1,-2
"26442",31327,7,5,-2
"26443",31328,2,1,-1
"26444",31329,15,5,-10
"26445",31330,2,0,-2
"26446",31332,2,1,-1
"26447",31333,20,16,-4
"26448",31334,3,9,6
"26449",31335,2,3,1
"26450",31337,1,0,-1
"26451",31338,9,4,-5
"26452",31339,12,6,-6
"26453",31341,1,0,-1
"26454",31342,15,10,-5
"26455",31344,1,0,-1
"26456",31345,5,3,-2
"26457",31346,2,1,-1
"26458",31347,3,10,7
"26459",31348,12,16,4
"26460",31349,0,4,4
"26461",31351,3,1,-2
"26462",31353,0,1,1
"26463",31354,9,5,-4
"26464",31355,3,3,0
"26465",31357,13,4,-9
"26466",31358,1,1,0
"26467",31359,2,1,-1
"26468",31360,15,14,-1
"26469",31361,1,1,0
"26470",31365,3,3,0
"26471",31368,1,0,-1
"26472",31370,0,3,3
"26473",31371,2,2,0
"26474",31372,1,1,0
"26475",31374,1,1,0
"26476",31375,2,0,-2
"26477",31377,4,2,-2
"26478",31378,0,1,1
"26479",31379,1,1,0
"26480",31380,73,79,6
"26481",31381,1,2,1
"26482",31382,2,4,2
"26483",31383,3,5,2
"26484",31384,1,0,-1
"26485",31385,8,19,11
"26486",31387,2,11,9
"26487",31388,0,1,1
"26488",31389,1,0,-1
"26489",31390,1,1,0
"26490",31391,2,1,-1
"26491",31392,7,5,-2
"26492",31393,1,0,-1
"26493",31394,8,3,-5
"26494",31395,11,13,2
"26495",31396,0,1,1
"26496",31397,5,1,-4
"26497",31398,9,7,-2
"26498",31399,1,1,0
"26499",31400,4,1,-3
"26500",31402,0,1,1
"26501",31404,20,13,-7
"26502",31405,1,3,2
"26503",31406,5,6,1
"26504",31407,0,1,1
"26505",31408,9,15,6
"26506",31409,1,5,4
"26507",31410,0,2,2
"26508",31412,2,2,0
"26509",31413,2,1,-1
"26510",31414,1,5,4
"26511",31416,10,17,7
"26512",31418,0,1,1
"26513",31420,2,0,-2
"26514",31421,1,1,0
"26515",31423,3,21,18
"26516",31424,0,2,2
"26517",31425,0,1,1
"26518",31428,0,3,3
"26519",31429,6,20,14
"26520",31430,0,1,1
"26521",31431,1,0,-1
"26522",31432,1,0,-1
"26523",31433,5,8,3
"26524",31434,1,1,0
"26525",31435,1,0,-1
"26526",31438,30,20,-10
"26527",31440,1,2,1
"26528",31441,2,3,1
"26529",31443,12,6,-6
"26530",31444,1,0,-1
"26531",31445,147,113,-34
"26532",31446,4,5,1
"26533",31447,7,6,-1
"26534",31448,1,0,-1
"26535",31449,0,2,2
"26536",31450,1,2,1
"26537",31451,5,9,4
"26538",31453,5,3,-2
"26539",31454,20,35,15
"26540",31455,6,13,7
"26541",31456,0,2,2
"26542",31457,5,4,-1
"26543",31458,2,8,6
"26544",31459,4,3,-1
"26545",31460,0,1,1
"26546",31461,1,1,0
"26547",31462,0,2,2
"26548",31463,7,7,0
"26549",31464,0,3,3
"26550",31466,0,1,1
"26551",31467,4,1,-3
"26552",31469,16,5,-11
"26553",31470,1,1,0
"26554",31471,0,1,1
"26555",31474,1,1,0
"26556",31475,2,3,1
"26557",31476,0,1,1
"26558",31477,15,4,-11
"26559",31478,4,5,1
"26560",31479,0,4,4
"26561",31480,10,13,3
"26562",31481,1,4,3
"26563",31482,4,6,2
"26564",31483,2,0,-2
"26565",31484,1,1,0
"26566",31485,4,1,-3
"26567",31486,2,0,-2
"26568",31487,8,5,-3
"26569",31488,26,20,-6
"26570",31489,4,6,2
"26571",31490,2,7,5
"26572",31491,1,0,-1
"26573",31492,2,5,3
"26574",31494,10,14,4
"26575",31495,0,4,4
"26576",31496,44,45,1
"26577",31497,1,1,0
"26578",31498,8,4,-4
"26579",31499,175,105,-70
"26580",31500,1,0,-1
"26581",31501,15,7,-8
"26582",31502,1,0,-1
"26583",31503,0,1,1
"26584",31504,7,7,0
"26585",31506,0,1,1
"26586",31507,0,1,1
"26587",31508,140,78,-62
"26588",31510,2,0,-2
"26589",31512,2,1,-1
"26590",31513,1,4,3
"26591",31514,4,2,-2
"26592",31515,1,0,-1
"26593",31516,1,0,-1
"26594",31517,1,2,1
"26595",31518,1,5,4
"26596",31519,3,11,8
"26597",31520,1,2,1
"26598",31521,2,5,3
"26599",31522,1,2,1
"26600",31523,2,7,5
"26601",31524,4,2,-2
"26602",31525,101,50,-51
"26603",31526,120,78,-42
"26604",31527,2,0,-2
"26605",31528,2,0,-2
"26606",31529,0,1,1
"26607",31530,1,1,0
"26608",31531,3,7,4
"26609",31532,1,0,-1
"26610",31533,21,12,-9
"26611",31534,3,3,0
"26612",31535,15,16,1
"26613",31536,0,1,1
"26614",31537,6,3,-3
"26615",31538,0,1,1
"26616",31541,1,3,2
"26617",31542,14,14,0
"26618",31545,0,1,1
"26619",31546,1,0,-1
"26620",31547,4,6,2
"26621",31548,0,1,1
"26622",31549,0,1,1
"26623",31552,1,1,0
"26624",31553,2,7,5
"26625",31555,3,7,4
"26626",31556,3,1,-2
"26627",31557,3,3,0
"26628",31558,16,17,1
"26629",31561,1,5,4
"26630",31562,0,4,4
"26631",31563,4,4,0
"26632",31564,1,1,0
"26633",31565,43,20,-23
"26634",31566,5,2,-3
"26635",31567,1,0,-1
"26636",31568,3,2,-1
"26637",31569,1,0,-1
"26638",31570,0,2,2
"26639",31574,8,4,-4
"26640",31575,3,0,-3
"26641",31576,0,1,1
"26642",31577,10,8,-2
"26643",31578,7,20,13
"26644",31579,1,1,0
"26645",31580,1,1,0
"26646",31581,81,73,-8
"26647",31582,3,8,5
"26648",31583,1,1,0
"26649",31584,19,17,-2
"26650",31586,9,51,42
"26651",31587,0,2,2
"26652",31589,23,38,15
"26653",31590,3,3,0
"26654",31591,1,2,1
"26655",31593,2,2,0
"26656",31594,7,4,-3
"26657",31595,11,14,3
"26658",31596,1,2,1
"26659",31597,3,1,-2
"26660",31598,1,4,3
"26661",31599,8,10,2
"26662",31600,1,0,-1
"26663",31601,98,72,-26
"26664",31603,0,1,1
"26665",31604,6,8,2
"26666",31605,7,5,-2
"26667",31606,3,1,-2
"26668",31607,3,1,-2
"26669",31608,5,3,-2
"26670",31609,146,104,-42
"26671",31610,0,1,1
"26672",31611,2,2,0
"26673",31613,1,1,0
"26674",31614,9,5,-4
"26675",31615,4,7,3
"26676",31616,39,30,-9
"26677",31617,1,1,0
"26678",31618,1,0,-1
"26679",31619,16,12,-4
"26680",31620,3,7,4
"26681",31621,0,2,2
"26682",31622,2,1,-1
"26683",31623,5,11,6
"26684",31625,1,0,-1
"26685",31626,2,3,1
"26686",31627,5,11,6
"26687",31628,21,6,-15
"26688",31630,2,6,4
"26689",31631,196,84,-112
"26690",31632,3,6,3
"26691",31634,1,0,-1
"26692",31635,2,0,-2
"26693",31638,0,1,1
"26694",31639,2,3,1
"26695",31640,5,3,-2
"26696",31641,1,1,0
"26697",31642,2,3,1
"26698",31643,9,4,-5
"26699",31644,67,52,-15
"26700",31645,2,2,0
"26701",31646,21,20,-1
"26702",31648,1,0,-1
"26703",31650,3,2,-1
"26704",31651,2,1,-1
"26705",31652,4,2,-2
"26706",31653,2,2,0
"26707",31655,3,8,5
"26708",31656,159,93,-66
"26709",31657,0,2,2
"26710",31658,3,3,0
"26711",31659,3,4,1
"26712",31660,4,7,3
"26713",31661,9,1,-8
"26714",31662,1,17,16
"26715",31664,2,1,-1
"26716",31665,7,4,-3
"26717",31667,7,1,-6
"26718",31669,29,17,-12
"26719",31670,8,4,-4
"26720",31671,1,1,0
"26721",31672,1,1,0
"26722",31673,4,2,-2
"26723",31674,1,1,0
"26724",31675,14,14,0
"26725",31676,2,2,0
"26726",31677,2,0,-2
"26727",31678,4,2,-2
"26728",31679,18,6,-12
"26729",31680,118,75,-43
"26730",31682,5,4,-1
"26731",31683,22,13,-9
"26732",31684,2,4,2
"26733",31685,2,2,0
"26734",31687,0,1,1
"26735",31688,13,16,3
"26736",31689,2,2,0
"26737",31690,1,1,0
"26738",31691,23,10,-13
"26739",31692,1,1,0
"26740",31693,116,93,-23
"26741",31694,1,0,-1
"26742",31695,5,14,9
"26743",31698,7,12,5
"26744",31699,6,6,0
"26745",31700,0,1,1
"26746",31701,0,1,1
"26747",31702,11,10,-1
"26748",31703,2,1,-1
"26749",31704,6,8,2
"26750",31705,9,2,-7
"26751",31706,7,10,3
"26752",31707,2,1,-1
"26753",31708,4,2,-2
"26754",31709,0,2,2
"26755",31710,1,5,4
"26756",31711,35,20,-15
"26757",31712,124,88,-36
"26758",31713,4,3,-1
"26759",31716,0,1,1
"26760",31717,21,14,-7
"26761",31718,1,0,-1
"26762",31719,4,12,8
"26763",31721,1,1,0
"26764",31722,1,0,-1
"26765",31724,5,4,-1
"26766",31726,0,1,1
"26767",31727,15,13,-2
"26768",31728,4,4,0
"26769",31729,61,44,-17
"26770",31730,3,3,0
"26771",31731,0,2,2
"26772",31732,1,1,0
"26773",31733,1,0,-1
"26774",31734,144,75,-69
"26775",31735,2,2,0
"26776",31737,1,0,-1
"26777",31740,13,13,0
"26778",31741,22,15,-7
"26779",31742,2,1,-1
"26780",31743,1,1,0
"26781",31745,19,23,4
"26782",31746,18,20,2
"26783",31747,2,7,5
"26784",31748,1,0,-1
"26785",31749,6,9,3
"26786",31750,8,10,2
"26787",31751,1,1,0
"26788",31752,6,4,-2
"26789",31755,0,1,1
"26790",31756,2,0,-2
"26791",31757,15,15,0
"26792",31758,0,1,1
"26793",31759,1,0,-1
"26794",31760,3,3,0
"26795",31761,2,1,-1
"26796",31762,2,4,2
"26797",31763,0,3,3
"26798",31764,2,9,7
"26799",31766,6,0,-6
"26800",31767,1,1,0
"26801",31768,2,2,0
"26802",31770,116,77,-39
"26803",31773,15,15,0
"26804",31775,11,9,-2
"26805",31777,5,22,17
"26806",31778,3,4,1
"26807",31779,2,0,-2
"26808",31780,12,8,-4
"26809",31781,4,5,1
"26810",31782,5,2,-3
"26811",31783,4,16,12
"26812",31784,33,25,-8
"26813",31786,1,0,-1
"26814",31787,14,14,0
"26815",31788,5,0,-5
"26816",31789,4,4,0
"26817",31790,1,2,1
"26818",31791,5,7,2
"26819",31793,1,4,3
"26820",31794,5,8,3
"26821",31795,3,3,0
"26822",31796,3,0,-3
"26823",31797,9,6,-3
"26824",31798,4,10,6
"26825",31800,17,12,-5
"26826",31801,3,2,-1
"26827",31802,4,7,3
"26828",31803,19,10,-9
"26829",31804,8,8,0
"26830",31805,9,12,3
"26831",31806,0,3,3
"26832",31807,4,2,-2
"26833",31809,2,2,0
"26834",31810,50,38,-12
"26835",31811,2,1,-1
"26836",31812,35,22,-13
"26837",31813,55,38,-17
"26838",31814,1,1,0
"26839",31815,14,14,0
"26840",31816,68,71,3
"26841",31817,3,4,1
"26842",31818,1,1,0
"26843",31819,3,4,1
"26844",31820,3,1,-2
"26845",31821,2,1,-1
"26846",31822,0,1,1
"26847",31823,7,3,-4
"26848",31824,2,10,8
"26849",31825,17,15,-2
"26850",31826,0,1,1
"26851",31827,1,3,2
"26852",31828,2,1,-1
"26853",31829,5,5,0
"26854",31832,7,4,-3
"26855",31833,3,1,-2
"26856",31835,3,5,2
"26857",31836,1,1,0
"26858",31837,2,1,-1
"26859",31839,8,38,30
"26860",31840,2,1,-1
"26861",31841,1,0,-1
"26862",31842,0,1,1
"26863",31843,0,1,1
"26864",31844,0,4,4
"26865",31845,11,14,3
"26866",31847,1,0,-1
"26867",31848,2,3,1
"26868",31849,1,0,-1
"26869",31850,1,0,-1
"26870",31851,34,18,-16
"26871",31852,1,0,-1
"26872",31853,7,4,-3
"26873",31854,6,6,0
"26874",31855,6,6,0
"26875",31856,2,1,-1
"26876",31857,5,8,3
"26877",31858,1,0,-1
"26878",31860,2,0,-2
"26879",31861,0,1,1
"26880",31862,1,2,1
"26881",31863,0,1,1
"26882",31864,16,6,-10
"26883",31865,2,0,-2
"26884",31866,2,10,8
"26885",31867,5,9,4
"26886",31868,1,0,-1
"26887",31869,3,3,0
"26888",31871,1,1,0
"26889",31872,8,7,-1
"26890",31873,3,2,-1
"26891",31874,2,0,-2
"26892",31875,4,6,2
"26893",31876,6,0,-6
"26894",31877,5,2,-3
"26895",31878,9,2,-7
"26896",31879,1,0,-1
"26897",31880,1,0,-1
"26898",31881,1,3,2
"26899",31882,1,1,0
"26900",31883,18,9,-9
"26901",31884,101,78,-23
"26902",31886,0,6,6
"26903",31887,0,1,1
"26904",31888,1,1,0
"26905",31890,0,2,2
"26906",31891,1,7,6
"26907",31892,2,6,4
"26908",31893,3,5,2
"26909",31894,28,9,-19
"26910",31895,2,5,3
"26911",31896,27,21,-6
"26912",31897,1,3,2
"26913",31898,1,0,-1
"26914",31899,2,7,5
"26915",31900,2,1,-1
"26916",31901,0,1,1
"26917",31902,0,6,6
"26918",31903,13,7,-6
"26919",31904,1,0,-1
"26920",31905,0,2,2
"26921",31906,0,1,1
"26922",31907,1,4,3
"26923",31908,19,30,11
"26924",31909,31,17,-14
"26925",31911,7,7,0
"26926",31912,18,17,-1
"26927",31913,2,1,-1
"26928",31914,124,94,-30
"26929",31915,3,1,-2
"26930",31916,1,1,0
"26931",31917,10,8,-2
"26932",31918,2,6,4
"26933",31920,2,2,0
"26934",31921,2,0,-2
"26935",31922,13,11,-2
"26936",31923,3,4,1
"26937",31925,2,1,-1
"26938",31926,0,6,6
"26939",31927,0,1,1
"26940",31928,1,2,1
"26941",31929,16,7,-9
"26942",31930,7,6,-1
"26943",31931,2,5,3
"26944",31932,1,2,1
"26945",31933,1,1,0
"26946",31934,7,1,-6
"26947",31936,5,0,-5
"26948",31937,2,4,2
"26949",31938,1,2,1
"26950",31939,1,2,1
"26951",31940,1,21,20
"26952",31941,2,0,-2
"26953",31942,0,1,1
"26954",31943,0,3,3
"26955",31944,85,64,-21
"26956",31946,4,5,1
"26957",31947,6,4,-2
"26958",31948,0,4,4
"26959",31949,5,8,3
"26960",31951,4,5,1
"26961",31953,1,2,1
"26962",31954,41,21,-20
"26963",31955,90,66,-24
"26964",31956,0,1,1
"26965",31957,1,2,1
"26966",31958,2,1,-1
"26967",31959,2,0,-2
"26968",31960,1,0,-1
"26969",31961,1,1,0
"26970",31962,1,4,3
"26971",31963,4,8,4
"26972",31964,5,7,2
"26973",31965,5,2,-3
"26974",31966,3,3,0
"26975",31967,11,10,-1
"26976",31968,1,0,-1
"26977",31969,1,1,0
"26978",31971,8,8,0
"26979",31972,2,3,1
"26980",31973,33,25,-8
"26981",31974,0,2,2
"26982",31975,5,6,1
"26983",31976,2,1,-1
"26984",31977,1,6,5
"26985",31978,20,12,-8
"26986",31981,3,2,-1
"26987",31982,19,5,-14
"26988",31983,2,0,-2
"26989",31984,5,7,2
"26990",31985,4,2,-2
"26991",31986,1,0,-1
"26992",31987,4,6,2
"26993",31988,1,1,0
"26994",31989,9,5,-4
"26995",31990,9,30,21
"26996",31991,1,0,-1
"26997",31992,2,3,1
"26998",31993,6,1,-5
"26999",31994,1,10,9
"27000",31995,5,0,-5
"27001",31996,2,3,1
"27002",31997,7,1,-6
"27003",31998,4,14,10
"27004",31999,7,2,-5
"27005",32001,31,26,-5
"27006",32002,2,1,-1
"27007",32003,2,1,-1
"27008",32004,17,17,0
"27009",32006,1,7,6
"27010",32007,4,6,2
"27011",32008,1,0,-1
"27012",32009,0,1,1
"27013",32010,2,2,0
"27014",32011,23,8,-15
"27015",32012,0,2,2
"27016",32013,0,1,1
"27017",32014,24,12,-12
"27018",32015,12,15,3
"27019",32016,0,1,1
"27020",32017,5,2,-3
"27021",32020,1,2,1
"27022",32021,20,11,-9
"27023",32022,3,0,-3
"27024",32023,1,3,2
"27025",32024,1,3,2
"27026",32025,0,1,1
"27027",32026,0,1,1
"27028",32027,1,2,1
"27029",32028,2,6,4
"27030",32029,4,5,1
"27031",32030,26,36,10
"27032",32031,3,2,-1
"27033",32032,0,1,1
"27034",32033,62,56,-6
"27035",32034,2,2,0
"27036",32035,7,13,6
"27037",32036,19,14,-5
"27038",32037,1,5,4
"27039",32039,73,40,-33
"27040",32040,5,6,1
"27041",32041,6,3,-3
"27042",32042,1,0,-1
"27043",32043,1,1,0
"27044",32046,3,2,-1
"27045",32047,3,3,0
"27046",32048,5,3,-2
"27047",32049,32,19,-13
"27048",32050,1,1,0
"27049",32051,2,11,9
"27050",32052,21,9,-12
"27051",32053,4,7,3
"27052",32054,0,3,3
"27053",32055,10,30,20
"27054",32056,22,12,-10
"27055",32057,2,2,0
"27056",32058,7,9,2
"27057",32059,1,1,0
"27058",32060,1,1,0
"27059",32061,61,39,-22
"27060",32063,4,5,1
"27061",32064,31,21,-10
"27062",32066,56,42,-14
"27063",32067,0,1,1
"27064",32068,0,1,1
"27065",32069,6,6,0
"27066",32070,10,11,1
"27067",32071,2,1,-1
"27068",32072,9,13,4
"27069",32073,5,10,5
"27070",32074,7,2,-5
"27071",32075,45,31,-14
"27072",32076,18,30,12
"27073",32078,14,23,9
"27074",32079,2,3,1
"27075",32080,13,8,-5
"27076",32081,11,25,14
"27077",32082,1,2,1
"27078",32083,45,31,-14
"27079",32084,1,4,3
"27080",32085,0,5,5
"27081",32086,10,21,11
"27082",32087,6,1,-5
"27083",32088,8,16,8
"27084",32089,1,3,2
"27085",32090,3,3,0
"27086",32093,12,9,-3
"27087",32094,1,1,0
"27088",32095,2,4,2
"27089",32096,1,0,-1
"27090",32097,2,8,6
"27091",32098,7,5,-2
"27092",32099,0,4,4
"27093",32100,1,0,-1
"27094",32101,6,2,-4
"27095",32102,15,8,-7
"27096",32103,20,15,-5
"27097",32104,88,55,-33
"27098",32105,9,22,13
"27099",32106,1,1,0
"27100",32107,2,7,5
"27101",32108,7,3,-4
"27102",32109,1,0,-1
"27103",32111,2,2,0
"27104",32112,23,6,-17
"27105",32114,1,0,-1
"27106",32115,0,2,2
"27107",32116,1,3,2
"27108",32117,6,4,-2
"27109",32118,1,1,0
"27110",32119,4,12,8
"27111",32120,2,0,-2
"27112",32121,3,1,-2
"27113",32122,6,8,2
"27114",32123,8,9,1
"27115",32126,20,13,-7
"27116",32127,1,4,3
"27117",32128,0,1,1
"27118",32129,13,12,-1
"27119",32130,137,77,-60
"27120",32131,1,2,1
"27121",32132,17,10,-7
"27122",32133,4,2,-2
"27123",32134,2,1,-1
"27124",32136,2,2,0
"27125",32137,1,5,4
"27126",32138,3,1,-2
"27127",32139,1,0,-1
"27128",32140,19,8,-11
"27129",32141,0,1,1
"27130",32142,1,1,0
"27131",32143,2,6,4
"27132",32144,2,0,-2
"27133",32145,7,25,18
"27134",32146,1,2,1
"27135",32147,1,0,-1
"27136",32148,3,8,5
"27137",32149,1,2,1
"27138",32150,110,60,-50
"27139",32151,13,59,46
"27140",32152,4,5,1
"27141",32153,1,2,1
"27142",32154,6,5,-1
"27143",32155,3,3,0
"27144",32156,42,29,-13
"27145",32157,0,1,1
"27146",32158,8,16,8
"27147",32160,2,3,1
"27148",32161,0,1,1
"27149",32162,2,1,-1
"27150",32163,4,4,0
"27151",32164,0,1,1
"27152",32165,1,2,1
"27153",32166,7,6,-1
"27154",32167,2,0,-2
"27155",32168,3,3,0
"27156",32169,34,28,-6
"27157",32170,2,1,-1
"27158",32172,30,29,-1
"27159",32173,1,0,-1
"27160",32174,3,15,12
"27161",32176,1,5,4
"27162",32177,43,40,-3
"27163",32178,13,11,-2
"27164",32179,0,2,2
"27165",32180,21,13,-8
"27166",32181,26,19,-7
"27167",32182,1,7,6
"27168",32183,12,6,-6
"27169",32184,6,1,-5
"27170",32185,13,16,3
"27171",32186,7,5,-2
"27172",32187,7,14,7
"27173",32188,1,0,-1
"27174",32189,12,12,0
"27175",32190,2,3,1
"27176",32191,2,5,3
"27177",32192,1,0,-1
"27178",32193,20,10,-10
"27179",32195,0,2,2
"27180",32196,2,3,1
"27181",32197,2,5,3
"27182",32198,2,0,-2
"27183",32199,11,14,3
"27184",32200,4,12,8
"27185",32201,4,9,5
"27186",32202,3,0,-3
"27187",32203,0,4,4
"27188",32205,1,5,4
"27189",32206,2,0,-2
"27190",32207,10,9,-1
"27191",32208,4,3,-1
"27192",32209,18,9,-9
"27193",32210,3,4,1
"27194",32211,22,14,-8
"27195",32212,6,5,-1
"27196",32213,2,1,-1
"27197",32214,1,0,-1
"27198",32215,10,7,-3
"27199",32216,1,1,0
"27200",32217,0,4,4
"27201",32218,13,12,-1
"27202",32219,1,2,1
"27203",32220,0,1,1
"27204",32221,11,13,2
"27205",32223,10,5,-5
"27206",32224,15,11,-4
"27207",32225,0,3,3
"27208",32226,6,8,2
"27209",32227,2,2,0
"27210",32228,120,94,-26
"27211",32230,6,3,-3
"27212",32232,1,0,-1
"27213",32233,1,1,0
"27214",32234,1,0,-1
"27215",32237,8,9,1
"27216",32238,0,1,1
"27217",32239,17,24,7
"27218",32240,2,0,-2
"27219",32242,3,1,-2
"27220",32243,27,22,-5
"27221",32244,1,1,0
"27222",32245,0,1,1
"27223",32246,7,5,-2
"27224",32247,19,14,-5
"27225",32248,1,0,-1
"27226",32249,5,2,-3
"27227",32250,1,1,0
"27228",32251,11,11,0
"27229",32252,1,2,1
"27230",32253,28,28,0
"27231",32255,1,1,0
"27232",32256,57,28,-29
"27233",32257,46,38,-8
"27234",32258,1,3,2
"27235",32259,3,5,2
"27236",32260,22,11,-11
"27237",32261,1,0,-1
"27238",32262,1,0,-1
"27239",32265,2,6,4
"27240",32266,15,13,-2
"27241",32267,1,1,0
"27242",32268,1,10,9
"27243",32270,0,1,1
"27244",32271,0,3,3
"27245",32272,13,28,15
"27246",32273,1,5,4
"27247",32274,57,40,-17
"27248",32275,7,7,0
"27249",32276,2,1,-1
"27250",32277,33,28,-5
"27251",32278,68,54,-14
"27252",32279,60,56,-4
"27253",32280,39,29,-10
"27254",32281,3,2,-1
"27255",32282,32,20,-12
"27256",32283,1,2,1
"27257",32284,113,73,-40
"27258",32285,0,1,1
"27259",32286,1,5,4
"27260",32287,11,14,3
"27261",32288,0,3,3
"27262",32289,1,0,-1
"27263",32290,10,8,-2
"27264",32292,0,3,3
"27265",32293,1,0,-1
"27266",32294,2,5,3
"27267",32295,15,15,0
"27268",32296,15,5,-10
"27269",32297,4,21,17
"27270",32298,82,48,-34
"27271",32299,7,24,17
"27272",32300,2,0,-2
"27273",32301,81,43,-38
"27274",32302,1,4,3
"27275",32303,5,7,2
"27276",32305,31,29,-2
"27277",32306,2,1,-1
"27278",32308,6,1,-5
"27279",32310,9,6,-3
"27280",32312,11,10,-1
"27281",32314,3,3,0
"27282",32315,14,10,-4
"27283",32317,11,11,0
"27284",32318,1,0,-1
"27285",32319,3,1,-2
"27286",32320,1,0,-1
"27287",32321,1,0,-1
"27288",32322,12,0,-12
"27289",32323,6,10,4
"27290",32324,34,29,-5
"27291",32325,15,7,-8
"27292",32326,2,4,2
"27293",32327,1,3,2
"27294",32328,9,9,0
"27295",32330,11,14,3
"27296",32331,3,4,1
"27297",32332,0,2,2
"27298",32333,1,4,3
"27299",32334,0,2,2
"27300",32335,2,1,-1
"27301",32336,5,3,-2
"27302",32337,1,6,5
"27303",32338,29,37,8
"27304",32339,108,85,-23
"27305",32340,2,2,0
"27306",32341,4,24,20
"27307",32342,75,49,-26
"27308",32343,3,5,2
"27309",32344,17,15,-2
"27310",32345,117,79,-38
"27311",32347,1,0,-1
"27312",32349,3,2,-1
"27313",32350,9,7,-2
"27314",32351,11,10,-1
"27315",32352,0,5,5
"27316",32355,40,31,-9
"27317",32356,3,14,11
"27318",32358,0,1,1
"27319",32360,4,4,0
"27320",32361,18,9,-9
"27321",32362,0,1,1
"27322",32363,4,12,8
"27323",32365,18,28,10
"27324",32366,1,4,3
"27325",32368,0,9,9
"27326",32369,1,16,15
"27327",32372,2,4,2
"27328",32373,1,0,-1
"27329",32374,1,0,-1
"27330",32375,9,4,-5
"27331",32378,18,20,2
"27332",32379,2,4,2
"27333",32380,1,0,-1
"27334",32381,81,43,-38
"27335",32382,6,11,5
"27336",32383,1,13,12
"27337",32384,6,10,4
"27338",32385,12,9,-3
"27339",32386,0,4,4
"27340",32388,0,1,1
"27341",32390,4,2,-2
"27342",32391,4,3,-1
"27343",32392,24,10,-14
"27344",32393,1,1,0
"27345",32394,1,0,-1
"27346",32395,1,4,3
"27347",32396,37,41,4
"27348",32397,13,5,-8
"27349",32398,6,5,-1
"27350",32399,3,8,5
"27351",32400,1,0,-1
"27352",32401,0,6,6
"27353",32402,5,9,4
"27354",32403,2,1,-1
"27355",32405,1,0,-1
"27356",32406,1,2,1
"27357",32407,14,14,0
"27358",32408,5,2,-3
"27359",32409,0,1,1
"27360",32410,1,7,6
"27361",32411,0,3,3
"27362",32412,5,11,6
"27363",32413,1,0,-1
"27364",32414,13,18,5
"27365",32415,0,3,3
"27366",32416,9,8,-1
"27367",32417,2,2,0
"27368",32418,0,2,2
"27369",32420,4,9,5
"27370",32421,7,10,3
"27371",32422,17,4,-13
"27372",32423,1,0,-1
"27373",32424,0,2,2
"27374",32425,11,14,3
"27375",32426,15,7,-8
"27376",32428,2,3,1
"27377",32429,0,3,3
"27378",32430,0,1,1
"27379",32431,0,6,6
"27380",32432,4,3,-1
"27381",32433,5,8,3
"27382",32434,19,11,-8
"27383",32435,1,3,2
"27384",32437,1,1,0
"27385",32438,0,3,3
"27386",32439,2,2,0
"27387",32440,10,29,19
"27388",32442,0,1,1
"27389",32444,6,2,-4
"27390",32445,5,4,-1
"27391",32446,4,1,-3
"27392",32448,0,1,1
"27393",32449,9,2,-7
"27394",32451,1,1,0
"27395",32452,2,30,28
"27396",32453,4,3,-1
"27397",32454,1,2,1
"27398",32455,12,7,-5
"27399",32456,3,2,-1
"27400",32457,1,0,-1
"27401",32458,3,7,4
"27402",32459,3,4,1
"27403",32460,0,1,1
"27404",32461,9,13,4
"27405",32462,5,6,1
"27406",32463,3,3,0
"27407",32464,11,12,1
"27408",32465,14,44,30
"27409",32466,1,0,-1
"27410",32467,18,7,-11
"27411",32468,3,3,0
"27412",32469,15,12,-3
"27413",32470,0,2,2
"27414",32471,2,1,-1
"27415",32472,9,11,2
"27416",32473,2,2,0
"27417",32474,1,0,-1
"27418",32475,4,11,7
"27419",32476,3,12,9
"27420",32477,2,0,-2
"27421",32478,6,8,2
"27422",32479,0,1,1
"27423",32480,2,1,-1
"27424",32482,0,3,3
"27425",32483,9,20,11
"27426",32484,3,6,3
"27427",32485,25,13,-12
"27428",32486,40,20,-20
"27429",32487,43,18,-25
"27430",32488,1,0,-1
"27431",32489,1,2,1
"27432",32491,4,21,17
"27433",32492,6,9,3
"27434",32493,8,7,-1
"27435",32494,0,3,3
"27436",32495,2,0,-2
"27437",32496,3,7,4
"27438",32498,7,11,4
"27439",32499,1,3,2
"27440",32500,6,26,20
"27441",32501,0,3,3
"27442",32502,2,0,-2
"27443",32503,3,1,-2
"27444",32504,2,5,3
"27445",32505,7,4,-3
"27446",32506,1,1,0
"27447",32507,5,2,-3
"27448",32508,6,3,-3
"27449",32509,0,3,3
"27450",32510,1,0,-1
"27451",32511,17,21,4
"27452",32512,3,6,3
"27453",32514,2,0,-2
"27454",32515,7,11,4
"27455",32516,3,3,0
"27456",32517,2,6,4
"27457",32518,0,2,2
"27458",32519,4,5,1
"27459",32520,2,0,-2
"27460",32521,4,4,0
"27461",32522,5,26,21
"27462",32523,10,8,-2
"27463",32524,62,50,-12
"27464",32525,15,9,-6
"27465",32526,5,11,6
"27466",32529,1,10,9
"27467",32530,10,21,11
"27468",32531,0,2,2
"27469",32532,15,4,-11
"27470",32533,2,4,2
"27471",32535,9,14,5
"27472",32536,11,8,-3
"27473",32537,2,9,7
"27474",32538,0,1,1
"27475",32539,3,4,1
"27476",32540,1,0,-1
"27477",32541,2,3,1
"27478",32542,0,1,1
"27479",32543,2,1,-1
"27480",32544,2,4,2
"27481",32545,6,4,-2
"27482",32546,2,1,-1
"27483",32547,3,3,0
"27484",32548,11,19,8
"27485",32549,0,2,2
"27486",32550,1,0,-1
"27487",32551,1,4,3
"27488",32552,3,5,2
"27489",32554,0,1,1
"27490",32555,29,6,-23
"27491",32556,3,4,1
"27492",32557,2,0,-2
"27493",32558,7,30,23
"27494",32560,12,7,-5
"27495",32561,0,1,1
"27496",32564,1,2,1
"27497",32565,1,2,1
"27498",32567,5,12,7
"27499",32568,1,3,2
"27500",32569,15,7,-8
"27501",32570,7,2,-5
"27502",32571,5,6,1
"27503",32573,21,5,-16
"27504",32574,0,1,1
"27505",32576,1,0,-1
"27506",32577,0,10,10
"27507",32578,0,1,1
"27508",32579,38,17,-21
"27509",32580,20,40,20
"27510",32581,4,2,-2
"27511",32582,6,7,1
"27512",32583,1,1,0
"27513",32584,5,5,0
"27514",32585,10,8,-2
"27515",32586,0,2,2
"27516",32587,2,0,-2
"27517",32589,7,0,-7
"27518",32592,151,93,-58
"27519",32593,1,5,4
"27520",32595,56,27,-29
"27521",32597,0,2,2
"27522",32598,5,10,5
"27523",32599,0,2,2
"27524",32600,0,2,2
"27525",32601,3,2,-1
"27526",32602,1,2,1
"27527",32603,0,1,1
"27528",32604,2,3,1
"27529",32605,2,0,-2
"27530",32606,1,1,0
"27531",32608,5,2,-3
"27532",32609,3,2,-1
"27533",32610,8,6,-2
"27534",32611,3,1,-2
"27535",32612,58,35,-23
"27536",32613,1,2,1
"27537",32614,2,0,-2
"27538",32615,7,10,3
"27539",32616,12,9,-3
"27540",32617,1,1,0
"27541",32618,0,1,1
"27542",32619,0,3,3
"27543",32620,1,0,-1
"27544",32621,1,1,0
"27545",32622,3,5,2
"27546",32623,0,1,1
"27547",32626,1,0,-1
"27548",32627,0,1,1
"27549",32628,8,7,-1
"27550",32629,1,1,0
"27551",32631,4,1,-3
"27552",32632,5,7,2
"27553",32633,24,11,-13
"27554",32634,3,3,0
"27555",32635,1,0,-1
"27556",32637,0,5,5
"27557",32638,3,10,7
"27558",32639,1,4,3
"27559",32641,0,2,2
"27560",32643,1,1,0
"27561",32644,2,4,2
"27562",32645,12,7,-5
"27563",32646,2,1,-1
"27564",32647,23,10,-13
"27565",32648,1,1,0
"27566",32649,3,2,-1
"27567",32652,21,25,4
"27568",32653,102,101,-1
"27569",32654,16,7,-9
"27570",32657,1,1,0
"27571",32658,3,1,-2
"27572",32659,4,1,-3
"27573",32660,4,1,-3
"27574",32661,0,1,1
"27575",32662,1,0,-1
"27576",32663,0,3,3
"27577",32664,2,1,-1
"27578",32665,5,1,-4
"27579",32667,2,2,0
"27580",32668,2,3,1
"27581",32669,104,54,-50
"27582",32670,18,41,23
"27583",32671,13,10,-3
"27584",32672,0,1,1
"27585",32673,6,0,-6
"27586",32674,0,1,1
"27587",32675,1,10,9
"27588",32679,2,0,-2
"27589",32680,5,14,9
"27590",32681,0,2,2
"27591",32683,1,10,9
"27592",32684,3,2,-1
"27593",32685,0,1,1
"27594",32686,27,18,-9
"27595",32687,10,8,-2
"27596",32688,2,1,-1
"27597",32689,25,30,5
"27598",32691,17,11,-6
"27599",32693,0,2,2
"27600",32694,9,6,-3
"27601",32695,0,1,1
"27602",32696,0,1,1
"27603",32697,7,2,-5
"27604",32698,16,15,-1
"27605",32699,1,2,1
"27606",32700,0,2,2
"27607",32701,0,2,2
"27608",32703,5,2,-3
"27609",32704,12,17,5
"27610",32705,2,3,1
"27611",32706,1,1,0
"27612",32707,0,2,2
"27613",32708,0,2,2
"27614",32709,1,5,4
"27615",32711,1,4,3
"27616",32712,10,16,6
"27617",32713,0,2,2
"27618",32714,0,3,3
"27619",32715,1,0,-1
"27620",32716,2,1,-1
"27621",32718,43,31,-12
"27622",32719,2,2,0
"27623",32720,6,10,4
"27624",32721,5,6,1
"27625",32722,3,1,-2
"27626",32723,1,2,1
"27627",32726,2,8,6
"27628",32727,3,1,-2
"27629",32728,1,1,0
"27630",32729,3,5,2
"27631",32730,1,0,-1
"27632",32732,47,30,-17
"27633",32733,17,7,-10
"27634",32734,3,3,0
"27635",32735,112,70,-42
"27636",32736,2,3,1
"27637",32737,1,1,0
"27638",32739,2,2,0
"27639",32740,2,0,-2
"27640",32742,1,3,2
"27641",32743,4,13,9
"27642",32744,1,0,-1
"27643",32745,33,19,-14
"27644",32746,1,0,-1
"27645",32747,5,1,-4
"27646",32749,6,2,-4
"27647",32750,3,4,1
"27648",32752,0,3,3
"27649",32753,16,6,-10
"27650",32754,36,30,-6
"27651",32755,1,6,5
"27652",32757,2,3,1
"27653",32758,0,2,2
"27654",32759,22,27,5
"27655",32760,17,15,-2
"27656",32761,1,1,0
"27657",32762,0,1,1
"27658",32763,14,15,1
"27659",32764,21,10,-11
"27660",32765,0,1,1
"27661",32766,1,1,0
"27662",32767,3,3,0
"27663",32768,0,1,1
"27664",32769,131,97,-34
"27665",32771,3,0,-3
"27666",32774,2,1,-1
"27667",32775,3,2,-1
"27668",32776,8,7,-1
"27669",32777,4,32,28
"27670",32778,11,13,2
"27671",32779,5,3,-2
"27672",32780,1,2,1
"27673",32781,0,3,3
"27674",32782,3,9,6
"27675",32783,1,1,0
"27676",32784,1,0,-1
"27677",32785,8,15,7
"27678",32786,2,0,-2
"27679",32787,0,4,4
"27680",32788,2,0,-2
"27681",32789,1,1,0
"27682",32790,2,11,9
"27683",32791,11,18,7
"27684",32792,1,1,0
"27685",32793,0,1,1
"27686",32794,14,23,9
"27687",32795,1,3,2
"27688",32796,0,3,3
"27689",32797,13,19,6
"27690",32800,2,1,-1
"27691",32801,1,1,0
"27692",32802,18,8,-10
"27693",32803,2,3,1
"27694",32805,1,2,1
"27695",32806,13,15,2
"27696",32807,44,24,-20
"27697",32808,22,15,-7
"27698",32809,50,19,-31
"27699",32810,5,8,3
"27700",32812,1,6,5
"27701",32813,2,0,-2
"27702",32816,2,2,0
"27703",32818,4,6,2
"27704",32819,11,2,-9
"27705",32820,2,2,0
"27706",32821,1,0,-1
"27707",32822,23,6,-17
"27708",32823,9,6,-3
"27709",32824,4,3,-1
"27710",32825,6,2,-4
"27711",32826,8,16,8
"27712",32827,0,2,2
"27713",32828,12,12,0
"27714",32829,5,9,4
"27715",32830,2,5,3
"27716",32831,2,2,0
"27717",32833,1,0,-1
"27718",32834,2,3,1
"27719",32835,11,9,-2
"27720",32836,6,7,1
"27721",32837,12,10,-2
"27722",32838,0,1,1
"27723",32839,1,2,1
"27724",32840,3,1,-2
"27725",32841,2,0,-2
"27726",32842,0,1,1
"27727",32843,79,46,-33
"27728",32844,1,2,1
"27729",32845,1,5,4
"27730",32847,1,2,1
"27731",32848,11,8,-3
"27732",32849,2,0,-2
"27733",32850,1,0,-1
"27734",32852,1,1,0
"27735",32853,12,8,-4
"27736",32854,9,7,-2
"27737",32856,43,30,-13
"27738",32857,2,0,-2
"27739",32859,1,0,-1
"27740",32860,4,2,-2
"27741",32861,1,1,0
"27742",32862,2,2,0
"27743",32863,4,1,-3
"27744",32864,1,3,2
"27745",32865,1,0,-1
"27746",32866,2,2,0
"27747",32867,1,0,-1
"27748",32868,0,1,1
"27749",32869,2,13,11
"27750",32870,1,1,0
"27751",32871,4,6,2
"27752",32872,1,3,2
"27753",32873,14,11,-3
"27754",32875,1,4,3
"27755",32876,4,0,-4
"27756",32877,2,2,0
"27757",32878,2,1,-1
"27758",32879,2,0,-2
"27759",32880,2,8,6
"27760",32881,1,0,-1
"27761",32882,3,2,-1
"27762",32883,0,1,1
"27763",32885,1,0,-1
"27764",32886,3,7,4
"27765",32887,1,1,0
"27766",32888,29,14,-15
"27767",32889,15,7,-8
"27768",32890,11,10,-1
"27769",32891,24,42,18
"27770",32892,0,6,6
"27771",32893,1,3,2
"27772",32894,1,4,3
"27773",32895,8,19,11
"27774",32896,1,1,0
"27775",32897,1,13,12
"27776",32898,2,0,-2
"27777",32899,1,2,1
"27778",32900,7,8,1
"27779",32902,2,0,-2
"27780",32903,2,3,1
"27781",32904,2,1,-1
"27782",32905,15,9,-6
"27783",32906,7,2,-5
"27784",32907,8,30,22
"27785",32908,11,6,-5
"27786",32909,2,2,0
"27787",32910,3,8,5
"27788",32911,1,2,1
"27789",32912,1,3,2
"27790",32913,2,1,-1
"27791",32915,9,17,8
"27792",32916,8,2,-6
"27793",32917,4,9,5
"27794",32918,1,0,-1
"27795",32919,1,0,-1
"27796",32920,0,9,9
"27797",32924,17,8,-9
"27798",32925,1,1,0
"27799",32926,1,1,0
"27800",32927,12,11,-1
"27801",32928,55,36,-19
"27802",32930,5,3,-2
"27803",32931,10,18,8
"27804",32932,12,8,-4
"27805",32933,2,1,-1
"27806",32934,40,42,2
"27807",32935,3,7,4
"27808",32936,1,1,0
"27809",32937,0,3,3
"27810",32938,1,3,2
"27811",32939,1,2,1
"27812",32940,1,5,4
"27813",32942,1,0,-1
"27814",32943,1,2,1
"27815",32944,3,3,0
"27816",32946,3,7,4
"27817",32947,20,15,-5
"27818",32948,2,0,-2
"27819",32949,2,1,-1
"27820",32951,16,18,2
"27821",32952,51,27,-24
"27822",32953,1,0,-1
"27823",32954,5,20,15
"27824",32955,1,2,1
"27825",32956,11,9,-2
"27826",32957,1,1,0
"27827",32958,13,10,-3
"27828",32960,1,0,-1
"27829",32961,1,1,0
"27830",32962,0,1,1
"27831",32964,2,1,-1
"27832",32965,5,11,6
"27833",32966,16,7,-9
"27834",32967,1,0,-1
"27835",32968,19,19,0
"27836",32969,1,5,4
"27837",32970,0,1,1
"27838",32971,2,2,0
"27839",32972,1,1,0
"27840",32973,2,3,1
"27841",32974,6,4,-2
"27842",32975,2,3,1
"27843",32977,3,5,2
"27844",32978,1,3,2
"27845",32979,1,5,4
"27846",32980,3,7,4
"27847",32981,1,4,3
"27848",32982,3,1,-2
"27849",32983,1,1,0
"27850",32984,7,5,-2
"27851",32985,2,0,-2
"27852",32986,3,6,3
"27853",32987,6,8,2
"27854",32988,1,0,-1
"27855",32989,3,1,-2
"27856",32991,3,3,0
"27857",32992,1,0,-1
"27858",32993,0,2,2
"27859",32994,2,6,4
"27860",32995,1,5,4
"27861",32996,6,16,10
"27862",32997,1,0,-1
"27863",32998,2,1,-1
"27864",33000,14,19,5
"27865",33001,4,0,-4
"27866",33002,1,2,1
"27867",33004,2,6,4
"27868",33005,1,1,0
"27869",33006,0,1,1
"27870",33008,4,20,16
"27871",33009,2,2,0
"27872",33011,47,30,-17
"27873",33012,11,26,15
"27874",33014,3,8,5
"27875",33015,3,9,6
"27876",33017,4,12,8
"27877",33018,2,5,3
"27878",33019,1,0,-1
"27879",33020,124,101,-23
"27880",33021,12,7,-5
"27881",33022,2,0,-2
"27882",33023,0,1,1
"27883",33024,0,1,1
"27884",33025,1,6,5
"27885",33026,2,1,-1
"27886",33028,0,1,1
"27887",33029,6,10,4
"27888",33030,1,4,3
"27889",33031,0,1,1
"27890",33032,1,2,1
"27891",33033,36,14,-22
"27892",33034,2,3,1
"27893",33035,1,2,1
"27894",33036,2,0,-2
"27895",33037,3,1,-2
"27896",33038,7,11,4
"27897",33039,1,0,-1
"27898",33040,3,0,-3
"27899",33041,1,13,12
"27900",33042,95,89,-6
"27901",33043,2,1,-1
"27902",33044,3,2,-1
"27903",33045,14,23,9
"27904",33046,0,5,5
"27905",33048,6,7,1
"27906",33049,13,15,2
"27907",33050,4,1,-3
"27908",33051,2,3,1
"27909",33052,1,4,3
"27910",33053,4,1,-3
"27911",33054,1,1,0
"27912",33055,10,10,0
"27913",33056,11,58,47
"27914",33057,23,23,0
"27915",33059,14,15,1
"27916",33060,0,1,1
"27917",33061,0,2,2
"27918",33062,1,0,-1
"27919",33063,15,7,-8
"27920",33064,0,2,2
"27921",33065,0,1,1
"27922",33066,9,13,4
"27923",33067,2,2,0
"27924",33068,5,24,19
"27925",33069,3,3,0
"27926",33070,0,1,1
"27927",33071,0,1,1
"27928",33072,62,63,1
"27929",33074,1,1,0
"27930",33075,55,32,-23
"27931",33076,0,2,2
"27932",33077,0,1,1
"27933",33078,1,1,0
"27934",33079,15,13,-2
"27935",33080,3,2,-1
"27936",33082,3,2,-1
"27937",33083,3,7,4
"27938",33084,1,4,3
"27939",33085,155,113,-42
"27940",33086,3,6,3
"27941",33087,0,1,1
"27942",33088,3,8,5
"27943",33089,1,0,-1
"27944",33090,1,4,3
"27945",33091,1,4,3
"27946",33092,13,4,-9
"27947",33093,15,3,-12
"27948",33094,32,24,-8
"27949",33095,2,5,3
"27950",33096,0,3,3
"27951",33097,0,4,4
"27952",33098,2,0,-2
"27953",33099,0,2,2
"27954",33100,2,3,1
"27955",33101,56,37,-19
"27956",33102,0,3,3
"27957",33103,65,39,-26
"27958",33104,91,65,-26
"27959",33105,35,25,-10
"27960",33106,4,4,0
"27961",33107,2,5,3
"27962",33108,2,1,-1
"27963",33109,0,1,1
"27964",33110,0,5,5
"27965",33111,0,2,2
"27966",33112,5,1,-4
"27967",33114,43,22,-21
"27968",33115,3,1,-2
"27969",33117,0,2,2
"27970",33119,1,0,-1
"27971",33120,0,1,1
"27972",33121,0,1,1
"27973",33123,1,4,3
"27974",33124,11,19,8
"27975",33125,0,1,1
"27976",33126,1,4,3
"27977",33127,0,1,1
"27978",33128,3,1,-2
"27979",33129,1,1,0
"27980",33130,4,4,0
"27981",33131,3,0,-3
"27982",33132,6,1,-5
"27983",33133,9,7,-2
"27984",33134,6,4,-2
"27985",33136,3,2,-1
"27986",33137,0,2,2
"27987",33138,0,1,1
"27988",33139,10,13,3
"27989",33140,1,1,0
"27990",33141,0,3,3
"27991",33142,116,77,-39
"27992",33143,13,9,-4
"27993",33144,4,5,1
"27994",33145,0,2,2
"27995",33146,0,2,2
"27996",33147,1,3,2
"27997",33148,0,2,2
"27998",33149,17,17,0
"27999",33150,0,1,1
"28000",33151,0,1,1
"28001",33153,124,101,-23
"28002",33154,5,1,-4
"28003",33155,22,34,12
"28004",33156,3,2,-1
"28005",33157,6,1,-5
"28006",33158,6,0,-6
"28007",33159,1,2,1
"28008",33160,1,0,-1
"28009",33161,1,1,0
"28010",33162,1,0,-1
"28011",33163,2,1,-1
"28012",33164,2,2,0
"28013",33165,0,1,1
"28014",33166,9,3,-6
"28015",33167,3,4,1
"28016",33168,6,9,3
"28017",33169,2,0,-2
"28018",33170,1,1,0
"28019",33172,2,3,1
"28020",33173,2,0,-2
"28021",33174,3,0,-3
"28022",33176,13,20,7
"28023",33178,5,2,-3
"28024",33179,0,1,1
"28025",33180,1,2,1
"28026",33181,0,3,3
"28027",33182,2,1,-1
"28028",33183,1,3,2
"28029",33184,1,1,0
"28030",33185,4,18,14
"28031",33186,3,5,2
"28032",33187,0,1,1
"28033",33188,0,4,4
"28034",33189,1,2,1
"28035",33190,1,6,5
"28036",33191,1,2,1
"28037",33192,2,5,3
"28038",33193,3,1,-2
"28039",33194,0,8,8
"28040",33195,1,0,-1
"28041",33196,2,0,-2
"28042",33197,2,1,-1
"28043",33198,2,5,3
"28044",33199,1,1,0
"28045",33200,3,0,-3
"28046",33201,1,2,1
"28047",33202,1,0,-1
"28048",33203,0,1,1
"28049",33206,3,2,-1
"28050",33207,3,1,-2
"28051",33208,7,8,1
"28052",33209,0,2,2
"28053",33211,6,3,-3
"28054",33212,12,8,-4
"28055",33213,0,2,2
"28056",33216,14,12,-2
"28057",33217,1,7,6
"28058",33218,6,3,-3
"28059",33220,24,27,3
"28060",33221,6,7,1
"28061",33223,1,0,-1
"28062",33224,4,2,-2
"28063",33225,0,3,3
"28064",33226,1,1,0
"28065",33227,1,1,0
"28066",33228,1,0,-1
"28067",33229,2,0,-2
"28068",33230,2,1,-1
"28069",33231,2,5,3
"28070",33232,1,0,-1
"28071",33233,5,7,2
"28072",33234,3,2,-1
"28073",33235,6,5,-1
"28074",33236,22,17,-5
"28075",33237,0,1,1
"28076",33238,1,0,-1
"28077",33239,16,9,-7
"28078",33240,1,0,-1
"28079",33241,4,0,-4
"28080",33242,0,1,1
"28081",33243,20,35,15
"28082",33245,6,3,-3
"28083",33246,0,1,1
"28084",33247,1,1,0
"28085",33249,155,113,-42
"28086",33250,0,1,1
"28087",33251,2,0,-2
"28088",33252,4,0,-4
"28089",33253,4,5,1
"28090",33254,35,30,-5
"28091",33256,0,3,3
"28092",33257,2,4,2
"28093",33259,15,3,-12
"28094",33260,17,2,-15
"28095",33261,2,7,5
"28096",33262,1,3,2
"28097",33263,0,7,7
"28098",33264,23,6,-17
"28099",33265,10,6,-4
"28100",33266,9,4,-5
"28101",33267,4,3,-1
"28102",33269,4,4,0
"28103",33270,1,2,1
"28104",33272,5,2,-3
"28105",33273,1,2,1
"28106",33274,2,1,-1
"28107",33275,9,10,1
"28108",33276,2,5,3
"28109",33278,3,1,-2
"28110",33279,15,11,-4
"28111",33280,1,2,1
"28112",33281,1,2,1
"28113",33282,1,7,6
"28114",33284,1,7,6
"28115",33285,11,19,8
"28116",33286,151,93,-58
"28117",33287,1,2,1
"28118",33288,2,2,0
"28119",33289,6,3,-3
"28120",33291,1,4,3
"28121",33292,1,2,1
"28122",33293,2,3,1
"28123",33294,4,3,-1
"28124",33295,6,3,-3
"28125",33296,9,5,-4
"28126",33297,2,0,-2
"28127",33298,14,8,-6
"28128",33299,0,1,1
"28129",33300,12,10,-2
"28130",33301,0,1,1
"28131",33304,3,0,-3
"28132",33305,2,1,-1
"28133",33306,6,3,-3
"28134",33307,0,6,6
"28135",33308,7,8,1
"28136",33309,16,13,-3
"28137",33310,2,2,0
"28138",33311,3,1,-2
"28139",33312,6,4,-2
"28140",33313,3,2,-1
"28141",33314,1,0,-1
"28142",33316,1,0,-1
"28143",33317,6,5,-1
"28144",33318,3,2,-1
"28145",33319,6,3,-3
"28146",33320,1,2,1
"28147",33321,27,27,0
"28148",33322,1,2,1
"28149",33323,0,2,2
"28150",33324,1,0,-1
"28151",33325,3,2,-1
"28152",33326,0,1,1
"28153",33327,1,8,7
"28154",33328,1,1,0
"28155",33329,2,0,-2
"28156",33330,1,2,1
"28157",33331,2,0,-2
"28158",33332,1,0,-1
"28159",33333,12,17,5
"28160",33334,11,4,-7
"28161",33336,16,8,-8
"28162",33337,0,2,2
"28163",33339,1,7,6
"28164",33340,1,0,-1
"28165",33341,20,16,-4
"28166",33342,3,14,11
"28167",33343,0,1,1
"28168",33344,3,4,1
"28169",33345,1,0,-1
"28170",33346,0,4,4
"28171",33347,3,4,1
"28172",33348,0,1,1
"28173",33349,0,2,2
"28174",33350,3,1,-2
"28175",33351,3,7,4
"28176",33352,1,8,7
"28177",33353,2,7,5
"28178",33354,111,70,-41
"28179",33355,0,1,1
"28180",33356,2,0,-2
"28181",33358,2,5,3
"28182",33359,1,3,2
"28183",33360,32,22,-10
"28184",33362,95,74,-21
"28185",33364,1,1,0
"28186",33366,0,1,1
"28187",33368,27,16,-11
"28188",33369,2,3,1
"28189",33370,4,2,-2
"28190",33373,4,4,0
"28191",33374,2,6,4
"28192",33375,4,14,10
"28193",33376,2,11,9
"28194",33377,4,3,-1
"28195",33378,2,1,-1
"28196",33379,5,1,-4
"28197",33381,20,23,3
"28198",33382,3,0,-3
"28199",33383,1,0,-1
"28200",33384,1,0,-1
"28201",33385,62,40,-22
"28202",33387,0,6,6
"28203",33388,1,1,0
"28204",33389,0,2,2
"28205",33390,3,2,-1
"28206",33391,5,5,0
"28207",33392,1,2,1
"28208",33393,78,37,-41
"28209",33394,1,0,-1
"28210",33395,2,3,1
"28211",33396,2,3,1
"28212",33397,8,24,16
"28213",33398,3,5,2
"28214",33399,3,2,-1
"28215",33400,3,0,-3
"28216",33401,9,8,-1
"28217",33402,0,1,1
"28218",33403,18,15,-3
"28219",33404,2,2,0
"28220",33405,1,0,-1
"28221",33406,0,1,1
"28222",33407,1,1,0
"28223",33408,2,6,4
"28224",33409,27,21,-6
"28225",33410,1,0,-1
"28226",33411,3,8,5
"28227",33413,1,1,0
"28228",33414,1,2,1
"28229",33415,1,2,1
"28230",33416,6,5,-1
"28231",33417,4,16,12
"28232",33418,1,3,2
"28233",33419,15,8,-7
"28234",33420,5,5,0
"28235",33421,13,10,-3
"28236",33422,1,0,-1
"28237",33423,1,0,-1
"28238",33424,15,8,-7
"28239",33425,5,6,1
"28240",33426,2,1,-1
"28241",33427,14,8,-6
"28242",33428,4,12,8
"28243",33429,2,1,-1
"28244",33430,1,3,2
"28245",33431,1,1,0
"28246",33432,13,8,-5
"28247",33433,0,2,2
"28248",33434,2,4,2
"28249",33435,8,7,-1
"28250",33436,1,3,2
"28251",33437,10,19,9
"28252",33438,170,121,-49
"28253",33439,1,0,-1
"28254",33440,2,8,6
"28255",33441,8,7,-1
"28256",33442,1,0,-1
"28257",33443,9,2,-7
"28258",33444,0,4,4
"28259",33445,0,2,2
"28260",33446,0,2,2
"28261",33447,2,2,0
"28262",33448,3,1,-2
"28263",33449,1,1,0
"28264",33450,1,0,-1
"28265",33452,1,9,8
"28266",33453,6,4,-2
"28267",33454,0,2,2
"28268",33456,0,2,2
"28269",33457,1,0,-1
"28270",33458,0,1,1
"28271",33459,2,4,2
"28272",33460,7,1,-6
"28273",33462,1,6,5
"28274",33464,2,0,-2
"28275",33465,0,7,7
"28276",33466,3,1,-2
"28277",33467,2,1,-1
"28278",33468,1,1,0
"28279",33469,2,1,-1
"28280",33471,1,2,1
"28281",33473,1,11,10
"28282",33474,13,8,-5
"28283",33476,1,4,3
"28284",33477,2,0,-2
"28285",33478,2,19,17
"28286",33479,1,8,7
"28287",33481,0,2,2
"28288",33483,4,1,-3
"28289",33484,2,1,-1
"28290",33485,1,4,3
"28291",33486,13,8,-5
"28292",33487,5,6,1
"28293",33489,0,1,1
"28294",33490,1,1,0
"28295",33491,3,2,-1
"28296",33492,1,3,2
"28297",33493,7,2,-5
"28298",33494,3,14,11
"28299",33495,1,0,-1
"28300",33496,1,12,11
"28301",33497,3,11,8
"28302",33498,0,1,1
"28303",33499,3,1,-2
"28304",33500,8,6,-2
"28305",33501,0,1,1
"28306",33502,1,0,-1
"28307",33503,3,11,8
"28308",33504,0,1,1
"28309",33505,5,8,3
"28310",33506,4,2,-2
"28311",33507,3,3,0
"28312",33508,8,0,-8
"28313",33509,0,1,1
"28314",33510,7,17,10
"28315",33511,3,1,-2
"28316",33513,0,1,1
"28317",33514,1,2,1
"28318",33515,0,1,1
"28319",33516,167,124,-43
"28320",33517,6,15,9
"28321",33518,1,0,-1
"28322",33519,12,9,-3
"28323",33520,3,6,3
"28324",33521,2,0,-2
"28325",33522,0,2,2
"28326",33523,3,4,1
"28327",33524,1,1,0
"28328",33525,3,3,0
"28329",33526,1,0,-1
"28330",33527,0,2,2
"28331",33528,0,1,1
"28332",33529,2,1,-1
"28333",33531,2,1,-1
"28334",33532,1,2,1
"28335",33535,2,2,0
"28336",33536,2,3,1
"28337",33537,3,11,8
"28338",33538,0,2,2
"28339",33539,2,5,3
"28340",33540,0,1,1
"28341",33541,0,1,1
"28342",33542,0,12,12
"28343",33543,16,10,-6
"28344",33544,0,3,3
"28345",33545,37,32,-5
"28346",33546,4,11,7
"28347",33547,24,15,-9
"28348",33548,4,0,-4
"28349",33549,6,1,-5
"28350",33550,3,1,-2
"28351",33551,125,92,-33
"28352",33552,120,78,-42
"28353",33553,105,108,3
"28354",33554,115,93,-22
"28355",33555,181,67,-114
"28356",33556,145,78,-67
"28357",33557,120,103,-17
"28358",33558,114,95,-19
"28359",33559,9,9,0
"28360",33560,147,82,-65
"28361",33561,4,6,2
"28362",33562,157,93,-64
"28363",33563,39,49,10
"28364",33564,0,3,3
"28365",33565,3,7,4
"28366",33566,10,2,-8
"28367",33568,7,11,4
"28368",33569,2,2,0
"28369",33570,15,21,6
"28370",33571,0,5,5
"28371",33572,1,2,1
"28372",33573,2,2,0
"28373",33574,5,22,17
"28374",33575,1,3,2
"28375",33576,1,1,0
"28376",33578,3,2,-1
"28377",33579,1,6,5
"28378",33580,3,1,-2
"28379",33582,1,0,-1
"28380",33583,0,1,1
"28381",33585,2,1,-1
"28382",33586,3,25,22
"28383",33587,3,3,0
"28384",33588,3,3,0
"28385",33589,0,1,1
"28386",33590,2,2,0
"28387",33591,0,7,7
"28388",33592,6,11,5
"28389",33593,0,1,1
"28390",33594,3,8,5
"28391",33595,1,9,8
"28392",33596,2,2,0
"28393",33597,6,5,-1
"28394",33598,1,1,0
"28395",33600,0,1,1
"28396",33601,0,1,1
"28397",33602,2,1,-1
"28398",33603,3,5,2
"28399",33604,2,0,-2
"28400",33606,4,7,3
"28401",33607,1,9,8
"28402",33608,12,7,-5
"28403",33609,1,0,-1
"28404",33610,3,4,1
"28405",33613,3,0,-3
"28406",33614,4,2,-2
"28407",33615,1,0,-1
"28408",33616,2,1,-1
"28409",33617,2,5,3
"28410",33618,0,16,16
"28411",33619,0,2,2
"28412",33620,102,101,-1
"28413",33621,1,4,3
"28414",33622,3,0,-3
"28415",33623,11,15,4
"28416",33624,2,6,4
"28417",33625,8,9,1
"28418",33626,1,5,4
"28419",33627,2,2,0
"28420",33628,2,3,1
"28421",33629,5,14,9
"28422",33631,9,10,1
"28423",33632,0,1,1
"28424",33633,2,0,-2
"28425",33634,2,3,1
"28426",33635,9,6,-3
"28427",33636,4,10,6
"28428",33637,2,0,-2
"28429",33638,3,6,3
"28430",33639,8,13,5
"28431",33640,1,4,3
"28432",33642,1,0,-1
"28433",33643,4,1,-3
"28434",33644,14,12,-2
"28435",33645,1,0,-1
"28436",33646,3,5,2
"28437",33647,2,0,-2
"28438",33648,0,1,1
"28439",33649,8,8,0
"28440",33650,2,0,-2
"28441",33651,2,2,0
"28442",33653,0,3,3
"28443",33654,5,3,-2
"28444",33655,2,2,0
"28445",33656,2,10,8
"28446",33657,3,2,-1
"28447",33658,1,0,-1
"28448",33659,9,8,-1
"28449",33660,0,8,8
"28450",33661,2,2,0
"28451",33662,4,6,2
"28452",33663,1,2,1
"28453",33664,2,2,0
"28454",33665,74,64,-10
"28455",33666,1,8,7
"28456",33667,2,1,-1
"28457",33668,0,5,5
"28458",33669,11,33,22
"28459",33670,1,2,1
"28460",33671,1,1,0
"28461",33672,2,1,-1
"28462",33675,0,6,6
"28463",33677,0,1,1
"28464",33678,0,2,2
"28465",33679,1,3,2
"28466",33680,1,5,4
"28467",33682,0,2,2
"28468",33683,1,8,7
"28469",33685,1,1,0
"28470",33686,8,5,-3
"28471",33687,11,7,-4
"28472",33688,0,2,2
"28473",33689,4,2,-2
"28474",33690,12,32,20
"28475",33691,0,4,4
"28476",33692,3,1,-2
"28477",33693,4,6,2
"28478",33694,3,0,-3
"28479",33695,10,7,-3
"28480",33697,40,18,-22
"28481",33698,6,14,8
"28482",33699,20,15,-5
"28483",33700,5,3,-2
"28484",33701,4,3,-1
"28485",33702,1,0,-1
"28486",33703,1,4,3
"28487",33704,1,4,3
"28488",33705,0,2,2
"28489",33706,3,6,3
"28490",33707,0,1,1
"28491",33709,0,2,2
"28492",33710,0,2,2
"28493",33711,2,1,-1
"28494",33712,1,1,0
"28495",33713,115,86,-29
"28496",33714,0,3,3
"28497",33715,2,2,0
"28498",33716,0,3,3
"28499",33717,4,1,-3
"28500",33718,0,2,2
"28501",33719,16,12,-4
"28502",33721,1,0,-1
"28503",33722,1,2,1
"28504",33723,5,2,-3
"28505",33724,1,0,-1
"28506",33725,25,20,-5
"28507",33726,63,41,-22
"28508",33727,2,0,-2
"28509",33728,4,1,-3
"28510",33730,4,3,-1
"28511",33731,0,21,21
"28512",33732,0,2,2
"28513",33733,15,15,0
"28514",33734,3,2,-1
"28515",33736,1,1,0
"28516",33737,3,0,-3
"28517",33738,2,1,-1
"28518",33739,0,4,4
"28519",33740,1,2,1
"28520",33741,148,94,-54
"28521",33742,115,68,-47
"28522",33743,2,1,-1
"28523",33744,11,17,6
"28524",33746,0,2,2
"28525",33747,4,5,1
"28526",33748,0,2,2
"28527",33749,85,35,-50
"28528",33750,2,2,0
"28529",33751,1,1,0
"28530",33753,2,12,10
"28531",33755,10,17,7
"28532",33756,0,1,1
"28533",33757,5,4,-1
"28534",33758,3,3,0
"28535",33759,5,5,0
"28536",33760,2,2,0
"28537",33761,0,3,3
"28538",33762,1,2,1
"28539",33763,0,2,2
"28540",33765,10,5,-5
"28541",33766,2,2,0
"28542",33767,5,6,1
"28543",33768,18,9,-9
"28544",33769,1,4,3
"28545",33770,21,6,-15
"28546",33771,1,13,12
"28547",33772,1,0,-1
"28548",33773,1,3,2
"28549",33774,1,6,5
"28550",33775,1,2,1
"28551",33776,5,1,-4
"28552",33777,1,1,0
"28553",33778,11,23,12
"28554",33779,3,1,-2
"28555",33780,4,4,0
"28556",33781,8,9,1
"28557",33782,13,11,-2
"28558",33783,2,4,2
"28559",33787,3,3,0
"28560",33788,2,11,9
"28561",33789,4,7,3
"28562",33790,9,5,-4
"28563",33791,1,5,4
"28564",33792,3,4,1
"28565",33793,2,5,3
"28566",33794,0,1,1
"28567",33795,0,2,2
"28568",33797,0,5,5
"28569",33799,1,3,2
"28570",33802,129,70,-59
"28571",33803,8,9,1
"28572",33804,2,1,-1
"28573",33806,4,0,-4
"28574",33807,0,3,3
"28575",33809,2,7,5
"28576",33810,2,2,0
"28577",33811,3,3,0
"28578",33813,4,3,-1
"28579",33814,2,2,0
"28580",33815,2,2,0
"28581",33816,6,4,-2
"28582",33817,4,0,-4
"28583",33818,3,2,-1
"28584",33819,1,1,0
"28585",33820,23,32,9
"28586",33821,2,0,-2
"28587",33823,2,2,0
"28588",33824,45,39,-6
"28589",33825,0,4,4
"28590",33826,0,2,2
"28591",33827,0,1,1
"28592",33828,4,1,-3
"28593",33830,2,3,1
"28594",33831,2,1,-1
"28595",33832,166,96,-70
"28596",33833,137,77,-60
"28597",33834,1,0,-1
"28598",33835,6,8,2
"28599",33836,2,1,-1
"28600",33837,13,9,-4
"28601",33838,0,1,1
"28602",33839,7,2,-5
"28603",33840,1,2,1
"28604",33841,1,0,-1
"28605",33842,0,3,3
"28606",33843,4,3,-1
"28607",33845,1,0,-1
"28608",33846,1,1,0
"28609",33847,9,8,-1
"28610",33849,0,1,1
"28611",33850,2,0,-2
"28612",33851,1,2,1
"28613",33852,5,4,-1
"28614",33853,3,2,-1
"28615",33854,160,115,-45
"28616",33855,1,0,-1
"28617",33856,1,1,0
"28618",33857,0,2,2
"28619",33858,1,0,-1
"28620",33859,6,5,-1
"28621",33860,1,1,0
"28622",33861,1,0,-1
"28623",33862,2,8,6
"28624",33863,2,3,1
"28625",33865,8,4,-4
"28626",33866,20,3,-17
"28627",33867,2,8,6
"28628",33868,3,10,7
"28629",33869,1,1,0
"28630",33870,1,4,3
"28631",33871,6,8,2
"28632",33872,5,5,0
"28633",33873,1,0,-1
"28634",33874,2,1,-1
"28635",33876,1,0,-1
"28636",33877,2,2,0
"28637",33879,8,18,10
"28638",33880,2,3,1
"28639",33885,2,4,2
"28640",33886,0,1,1
"28641",33887,1,15,14
"28642",33888,9,5,-4
"28643",33892,1,2,1
"28644",33894,12,10,-2
"28645",33895,0,1,1
"28646",33896,3,3,0
"28647",33897,5,6,1
"28648",33898,1,0,-1
"28649",33899,129,93,-36
"28650",33900,1,15,14
"28651",33902,0,3,3
"28652",33903,0,5,5
"28653",33904,1,12,11
"28654",33905,7,2,-5
"28655",33907,2,1,-1
"28656",33908,2,31,29
"28657",33909,8,8,0
"28658",33910,2,1,-1
"28659",33912,1,2,1
"28660",33913,5,3,-2
"28661",33914,5,6,1
"28662",33915,6,5,-1
"28663",33916,6,4,-2
"28664",33917,0,2,2
"28665",33918,0,2,2
"28666",33919,2,5,3
"28667",33920,4,6,2
"28668",33921,1,5,4
"28669",33922,3,4,1
"28670",33925,1,1,0
"28671",33927,2,0,-2
"28672",33928,1,0,-1
"28673",33929,2,1,-1
"28674",33930,158,111,-47
"28675",33931,152,113,-39
"28676",33932,138,128,-10
"28677",33933,0,3,3
"28678",33934,133,91,-42
"28679",33935,87,61,-26
"28680",33936,132,96,-36
"28681",33937,4,2,-2
"28682",33938,143,88,-55
"28683",33939,129,90,-39
"28684",33940,94,82,-12
"28685",33941,134,77,-57
"28686",33942,125,77,-48
"28687",33943,116,93,-23
"28688",33944,141,70,-71
"28689",33945,157,101,-56
"28690",33946,98,104,6
"28691",33947,141,80,-61
"28692",33948,161,107,-54
"28693",33949,170,85,-85
"28694",33950,5,42,37
"28695",33951,136,86,-50
"28696",33952,165,92,-73
"28697",33953,97,92,-5
"28698",33954,152,98,-54
"28699",33955,111,84,-27
"28700",33956,100,97,-3
"28701",33957,113,77,-36
"28702",33958,131,102,-29
"28703",33959,23,106,83
"28704",33960,125,72,-53
"28705",33961,144,75,-69
"28706",33962,193,112,-81
"28707",33963,131,99,-32
"28708",33964,2,3,1
"28709",33965,156,92,-64
"28710",33966,1,1,0
"28711",33967,114,83,-31
"28712",33968,124,88,-36
"28713",33969,138,101,-37
"28714",33970,120,84,-36
"28715",33971,8,120,112
"28716",33972,159,93,-66
"28717",33973,135,85,-50
"28718",33974,124,90,-34
"28719",33975,118,108,-10
"28720",33976,120,78,-42
"28721",33977,138,87,-51
"28722",33978,138,77,-61
"28723",33979,139,91,-48
"28724",33980,112,87,-25
"28725",33981,209,85,-124
"28726",33982,139,75,-64
"28727",33983,132,94,-38
"28728",33984,141,97,-44
"28729",33985,126,94,-32
"28730",33986,147,85,-62
"28731",33987,0,3,3
"28732",33988,1,3,2
"28733",33989,7,2,-5
"28734",33990,0,3,3
"28735",33991,4,3,-1
"28736",33992,2,7,5
"28737",33993,0,1,1
"28738",33994,3,4,1
"28739",33995,34,9,-25
"28740",33996,6,2,-4
"28741",33997,5,2,-3
"28742",33998,6,2,-4
"28743",33999,13,10,-3
"28744",34000,9,5,-4
"28745",34001,0,1,1
"28746",34002,3,1,-2
"28747",34003,1,1,0
"28748",34004,3,1,-2
"28749",34005,14,9,-5
"28750",34006,149,70,-79
"28751",34007,195,81,-114
"28752",34008,126,86,-40
"28753",34009,176,94,-82
"28754",34010,128,60,-68
"28755",34011,0,1,1
"28756",34012,28,14,-14
"28757",34013,175,105,-70
"28758",34014,191,113,-78
"28759",34015,109,121,12
"28760",34016,165,78,-87
"28761",34017,140,78,-62
"28762",34018,131,73,-58
"28763",34019,163,86,-77
"28764",34020,141,99,-42
"28765",34021,117,91,-26
"28766",34022,132,87,-45
"28767",34023,108,68,-40
"28768",34024,127,83,-44
"28769",34025,128,86,-42
"28770",34026,142,105,-37
"28771",34027,173,104,-69
"28772",34028,122,86,-36
"28773",34029,115,94,-21
"28774",34030,113,86,-27
"28775",34031,142,89,-53
"28776",34032,79,88,9
"28777",34033,113,63,-50
"28778",34034,196,84,-112
"28779",34035,1,0,-1
"28780",34036,98,80,-18
"28781",34037,131,75,-56
"28782",34038,132,67,-65
"28783",34039,136,71,-65
"28784",34040,76,67,-9
"28785",34041,116,67,-49
"28786",34042,123,92,-31
"28787",34043,164,92,-72
"28788",34044,121,79,-42
"28789",34045,132,76,-56
"28790",34046,146,104,-42
"28791",34047,126,110,-16
"28792",34048,145,95,-50
"28793",34049,139,96,-43
"28794",34050,1,0,-1
"28795",34051,121,94,-27
"28796",34052,134,70,-64
"28797",34053,185,135,-50
"28798",34054,145,99,-46
"28799",34055,3,8,5
"28800",34056,3,9,6
"28801",34057,8,15,7
"28802",34058,7,1,-6
"28803",34059,1,2,1
"28804",34060,13,16,3
"28805",34061,131,76,-55
"28806",34062,132,76,-56
"28807",34063,134,70,-64
"28808",34064,3,3,0
"28809",34065,1,0,-1
"28810",34066,0,1,1
"28811",34068,3,4,1
"28812",34069,2,1,-1
"28813",34070,1,0,-1
"28814",34072,6,5,-1
"28815",34073,0,2,2
"28816",34074,12,10,-2
"28817",34075,3,3,0
"28818",34076,2,0,-2
"28819",34077,0,1,1
"28820",34078,4,2,-2
"28821",34080,9,12,3
"28822",34081,5,8,3
"28823",34082,3,2,-1
"28824",34083,6,5,-1
"28825",34084,1,0,-1
"28826",34085,2,2,0
"28827",34086,3,0,-3
"28828",34087,6,3,-3
"28829",34089,7,8,1
"28830",34091,2,0,-2
"28831",34092,7,0,-7
"28832",34093,2,3,1
"28833",34094,16,13,-3
"28834",34095,0,1,1
"28835",34096,4,4,0
"28836",34097,12,8,-4
"28837",34098,9,2,-7
"28838",34099,0,1,1
"28839",34100,2,6,4
"28840",34101,3,1,-2
"28841",34102,25,20,-5
"28842",34103,1,2,1
"28843",34104,6,8,2
"28844",34105,6,8,2
"28845",34106,10,12,2
"28846",34107,5,6,1
"28847",34108,3,3,0
"28848",34109,4,3,-1
"28849",34110,6,3,-3
"28850",34111,1,0,-1
"28851",34112,8,3,-5
"28852",34113,1,3,2
"28853",34114,12,10,-2
"28854",34116,1,2,1
"28855",34117,3,0,-3
"28856",34118,5,22,17
"28857",34120,3,2,-1
"28858",34121,1,4,3
"28859",34122,0,2,2
"28860",34123,4,0,-4
"28861",34124,1,1,0
"28862",34125,2,0,-2
"28863",34126,0,2,2
"28864",34127,1,3,2
"28865",34128,0,1,1
"28866",34129,12,2,-10
"28867",34130,3,0,-3
"28868",34131,13,14,1
"28869",34132,0,6,6
"28870",34133,1,2,1
"28871",34134,1,0,-1
"28872",34135,2,5,3
"28873",34137,16,16,0
"28874",34138,10,13,3
"28875",34140,0,1,1
"28876",34141,2,1,-1
"28877",34142,14,5,-9
"28878",34143,1,0,-1
"28879",34144,2,4,2
"28880",34145,0,1,1
"28881",34146,3,7,4
"28882",34147,3,7,4
"28883",34148,0,2,2
"28884",34149,0,3,3
"28885",34150,0,1,1
"28886",34151,2,2,0
"28887",34152,0,1,1
"28888",34153,7,8,1
"28889",34154,0,2,2
"28890",34155,1,0,-1
"28891",34156,3,1,-2
"28892",34158,0,1,1
"28893",34159,16,18,2
"28894",34160,1,0,-1
"28895",34161,14,15,1
"28896",34162,0,7,7
"28897",34163,1,0,-1
"28898",34164,4,16,12
"28899",34165,1,0,-1
"28900",34166,2,4,2
"28901",34167,7,13,6
"28902",34168,0,1,1
"28903",34169,1,2,1
"28904",34171,1,0,-1
"28905",34173,2,2,0
"28906",34174,1,2,1
"28907",34176,1,0,-1
"28908",34177,0,3,3
"28909",34178,2,1,-1
"28910",34179,6,4,-2
"28911",34180,6,0,-6
"28912",34181,2,3,1
"28913",34182,1,0,-1
"28914",34183,3,1,-2
"28915",34184,0,1,1
"28916",34185,34,9,-25
"28917",34186,11,9,-2
"28918",34187,8,8,0
"28919",34188,21,18,-3
"28920",34189,1,3,2
"28921",34190,2,1,-1
"28922",34191,1,4,3
"28923",34192,2,2,0
"28924",34193,42,17,-25
"28925",34196,1,0,-1
"28926",34197,0,3,3
"28927",34198,21,12,-9
"28928",34199,2,1,-1
"28929",34200,2,0,-2
"28930",34202,2,1,-1
"28931",34203,2,2,0
"28932",34204,4,14,10
"28933",34206,4,6,2
"28934",34207,2,4,2
"28935",34208,1,1,0
"28936",34209,3,7,4
"28937",34210,1,3,2
"28938",34211,8,6,-2
"28939",34212,42,17,-25
"28940",34213,1,1,0
"28941",34214,2,1,-1
"28942",34215,1,0,-1
"28943",34216,0,1,1
"28944",34217,1,0,-1
"28945",34218,2,1,-1
"28946",34219,2,1,-1
"28947",34220,8,9,1
"28948",34221,3,4,1
"28949",34222,3,4,1
"28950",34223,3,1,-2
"28951",34224,0,1,1
"28952",34225,2,3,1
"28953",34226,1,0,-1
"28954",34227,1,0,-1
"28955",34228,0,1,1
"28956",34229,4,5,1
"28957",34230,1,1,0
"28958",34231,8,5,-3
"28959",34232,0,1,1
"28960",34234,11,7,-4
"28961",34236,1,1,0
"28962",34237,0,1,1
"28963",34239,3,2,-1
"28964",34240,0,2,2
"28965",34241,25,9,-16
"28966",34242,28,12,-16
"28967",34244,0,1,1
"28968",34245,11,24,13
"28969",34246,1,2,1
"28970",34247,2,1,-1
"28971",34248,9,2,-7
"28972",34249,3,2,-1
"28973",34250,1,3,2
"28974",34251,11,19,8
"28975",34252,1,1,0
"28976",34253,8,6,-2
"28977",34254,3,0,-3
"28978",34255,5,5,0
"28979",34256,2,6,4
"28980",34258,0,8,8
"28981",34259,4,6,2
"28982",34260,1,4,3
"28983",34262,4,6,2
"28984",34264,5,6,1
"28985",34265,5,1,-4
"28986",34266,1,2,1
"28987",34267,3,2,-1
"28988",34268,3,0,-3
"28989",34269,1,2,1
"28990",34270,0,4,4
"28991",34271,0,6,6
"28992",34272,1,2,1
"28993",34273,0,2,2
"28994",34274,6,6,0
"28995",34276,7,3,-4
"28996",34277,4,8,4
"28997",34278,9,11,2
"28998",34280,0,1,1
"28999",34281,1,2,1
"29000",34282,3,3,0
"29001",34285,0,1,1
"29002",34286,2,5,3
"29003",34287,3,3,0
"29004",34288,1,0,-1
"29005",34289,2,11,9
"29006",34290,1,1,0
"29007",34291,3,2,-1
"29008",34292,1,6,5
"29009",34294,0,2,2
"29010",34295,0,2,2
"29011",34296,1,1,0
"29012",34297,6,3,-3
"29013",34299,23,13,-10
"29014",34300,1,0,-1
"29015",34301,0,1,1
"29016",34302,14,12,-2
"29017",34304,2,3,1
"29018",34305,6,7,1
"29019",34306,0,2,2
"29020",34307,2,2,0
"29021",34308,12,12,0
"29022",34309,0,1,1
"29023",34310,2,3,1
"29024",34311,4,7,3
"29025",34312,11,9,-2
"29026",34313,9,2,-7
"29027",34314,2,6,4
"29028",34315,13,12,-1
"29029",34316,0,1,1
"29030",34317,4,4,0
"29031",34318,1,1,0
"29032",34319,0,1,1
"29033",34320,1,0,-1
"29034",34321,4,2,-2
"29035",34322,2,1,-1
"29036",34323,0,2,2
"29037",34324,2,0,-2
"29038",34325,3,4,1
"29039",34326,7,8,1
"29040",34327,5,4,-1
"29041",34328,19,15,-4
"29042",34329,10,8,-2
"29043",34330,3,0,-3
"29044",34331,2,8,6
"29045",34332,4,3,-1
"29046",34333,2,3,1
"29047",34334,15,14,-1
"29048",34335,1,3,2
"29049",34336,2,2,0
"29050",34337,2,1,-1
"29051",34339,3,2,-1
"29052",34340,37,34,-3
"29053",34341,3,4,1
"29054",34342,4,1,-3
"29055",34344,0,2,2
"29056",34345,3,0,-3
"29057",34346,1,0,-1
"29058",34347,4,3,-1
"29059",34348,3,4,1
"29060",34349,0,4,4
"29061",34350,1,0,-1
"29062",34351,1,1,0
"29063",34352,1,0,-1
"29064",34353,1,5,4
"29065",34355,2,1,-1
"29066",34356,35,25,-10
"29067",34358,2,2,0
"29068",34359,0,3,3
"29069",34360,1,0,-1
"29070",34361,1,0,-1
"29071",34362,10,9,-1
"29072",34363,0,1,1
"29073",34364,1,2,1
"29074",34365,2,2,0
"29075",34366,1,2,1
"29076",34367,4,2,-2
"29077",34368,4,4,0
"29078",34369,3,2,-1
"29079",34370,0,2,2
"29080",34371,1,0,-1
"29081",34372,1,1,0
"29082",34373,1,0,-1
"29083",34375,1,0,-1
"29084",34376,7,4,-3
"29085",34377,4,2,-2
"29086",34378,4,3,-1
"29087",34379,2,2,0
"29088",34380,5,2,-3
"29089",34381,1,2,1
"29090",34382,1,1,0
"29091",34383,3,0,-3
"29092",34384,1,5,4
"29093",34385,4,4,0
"29094",34386,6,1,-5
"29095",34387,1,2,1
"29096",34388,1,1,0
"29097",34390,1,2,1
"29098",34393,4,1,-3
"29099",34394,1,1,0
"29100",34395,2,0,-2
"29101",34396,6,6,0
"29102",34397,42,26,-16
"29103",34398,0,1,1
"29104",34399,0,1,1
"29105",34400,2,0,-2
"29106",34401,2,4,2
"29107",34402,5,2,-3
"29108",34403,3,10,7
"29109",34404,3,4,1
"29110",34405,4,6,2
"29111",34406,3,2,-1
"29112",34407,3,3,0
"29113",34408,0,4,4
"29114",34409,1,0,-1
"29115",34411,0,1,1
"29116",34412,10,8,-2
"29117",34413,1,1,0
"29118",34414,3,6,3
"29119",34415,4,6,2
"29120",34417,3,9,6
"29121",34418,4,5,1
"29122",34419,0,2,2
"29123",34420,1,1,0
"29124",34421,0,2,2
"29125",34422,2,1,-1
"29126",34423,3,1,-2
"29127",34424,1,0,-1
"29128",34425,37,34,-3
"29129",34426,1,7,6
"29130",34427,5,1,-4
"29131",34428,3,2,-1
"29132",34429,4,2,-2
"29133",34430,0,2,2
"29134",34431,10,11,1
"29135",34432,3,0,-3
"29136",34433,8,13,5
"29137",34434,6,0,-6
"29138",34435,34,9,-25
"29139",34436,5,3,-2
"29140",34439,12,10,-2
"29141",34440,1,0,-1
"29142",34441,1,0,-1
"29143",34442,1,1,0
"29144",34443,4,4,0
"29145",34445,2,1,-1
"29146",34446,27,19,-8
"29147",34447,3,4,1
"29148",34448,16,7,-9
"29149",34449,1,2,1
"29150",34450,6,4,-2
"29151",34451,1,0,-1
"29152",34453,6,0,-6
"29153",34454,3,0,-3
"29154",34455,26,17,-9
"29155",34456,1,1,0
"29156",34457,0,1,1
"29157",34459,4,3,-1
"29158",34461,1,0,-1
"29159",34462,1,3,2
"29160",34463,1,2,1
"29161",34464,1,0,-1
"29162",34465,3,3,0
"29163",34466,0,1,1
"29164",34467,3,5,2
"29165",34469,7,5,-2
"29166",34470,0,1,1
"29167",34471,2,0,-2
"29168",34472,7,11,4
"29169",34473,2,3,1
"29170",34474,2,2,0
"29171",34476,1,3,2
"29172",34477,2,3,1
"29173",34478,0,1,1
"29174",34479,0,2,2
"29175",34481,13,13,0
"29176",34482,18,15,-3
"29177",34483,0,4,4
"29178",34484,11,12,1
"29179",34485,2,2,0
"29180",34486,5,3,-2
"29181",34487,1,0,-1
"29182",34488,3,2,-1
"29183",34489,5,4,-1
"29184",34490,3,5,2
"29185",34491,1,0,-1
"29186",34492,8,9,1
"29187",34493,6,10,4
"29188",34494,1,1,0
"29189",34495,3,4,1
"29190",34496,0,4,4
"29191",34499,13,9,-4
"29192",34500,6,2,-4
"29193",34501,5,1,-4
"29194",34502,1,1,0
"29195",34503,5,6,1
"29196",34504,2,1,-1
"29197",34505,2,9,7
"29198",34507,3,5,2
"29199",34508,0,4,4
"29200",34509,1,6,5
"29201",34510,1,0,-1
"29202",34511,13,10,-3
"29203",34512,1,1,0
"29204",34514,2,2,0
"29205",34515,12,12,0
"29206",34516,7,13,6
"29207",34518,0,4,4
"29208",34519,1,6,5
"29209",34520,1,0,-1
"29210",34521,3,4,1
"29211",34522,7,4,-3
"29212",34525,2,7,5
"29213",34526,2,4,2
"29214",34527,1,4,3
"29215",34528,1,3,2
"29216",34529,0,2,2
"29217",34530,3,2,-1
"29218",34531,4,1,-3
"29219",34533,6,1,-5
"29220",34534,1,0,-1
"29221",34535,5,8,3
"29222",34536,1,1,0
"29223",34537,1,1,0
"29224",34538,1,2,1
"29225",34539,2,4,2
"29226",34540,1,0,-1
"29227",34541,2,0,-2
"29228",34542,7,8,1
"29229",34543,1,1,0
"29230",34544,1,2,1
"29231",34545,1,1,0
"29232",34546,2,0,-2
"29233",34547,2,0,-2
"29234",34548,1,0,-1
"29235",34549,5,0,-5
"29236",34550,2,4,2
"29237",34551,0,1,1
"29238",34554,3,1,-2
"29239",34555,1,1,0
"29240",34556,5,2,-3
"29241",34557,5,4,-1
"29242",34559,1,2,1
"29243",34560,4,3,-1
"29244",34562,1,4,3
"29245",34563,2,5,3
"29246",34564,12,12,0
"29247",34565,2,1,-1
"29248",34566,4,2,-2
"29249",34567,0,1,1
"29250",34568,1,1,0
"29251",34569,2,3,1
"29252",34570,1,1,0
"29253",34571,1,1,0
"29254",34572,1,1,0
"29255",34573,1,1,0
"29256",34575,13,8,-5
"29257",34576,21,11,-10
"29258",34577,1,3,2
"29259",34578,1,0,-1
"29260",34579,3,9,6
"29261",34580,2,3,1
"29262",34581,0,1,1
"29263",34582,4,4,0
"29264",34583,7,0,-7
"29265",34584,18,12,-6
"29266",34585,9,7,-2
"29267",34586,3,6,3
"29268",34587,5,0,-5
"29269",34588,3,1,-2
"29270",34589,1,6,5
"29271",34590,3,2,-1
"29272",34592,4,0,-4
"29273",34593,3,1,-2
"29274",34594,0,1,1
"29275",34595,7,11,4
"29276",34596,2,0,-2
"29277",34597,2,8,6
"29278",34598,3,8,5
"29279",34599,0,2,2
"29280",34601,1,15,14
"29281",34602,6,3,-3
"29282",34603,2,14,12
"29283",34604,2,0,-2
"29284",34605,0,1,1
"29285",34607,0,1,1
"29286",34609,2,0,-2
"29287",34610,2,1,-1
"29288",34611,1,3,2
"29289",34612,6,5,-1
"29290",34613,1,1,0
"29291",34614,1,1,0
"29292",34615,1,1,0
"29293",34616,1,1,0
"29294",34617,0,1,1
"29295",34618,1,1,0
"29296",34619,1,1,0
"29297",34620,1,1,0
"29298",34621,1,1,0
"29299",34622,1,1,0
"29300",34623,2,1,-1
"29301",34625,0,3,3
"29302",34627,1,9,8
"29303",34628,1,3,2
"29304",34629,6,5,-1
"29305",34630,4,9,5
"29306",34631,0,2,2
"29307",34632,3,16,13
"29308",34633,7,10,3
"29309",34635,1,0,-1
"29310",34636,1,2,1
"29311",34637,5,3,-2
"29312",34638,4,4,0
"29313",34639,3,6,3
"29314",34640,1,0,-1
"29315",34641,3,7,4
"29316",34642,0,5,5
"29317",34643,3,6,3
"29318",34644,1,1,0
"29319",34645,5,2,-3
"29320",34646,1,5,4
"29321",34647,1,2,1
"29322",34648,4,5,1
"29323",34649,1,1,0
"29324",34650,2,7,5
"29325",34651,5,2,-3
"29326",34652,1,1,0
"29327",34653,5,2,-3
"29328",34654,1,1,0
"29329",34655,0,2,2
"29330",34656,0,4,4
"29331",34657,3,3,0
"29332",34658,29,14,-15
"29333",34659,18,15,-3
"29334",34660,1,2,1
"29335",34661,14,18,4
"29336",34662,0,1,1
"29337",34663,21,9,-12
"29338",34664,8,10,2
"29339",34665,2,0,-2
"29340",34667,0,1,1
"29341",34668,9,2,-7
"29342",34669,2,2,0
"29343",34670,5,5,0
"29344",34671,2,1,-1
"29345",34672,9,16,7
"29346",34673,6,6,0
"29347",34674,2,1,-1
"29348",34675,8,9,1
"29349",34676,0,2,2
"29350",34678,4,4,0
"29351",34679,1,1,0
"29352",34680,6,7,1
"29353",34682,2,0,-2
"29354",34683,1,0,-1
"29355",34684,1,8,7
"29356",34685,1,1,0
"29357",34686,5,3,-2
"29358",34687,1,1,0
"29359",34688,0,2,2
"29360",34689,2,2,0
"29361",34690,4,5,1
"29362",34691,0,2,2
"29363",34692,1,3,2
"29364",34693,3,1,-2
"29365",34694,1,0,-1
"29366",34695,0,1,1
"29367",34696,1,2,1
"29368",34697,12,12,0
"29369",34698,0,1,1
"29370",34700,7,8,1
"29371",34701,45,36,-9
"29372",34703,1,1,0
"29373",34704,2,6,4
"29374",34705,2,3,1
"29375",34706,29,15,-14
"29376",34707,15,4,-11
"29377",34708,2,3,1
"29378",34709,7,7,0
"29379",34710,1,2,1
"29380",34711,0,3,3
"29381",34712,1,1,0
"29382",34713,2,0,-2
"29383",34714,3,0,-3
"29384",34715,1,1,0
"29385",34716,21,12,-9
"29386",34717,3,4,1
"29387",34718,0,2,2
"29388",34719,1,2,1
"29389",34720,32,19,-13
"29390",34721,34,9,-25
"29391",34723,3,7,4
"29392",34725,18,15,-3
"29393",34726,2,1,-1
"29394",34727,2,0,-2
"29395",34728,1,2,1
"29396",34729,1,0,-1
"29397",34732,5,2,-3
"29398",34733,1,0,-1
"29399",34734,1,1,0
"29400",34735,1,1,0
"29401",34736,0,3,3
"29402",34737,0,3,3
"29403",34738,1,0,-1
"29404",34739,4,5,1
"29405",34740,4,7,3
"29406",34741,6,0,-6
"29407",34742,13,10,-3
"29408",34743,2,1,-1
"29409",34744,8,5,-3
"29410",34745,5,5,0
"29411",34746,6,9,3
"29412",34748,3,1,-2
"29413",34749,5,6,1
"29414",34750,15,4,-11
"29415",34751,1,5,4
"29416",34752,0,2,2
"29417",34753,1,2,1
"29418",34754,0,3,3
"29419",34755,26,36,10
"29420",34756,2,9,7
"29421",34757,2,3,1
"29422",34758,4,4,0
"29423",34759,12,6,-6
"29424",34760,0,4,4
"29425",34762,1,1,0
"29426",34763,2,2,0
"29427",34764,9,6,-3
"29428",34765,2,1,-1
"29429",34767,14,11,-3
"29430",34768,3,5,2
"29431",34769,4,2,-2
"29432",34770,15,15,0
"29433",34772,1,0,-1
"29434",34773,1,0,-1
"29435",34775,1,4,3
"29436",34776,2,1,-1
"29437",34777,3,4,1
"29438",34778,1,0,-1
"29439",34779,2,5,3
"29440",34781,4,0,-4
"29441",34782,12,17,5
"29442",34783,2,4,2
"29443",34785,0,2,2
"29444",34786,2,2,0
"29445",34788,1,1,0
"29446",34790,1,4,3
"29447",34791,3,4,1
"29448",34792,0,1,1
"29449",34793,4,0,-4
"29450",34794,10,8,-2
"29451",34795,2,0,-2
"29452",34797,1,1,0
"29453",34798,1,0,-1
"29454",34799,0,3,3
"29455",34800,11,34,23
"29456",34801,6,5,-1
"29457",34803,0,1,1
"29458",34805,4,3,-1
"29459",34806,1,4,3
"29460",34807,0,2,2
"29461",34808,0,2,2
"29462",34809,3,4,1
"29463",34810,3,1,-2
"29464",34811,5,2,-3
"29465",34812,1,4,3
"29466",34813,6,10,4
"29467",34815,0,1,1
"29468",34816,4,4,0
"29469",34817,1,2,1
"29470",34819,1,1,0
"29471",34820,2,3,1
"29472",34821,12,10,-2
"29473",34822,0,7,7
"29474",34823,2,0,-2
"29475",34824,1,0,-1
"29476",34825,1,1,0
"29477",34826,1,1,0
"29478",34827,5,3,-2
"29479",34828,0,1,1
"29480",34829,14,10,-4
"29481",34830,5,4,-1
"29482",34831,3,1,-2
"29483",34833,1,10,9
"29484",34834,2,1,-1
"29485",34835,5,4,-1
"29486",34836,1,2,1
"29487",34837,2,0,-2
"29488",34838,2,4,2
"29489",34839,19,12,-7
"29490",34840,1,4,3
"29491",34841,3,2,-1
"29492",34842,24,13,-11
"29493",34843,1,3,2
"29494",34844,14,13,-1
"29495",34845,2,1,-1
"29496",34846,0,5,5
"29497",34848,4,5,1
"29498",34850,2,1,-1
"29499",34851,13,24,11
"29500",34852,6,2,-4
"29501",34853,2,2,0
"29502",34855,10,3,-7
"29503",34856,3,4,1
"29504",34857,0,3,3
"29505",34860,1,0,-1
"29506",34863,1,1,0
"29507",34864,0,1,1
"29508",34865,14,15,1
"29509",34866,3,3,0
"29510",34867,2,8,6
"29511",34868,18,14,-4
"29512",34869,23,10,-13
"29513",34870,6,3,-3
"29514",34871,1,0,-1
"29515",34873,2,1,-1
"29516",34874,3,2,-1
"29517",34877,0,2,2
"29518",34878,0,1,1
"29519",34879,8,7,-1
"29520",34880,3,5,2
"29521",34881,1,4,3
"29522",34882,3,6,3
"29523",34883,7,10,3
"29524",34885,3,2,-1
"29525",34886,3,4,1
"29526",34887,1,1,0
"29527",34888,2,2,0
"29528",34889,0,1,1
"29529",34890,2,3,1
"29530",34891,1,2,1
"29531",34892,13,10,-3
"29532",34893,1,4,3
"29533",34894,5,6,1
"29534",34895,3,2,-1
"29535",34896,9,11,2
"29536",34897,6,8,2
"29537",34898,0,1,1
"29538",34899,2,3,1
"29539",34900,47,30,-17
"29540",34901,1,2,1
"29541",34902,1,1,0
"29542",34903,2,4,2
"29543",34905,3,3,0
"29544",34906,0,1,1
"29545",34907,3,5,2
"29546",34908,8,10,2
"29547",34909,6,2,-4
"29548",34910,1,3,2
"29549",34911,1,0,-1
"29550",34912,0,1,1
"29551",34913,2,2,0
"29552",34915,1,0,-1
"29553",34917,1,0,-1
"29554",34918,1,3,2
"29555",34919,4,3,-1
"29556",34921,4,2,-2
"29557",34922,4,0,-4
"29558",34923,8,4,-4
"29559",34924,1,0,-1
"29560",34925,1,2,1
"29561",34926,8,24,16
"29562",34927,0,1,1
"29563",34928,9,0,-9
"29564",34929,16,17,1
"29565",34930,4,11,7
"29566",34931,0,1,1
"29567",34932,4,1,-3
"29568",34933,0,2,2
"29569",34935,1,1,0
"29570",34936,0,7,7
"29571",34937,2,2,0
"29572",34938,2,2,0
"29573",34939,0,1,1
"29574",34940,2,8,6
"29575",34941,2,5,3
"29576",34942,1,3,2
"29577",34943,6,7,1
"29578",34944,2,3,1
"29579",34945,0,2,2
"29580",34946,1,0,-1
"29581",34947,0,2,2
"29582",34948,1,1,0
"29583",34949,1,2,1
"29584",34950,0,1,1
"29585",34952,3,4,1
"29586",34953,0,1,1
"29587",34954,4,2,-2
"29588",34955,7,4,-3
"29589",34956,0,1,1
"29590",34958,2,0,-2
"29591",34959,0,2,2
"29592",34960,23,6,-17
"29593",34961,6,12,6
"29594",34962,1,0,-1
"29595",34963,3,4,1
"29596",34964,1,0,-1
"29597",34965,1,1,0
"29598",34967,4,3,-1
"29599",34968,1,0,-1
"29600",34970,3,3,0
"29601",34971,12,9,-3
"29602",34972,7,2,-5
"29603",34973,12,10,-2
"29604",34974,5,4,-1
"29605",34975,11,8,-3
"29606",34977,1,1,0
"29607",34979,0,2,2
"29608",34980,11,19,8
"29609",34982,1,1,0
"29610",34983,2,1,-1
"29611",34984,0,1,1
"29612",34986,0,1,1
"29613",34987,0,1,1
"29614",34988,1,0,-1
"29615",34989,0,3,3
"29616",34990,1,0,-1
"29617",34991,4,0,-4
"29618",34992,7,4,-3
"29619",34993,0,1,1
"29620",34994,4,13,9
"29621",34995,2,0,-2
"29622",34996,1,2,1
"29623",34997,12,12,0
"29624",34998,7,7,0
"29625",34999,1,1,0
"29626",35000,4,2,-2
"29627",35001,2,0,-2
"29628",35002,8,6,-2
"29629",35003,0,2,2
"29630",35004,2,1,-1
"29631",35005,0,3,3
"29632",35006,13,1,-12
"29633",35007,1,1,0
"29634",35009,8,9,1
"29635",35010,5,22,17
"29636",35011,3,0,-3
"29637",35012,2,1,-1
"29638",35014,3,1,-2
"29639",35016,3,2,-1
"29640",35018,7,7,0
"29641",35019,0,1,1
"29642",35020,7,2,-5
"29643",35021,0,2,2
"29644",35022,0,2,2
"29645",35023,1,1,0
"29646",35024,0,3,3
"29647",35025,6,7,1
"29648",35026,0,1,1
"29649",35027,1,1,0
"29650",35028,6,4,-2
"29651",35029,22,4,-18
"29652",35030,3,3,0
"29653",35032,1,3,2
"29654",35033,4,2,-2
"29655",35034,1,1,0
"29656",35035,0,1,1
"29657",35036,1,1,0
"29658",35037,1,0,-1
"29659",35038,16,19,3
"29660",35039,4,1,-3
"29661",35040,3,0,-3
"29662",35041,4,7,3
"29663",35043,24,8,-16
"29664",35044,0,2,2
"29665",35045,8,8,0
"29666",35046,1,2,1
"29667",35047,6,4,-2
"29668",35048,3,4,1
"29669",35049,0,1,1
"29670",35050,1,2,1
"29671",35051,1,12,11
"29672",35052,1,0,-1
"29673",35053,1,1,0
"29674",35054,2,9,7
"29675",35055,1,0,-1
"29676",35056,0,1,1
"29677",35057,3,4,1
"29678",35058,0,1,1
"29679",35059,3,1,-2
"29680",35060,0,2,2
"29681",35061,1,1,0
"29682",35062,5,3,-2
"29683",35063,1,0,-1
"29684",35065,11,26,15
"29685",35066,9,5,-4
"29686",35067,4,2,-2
"29687",35068,2,0,-2
"29688",35070,0,1,1
"29689",35072,3,9,6
"29690",35073,1,1,0
"29691",35074,3,14,11
"29692",35075,0,2,2
"29693",35077,0,2,2
"29694",35078,0,1,1
"29695",35079,1,1,0
"29696",35080,1,1,0
"29697",35082,5,2,-3
"29698",35083,2,3,1
"29699",35084,2,0,-2
"29700",35087,0,2,2
"29701",35088,2,0,-2
"29702",35089,2,9,7
"29703",35090,2,10,8
"29704",35091,11,8,-3
"29705",35092,6,5,-1
"29706",35093,1,0,-1
"29707",35094,3,3,0
"29708",35095,2,6,4
"29709",35096,0,1,1
"29710",35097,6,8,2
"29711",35098,15,4,-11
"29712",35099,1,1,0
"29713",35101,2,1,-1
"29714",35102,0,2,2
"29715",35103,1,1,0
"29716",35104,5,7,2
"29717",35105,0,1,1
"29718",35106,2,2,0
"29719",35107,5,4,-1
"29720",35108,1,3,2
"29721",35109,0,1,1
"29722",35110,1,5,4
"29723",35111,3,7,4
"29724",35112,0,1,1
"29725",35113,1,2,1
"29726",35114,1,3,2
"29727",35115,2,1,-1
"29728",35116,0,3,3
"29729",35117,1,0,-1
"29730",35118,6,22,16
"29731",35119,1,3,2
"29732",35120,5,2,-3
"29733",35121,2,4,2
"29734",35122,96,53,-43
"29735",35123,1,7,6
"29736",35124,3,4,1
"29737",35126,2,2,0
"29738",35127,16,13,-3
"29739",35128,1,7,6
"29740",35129,4,2,-2
"29741",35130,1,0,-1
"29742",35131,1,1,0
"29743",35132,37,34,-3
"29744",35133,3,6,3
"29745",35134,7,2,-5
"29746",35135,3,2,-1
"29747",35136,14,11,-3
"29748",35137,0,2,2
"29749",35138,14,11,-3
"29750",35139,4,1,-3
"29751",35140,1,3,2
"29752",35141,2,0,-2
"29753",35142,0,3,3
"29754",35143,1,0,-1
"29755",35145,0,2,2
"29756",35146,2,0,-2
"29757",35149,5,3,-2
"29758",35150,1,0,-1
"29759",35151,6,4,-2
"29760",35152,1,4,3
"29761",35153,12,8,-4
"29762",35154,1,0,-1
"29763",35155,1,1,0
"29764",35157,1,1,0
"29765",35158,2,2,0
"29766",35159,2,3,1
"29767",35160,12,8,-4
"29768",35161,16,14,-2
"29769",35162,3,2,-1
"29770",35163,2,2,0
"29771",35164,0,3,3
"29772",35165,2,3,1
"29773",35166,2,4,2
"29774",35167,2,0,-2
"29775",35168,17,14,-3
"29776",35169,1,0,-1
"29777",35170,1,5,4
"29778",35171,1,1,0
"29779",35172,1,1,0
"29780",35173,8,10,2
"29781",35174,2,1,-1
"29782",35175,21,15,-6
"29783",35176,2,6,4
"29784",35177,3,2,-1
"29785",35178,7,8,1
"29786",35179,2,1,-1
"29787",35180,3,4,1
"29788",35181,6,4,-2
"29789",35182,14,11,-3
"29790",35184,1,6,5
"29791",35185,19,14,-5
"29792",35187,13,6,-7
"29793",35188,13,14,1
"29794",35189,4,4,0
"29795",35190,0,3,3
"29796",35191,1,2,1
"29797",35192,5,3,-2
"29798",35193,1,4,3
"29799",35194,1,1,0
"29800",35195,0,3,3
"29801",35196,3,4,1
"29802",35197,12,10,-2
"29803",35198,5,2,-3
"29804",35199,3,0,-3
"29805",35200,2,0,-2
"29806",35201,4,3,-1
"29807",35202,2,1,-1
"29808",35204,1,4,3
"29809",35205,3,2,-1
"29810",35206,4,4,0
"29811",35207,2,1,-1
"29812",35208,19,10,-9
"29813",35209,2,7,5
"29814",35211,0,2,2
"29815",35212,1,2,1
"29816",35213,13,8,-5
"29817",35214,3,2,-1
"29818",35215,4,2,-2
"29819",35217,2,1,-1
"29820",35218,7,7,0
"29821",35219,7,8,1
"29822",35220,11,9,-2
"29823",35221,2,5,3
"29824",35223,2,0,-2
"29825",35224,2,6,4
"29826",35225,1,0,-1
"29827",35226,5,9,4
"29828",35227,1,1,0
"29829",35228,3,1,-2
"29830",35229,6,1,-5
"29831",35230,3,6,3
"29832",35231,5,5,0
"29833",35232,3,0,-3
"29834",35233,1,1,0
"29835",35234,0,5,5
"29836",35235,1,3,2
"29837",35236,3,3,0
"29838",35237,1,0,-1
"29839",35238,20,13,-7
"29840",35239,1,0,-1
"29841",35240,1,14,13
"29842",35241,1,1,0
"29843",35243,0,1,1
"29844",35244,2,1,-1
"29845",35245,10,4,-6
"29846",35247,0,5,5
"29847",35248,0,1,1
"29848",35249,2,2,0
"29849",35250,1,1,0
"29850",35251,3,0,-3
"29851",35252,1,0,-1
"29852",35254,5,6,1
"29853",35255,0,1,1
"29854",35256,0,1,1
"29855",35258,0,1,1
"29856",35259,1,7,6
"29857",35261,1,0,-1
"29858",35262,3,2,-1
"29859",35264,1,3,2
"29860",35265,0,1,1
"29861",35266,1,0,-1
"29862",35268,0,1,1
"29863",35269,5,6,1
"29864",35271,1,1,0
"29865",35272,7,9,2
"29866",35273,2,7,5
"29867",35274,0,1,1
"29868",35275,5,4,-1
"29869",35276,1,0,-1
"29870",35277,1,1,0
"29871",35278,0,1,1
"29872",35279,4,14,10
"29873",35280,4,9,5
"29874",35282,0,3,3
"29875",35283,0,1,1
"29876",35284,1,6,5
"29877",35285,3,13,10
"29878",35287,6,14,8
"29879",35288,2,0,-2
"29880",35290,0,1,1
"29881",35291,1,4,3
"29882",35292,0,1,1
"29883",35293,0,1,1
"29884",35294,0,3,3
"29885",35295,0,1,1
"29886",35296,3,3,0
"29887",35297,0,1,1
"29888",35298,1,1,0
"29889",35299,27,15,-12
"29890",35300,1,0,-1
"29891",35301,2,11,9
"29892",35302,0,1,1
"29893",35303,0,1,1
"29894",35304,1,0,-1
"29895",35305,6,18,12
"29896",35306,4,6,2
"29897",35307,2,0,-2
"29898",35309,2,0,-2
"29899",35310,1,0,-1
"29900",35311,0,1,1
"29901",35312,1,1,0
"29902",35313,2,4,2
"29903",35314,0,2,2
"29904",35315,10,8,-2
"29905",35316,1,3,2
"29906",35317,3,3,0
"29907",35318,1,0,-1
"29908",35320,1,6,5
"29909",35321,0,2,2
"29910",35323,1,0,-1
"29911",35324,0,3,3
"29912",35325,1,0,-1
"29913",35327,1,5,4
"29914",35328,5,3,-2
"29915",35329,12,18,6
"29916",35330,1,5,4
"29917",35332,5,2,-3
"29918",35333,1,10,9
"29919",35334,0,3,3
"29920",35335,0,1,1
"29921",35336,4,5,1
"29922",35338,0,2,2
"29923",35339,5,4,-1
"29924",35340,3,4,1
"29925",35341,6,11,5
"29926",35342,2,7,5
"29927",35343,19,23,4
"29928",35344,7,12,5
"29929",35345,0,2,2
"29930",35346,1,0,-1
"29931",35347,19,7,-12
"29932",35348,1,1,0
"29933",35349,13,7,-6
"29934",35351,1,0,-1
"29935",35352,0,3,3
"29936",35353,1,1,0
"29937",35354,4,9,5
"29938",35355,2,1,-1
"29939",35356,1,6,5
"29940",35357,0,2,2
"29941",35358,2,3,1
"29942",35359,1,4,3
"29943",35360,5,1,-4
"29944",35361,5,11,6
"29945",35362,0,5,5
"29946",35363,4,4,0
"29947",35364,1,1,0
"29948",35365,0,1,1
"29949",35366,4,15,11
"29950",35367,0,2,2
"29951",35368,0,3,3
"29952",35369,1,1,0
"29953",35370,14,7,-7
"29954",35371,2,0,-2
"29955",35372,1,1,0
"29956",35373,0,2,2
"29957",35374,0,2,2
"29958",35375,0,2,2
"29959",35376,0,2,2
"29960",35377,4,5,1
"29961",35379,4,2,-2
"29962",35380,0,2,2
"29963",35381,1,1,0
"29964",35382,2,3,1
"29965",35383,1,8,7
"29966",35384,5,6,1
"29967",35385,6,7,1
"29968",35387,2,2,0
"29969",35388,0,5,5
"29970",35389,0,5,5
"29971",35390,2,13,11
"29972",35391,1,5,4
"29973",35393,0,2,2
"29974",35394,5,8,3
"29975",35395,0,3,3
"29976",35396,0,2,2
"29977",35397,1,2,1
"29978",35399,0,2,2
"29979",35400,5,4,-1
"29980",35401,3,0,-3
"29981",35402,0,1,1
"29982",35403,0,3,3
"29983",35404,1,0,-1
"29984",35405,1,0,-1
"29985",35406,2,4,2
"29986",35407,0,4,4
"29987",35409,0,5,5
"29988",35410,0,3,3
"29989",35411,0,2,2
"29990",35412,2,1,-1
"29991",35413,1,0,-1
"29992",35414,1,1,0
"29993",35415,1,1,0
"29994",35416,0,2,2
"29995",35417,0,1,1
"29996",35418,0,1,1
"29997",35419,0,2,2
"29998",35420,2,4,2
"29999",35421,2,5,3
"30000",35422,1,2,1
"30001",35423,0,6,6
"30002",35424,0,2,2
"30003",35425,0,2,2
"30004",35426,0,1,1
"30005",35427,0,1,1
"30006",35428,0,3,3
"30007",35429,0,1,1
"30008",35431,6,4,-2
"30009",35433,0,2,2
"30010",35434,7,4,-3
"30011",35435,15,20,5
"30012",35436,1,1,0
"30013",35437,4,0,-4
"30014",35438,12,12,0
"30015",35439,0,1,1
"30016",35442,1,0,-1
"30017",35443,5,9,4
"30018",35444,7,15,8
"30019",35445,1,4,3
"30020",35446,15,9,-6
"30021",35447,0,2,2
"30022",35449,0,1,1
"30023",35450,5,14,9
"30024",35451,0,1,1
"30025",35452,0,1,1
"30026",35454,0,5,5
"30027",35455,1,6,5
"30028",35456,20,4,-16
"30029",35457,1,1,0
"30030",35459,17,12,-5
"30031",35460,0,1,1
"30032",35461,1,1,0
"30033",35462,5,18,13
"30034",35463,7,9,2
"30035",35464,0,5,5
"30036",35465,0,1,1
"30037",35466,5,6,1
"30038",35467,6,7,1
"30039",35468,1,5,4
"30040",35469,1,9,8
"30041",35471,2,4,2
"30042",35472,3,2,-1
"30043",35473,0,1,1
"30044",35474,4,4,0
"30045",35475,0,1,1
"30046",35476,2,13,11
"30047",35477,0,1,1
"30048",35478,9,5,-4
"30049",35479,0,3,3
"30050",35480,1,1,0
"30051",35481,1,14,13
"30052",35482,1,4,3
"30053",35483,1,2,1
"30054",35485,1,2,1
"30055",35486,7,6,-1
"30056",35487,0,1,1
"30057",35488,5,8,3
"30058",35489,0,1,1
"30059",35490,6,3,-3
"30060",35491,29,16,-13
"30061",35492,3,15,12
"30062",35493,8,3,-5
"30063",35495,6,1,-5
"30064",35496,2,3,1
"30065",35497,0,1,1
"30066",35498,0,1,1
"30067",35499,0,1,1
"30068",35500,0,1,1
"30069",35501,3,5,2
"30070",35503,5,7,2
"30071",35504,0,1,1
"30072",35505,0,1,1
"30073",35506,1,0,-1
"30074",35507,2,11,9
"30075",35509,0,1,1
"30076",35511,2,0,-2
"30077",35512,2,0,-2
"30078",35513,1,0,-1
"30079",35514,1,1,0
"30080",35515,3,11,8
"30081",35516,19,18,-1
"30082",35518,0,1,1
"30083",35519,1,0,-1
"30084",35520,1,1,0
"30085",35521,3,1,-2
"30086",35523,1,0,-1
"30087",35525,2,0,-2
"30088",35526,1,1,0
"30089",35527,1,1,0
"30090",35528,1,1,0
"30091",35530,3,5,2
"30092",35531,0,1,1
"30093",35532,1,5,4
"30094",35533,1,2,1
"30095",35534,2,0,-2
"30096",35535,1,1,0
"30097",35536,3,4,1
"30098",35537,1,1,0
"30099",35538,29,15,-14
"30100",35539,1,1,0
"30101",35540,0,2,2
"30102",35542,0,1,1
"30103",35543,1,0,-1
"30104",35544,0,2,2
"30105",35546,6,3,-3
"30106",35547,1,0,-1
"30107",35548,0,2,2
"30108",35549,1,0,-1
"30109",35550,0,1,1
"30110",35551,2,3,1
"30111",35552,1,1,0
"30112",35553,0,1,1
"30113",35554,4,1,-3
"30114",35555,1,3,2
"30115",35556,1,2,1
"30116",35557,0,1,1
"30117",35558,0,2,2
"30118",35560,1,0,-1
"30119",35561,3,4,1
"30120",35562,0,1,1
"30121",35563,2,2,0
"30122",35564,0,2,2
"30123",35566,2,0,-2
"30124",35567,1,18,17
"30125",35568,2,4,2
"30126",35571,1,7,6
"30127",35572,2,0,-2
"30128",35573,1,1,0
"30129",35574,3,8,5
"30130",35575,2,2,0
"30131",35576,1,2,1
"30132",35577,1,0,-1
"30133",35578,5,6,1
"30134",35581,1,2,1
"30135",35582,0,1,1
"30136",35583,0,2,2
"30137",35584,4,9,5
"30138",35585,5,14,9
"30139",35586,0,1,1
"30140",35587,3,2,-1
"30141",35588,2,2,0
"30142",35589,1,9,8
"30143",35590,6,2,-4
"30144",35591,1,1,0
"30145",35593,0,1,1
"30146",35594,9,11,2
"30147",35595,0,3,3
"30148",35596,1,0,-1
"30149",35597,1,6,5
"30150",35598,0,1,1
"30151",35599,3,1,-2
"30152",35600,1,0,-1
"30153",35601,0,4,4
"30154",35602,1,1,0
"30155",35603,1,17,16
"30156",35606,1,0,-1
"30157",35607,1,1,0
"30158",35608,2,0,-2
"30159",35610,1,4,3
"30160",35612,1,2,1
"30161",35613,2,0,-2
"30162",35614,2,16,14
"30163",35615,2,2,0
"30164",35616,0,1,1
"30165",35617,0,1,1
"30166",35618,0,2,2
"30167",35619,3,5,2
"30168",35620,1,0,-1
"30169",35622,2,2,0
"30170",35623,0,3,3
"30171",35624,0,2,2
"30172",35625,1,12,11
"30173",35626,1,3,2
"30174",35628,2,1,-1
"30175",35629,3,7,4
"30176",35630,0,2,2
"30177",35631,4,5,1
"30178",35632,1,1,0
"30179",35633,1,3,2
"30180",35634,0,5,5
"30181",35635,18,6,-12
"30182",35636,1,0,-1
"30183",35637,1,1,0
"30184",35638,0,1,1
"30185",35639,0,3,3
"30186",35641,3,9,6
"30187",35642,0,1,1
"30188",35643,0,2,2
"30189",35644,5,9,4
"30190",35645,2,3,1
"30191",35646,1,3,2
"30192",35647,1,1,0
"30193",35648,1,1,0
"30194",35649,3,1,-2
"30195",35650,3,3,0
"30196",35651,1,1,0
"30197",35655,2,0,-2
"30198",35657,1,0,-1
"30199",35658,1,1,0
"30200",35659,2,1,-1
"30201",35660,1,17,16
"30202",35662,1,0,-1
"30203",35663,0,1,1
"30204",35664,0,1,1
"30205",35667,1,1,0
"30206",35669,2,0,-2
"30207",35670,2,0,-2
"30208",35671,1,1,0
"30209",35672,1,1,0
"30210",35673,3,0,-3
"30211",35674,2,2,0
"30212",35676,0,3,3
"30213",35677,1,6,5
"30214",35678,2,2,0
"30215",35681,4,1,-3
"30216",35682,0,1,1
"30217",35683,1,0,-1
"30218",35684,0,1,1
"30219",35685,25,12,-13
"30220",35686,2,2,0
"30221",35687,1,1,0
"30222",35688,2,0,-2
"30223",35689,14,6,-8
"30224",35690,5,3,-2
"30225",35691,2,0,-2
"30226",35693,1,7,6
"30227",35694,2,0,-2
"30228",35695,1,0,-1
"30229",35696,5,6,1
"30230",35697,1,2,1
"30231",35703,0,1,1
"30232",35704,2,4,2
"30233",35705,0,3,3
"30234",35706,0,3,3
"30235",35708,2,2,0
"30236",35710,5,1,-4
"30237",35711,4,8,4
"30238",35713,0,1,1
"30239",35714,0,3,3
"30240",35715,5,14,9
"30241",35716,0,2,2
"30242",35717,0,2,2
"30243",35718,2,5,3
"30244",35719,1,0,-1
"30245",35720,1,1,0
"30246",35721,2,0,-2
"30247",35723,10,6,-4
"30248",35724,7,6,-1
"30249",35725,1,14,13
"30250",35727,0,1,1
"30251",35728,11,10,-1
"30252",35730,2,2,0
"30253",35732,4,1,-3
"30254",35733,0,3,3
"30255",35734,1,0,-1
"30256",35735,0,1,1
"30257",35736,1,3,2
"30258",35737,11,15,4
"30259",35738,7,1,-6
"30260",35739,9,7,-2
"30261",35740,0,2,2
"30262",35741,3,4,1
"30263",35742,12,14,2
"30264",35744,1,1,0
"30265",35745,1,1,0
"30266",35746,6,3,-3
"30267",35747,5,10,5
"30268",35748,0,1,1
"30269",35750,1,1,0
"30270",35751,0,1,1
"30271",35752,7,4,-3
"30272",35753,6,5,-1
"30273",35754,17,5,-12
"30274",35755,1,1,0
"30275",35757,9,1,-8
"30276",35758,1,4,3
"30277",35762,0,1,1
"30278",35763,0,1,1
"30279",35764,1,2,1
"30280",35765,1,1,0
"30281",35766,0,1,1
"30282",35767,2,2,0
"30283",35768,2,0,-2
"30284",35769,1,0,-1
"30285",35770,3,4,1
"30286",35771,0,1,1
"30287",35772,1,0,-1
"30288",35773,1,3,2
"30289",35774,0,1,1
"30290",35775,0,1,1
"30291",35776,0,1,1
"30292",35777,1,0,-1
"30293",35778,1,3,2
"30294",35779,0,1,1
"30295",35780,1,0,-1
"30296",35781,0,1,1
"30297",35782,1,1,0
"30298",35783,6,1,-5
"30299",35784,2,0,-2
"30300",35785,0,1,1
"30301",35786,1,0,-1
"30302",35788,0,1,1
"30303",35789,1,0,-1
"30304",35790,8,5,-3
"30305",35791,0,1,1
"30306",35792,1,0,-1
"30307",35793,0,1,1
"30308",35794,0,2,2
"30309",35795,0,1,1
"30310",35797,7,3,-4
"30311",35798,0,1,1
"30312",35802,0,2,2
"30313",35803,1,3,2
"30314",35804,3,11,8
"30315",35805,1,1,0
"30316",35806,1,1,0
"30317",35808,0,1,1
"30318",35809,2,6,4
"30319",35811,8,3,-5
"30320",35812,2,0,-2
"30321",35814,1,6,5
"30322",35815,1,2,1
"30323",35816,0,1,1
"30324",35817,0,1,1
"30325",35818,0,3,3
"30326",35819,2,3,1
"30327",35820,1,2,1
"30328",35821,2,3,1
"30329",35822,4,3,-1
"30330",35823,1,2,1
"30331",35824,3,1,-2
"30332",35826,2,1,-1
"30333",35827,0,3,3
"30334",35828,5,5,0
"30335",35829,1,5,4
"30336",35830,1,4,3
"30337",35831,3,1,-2
"30338",35832,3,3,0
"30339",35834,0,1,1
"30340",35837,3,10,7
"30341",35838,11,19,8
"30342",35839,9,15,6
"30343",35840,2,1,-1
"30344",35846,0,1,1
"30345",35848,2,1,-1
"30346",35851,0,1,1
"30347",35852,4,14,10
"30348",35853,0,1,1
"30349",35854,0,1,1
"30350",35855,10,12,2
"30351",35856,5,13,8
"30352",35857,0,1,1
"30353",35858,3,8,5
"30354",35859,3,0,-3
"30355",35860,1,2,1
"30356",35862,0,1,1
"30357",35864,3,1,-2
"30358",35865,1,1,0
"30359",35866,0,2,2
"30360",35867,2,0,-2
"30361",35868,1,1,0
"30362",35869,2,0,-2
"30363",35870,1,1,0
"30364",35871,1,0,-1
"30365",35872,0,1,1
"30366",35873,0,1,1
"30367",35874,2,0,-2
"30368",35875,1,0,-1
"30369",35876,1,0,-1
"30370",35877,0,2,2
"30371",35879,1,0,-1
"30372",35880,0,1,1
"30373",35881,0,1,1
"30374",35882,1,1,0
"30375",35883,1,1,0
"30376",35885,0,1,1
"30377",35886,1,3,2
"30378",35887,3,5,2
"30379",35888,0,1,1
"30380",35889,1,0,-1
"30381",35890,1,1,0
"30382",35891,1,2,1
"30383",35892,2,0,-2
"30384",35893,0,1,1
"30385",35894,0,2,2
"30386",35895,2,0,-2
"30387",35896,1,1,0
"30388",35897,2,0,-2
"30389",35898,1,0,-1
"30390",35899,1,1,0
"30391",35900,0,1,1
"30392",35901,1,1,0
"30393",35903,0,1,1
"30394",35904,1,2,1
"30395",35907,0,3,3
"30396",35908,10,11,1
"30397",35909,9,11,2
"30398",35910,2,6,4
"30399",35911,3,0,-3
"30400",35912,1,1,0
"30401",35913,6,2,-4
"30402",35914,6,6,0
"30403",35915,8,6,-2
"30404",35916,0,1,1
"30405",35917,7,11,4
"30406",35919,7,9,2
"30407",35920,35,32,-3
"30408",35922,16,9,-7
"30409",35923,0,1,1
"30410",35924,1,0,-1
"30411",35925,0,1,1
"30412",35926,0,2,2
"30413",35927,12,9,-3
"30414",35928,11,30,19
"30415",35929,0,1,1
"30416",35930,7,14,7
"30417",35931,1,0,-1
"30418",35932,1,2,1
"30419",35933,7,14,7
"30420",35934,24,36,12
"30421",35935,45,32,-13
"30422",35937,9,8,-1
"30423",35938,0,2,2
"30424",35939,2,1,-1
"30425",35940,18,10,-8
"30426",35941,7,3,-4
"30427",35942,3,6,3
"30428",35943,15,14,-1
"30429",35944,23,37,14
"30430",35945,6,13,7
"30431",35946,18,10,-8
"30432",35947,17,26,9
"30433",35949,17,9,-8
"30434",35950,0,1,1
"30435",35951,2,2,0
"30436",35952,12,8,-4
"30437",35954,1,0,-1
"30438",35955,2,5,3
"30439",35956,15,33,18
"30440",35958,3,0,-3
"30441",35959,35,55,20
"30442",35960,1,12,11
"30443",35961,10,4,-6
"30444",35962,0,3,3
"30445",35963,0,1,1
"30446",35964,0,9,9
"30447",35965,17,10,-7
"30448",35966,9,7,-2
"30449",35967,1,0,-1
"30450",35968,2,0,-2
"30451",35969,25,24,-1
"30452",35970,23,29,6
"30453",35971,0,2,2
"30454",35972,3,2,-1
"30455",35973,24,67,43
"30456",35974,50,33,-17
"30457",35975,5,2,-3
"30458",35976,10,7,-3
"30459",35977,1,0,-1
"30460",35978,1,2,1
"30461",35979,29,27,-2
"30462",35980,3,2,-1
"30463",35981,0,1,1
"30464",35982,2,0,-2
"30465",35984,0,2,2
"30466",35985,5,11,6
"30467",35986,0,1,1
"30468",35987,6,4,-2
"30469",35988,0,1,1
"30470",35989,10,16,6
"30471",35990,4,1,-3
"30472",35992,0,1,1
"30473",35993,42,33,-9
"30474",35995,2,2,0
"30475",35996,1,0,-1
"30476",35997,2,0,-2
"30477",35998,6,13,7
"30478",35999,13,38,25
"30479",36000,11,16,5
"30480",36001,8,6,-2
"30481",36002,5,13,8
"30482",36003,1,1,0
"30483",36004,0,1,1
"30484",36006,18,45,27
"30485",36007,30,36,6
"30486",36010,2,1,-1
"30487",36011,4,2,-2
"30488",36012,0,1,1
"30489",36013,1,4,3
"30490",36014,13,16,3
"30491",36015,23,28,5
"30492",36016,1,3,2
"30493",36017,6,0,-6
"30494",36018,13,21,8
"30495",36020,42,32,-10
"30496",36021,15,5,-10
"30497",36022,1,4,3
"30498",36024,10,5,-5
"30499",36025,2,0,-2
"30500",36026,0,1,1
"30501",36027,9,10,1
"30502",36028,8,13,5
"30503",36029,1,2,1
"30504",36031,1,3,2
"30505",36032,1,3,2
"30506",36033,4,5,1
"30507",36034,6,6,0
"30508",36035,0,1,1
"30509",36036,7,15,8
"30510",36037,9,11,2
"30511",36038,0,1,1
"30512",36039,13,14,1
"30513",36040,0,1,1
"30514",36041,30,32,2
"30515",36042,0,1,1
"30516",36043,30,41,11
"30517",36044,0,2,2
"30518",36045,7,14,7
"30519",36046,13,18,5
"30520",36047,2,2,0
"30521",36048,3,4,1
"30522",36050,0,2,2
"30523",36051,12,9,-3
"30524",36052,9,10,1
"30525",36053,0,2,2
"30526",36054,12,9,-3
"30527",36055,12,9,-3
"30528",36056,7,7,0
"30529",36057,0,2,2
"30530",36058,10,8,-2
"30531",36059,11,10,-1
"30532",36061,1,0,-1
"30533",36062,16,21,5
"30534",36063,4,2,-2
"30535",36064,19,33,14
"30536",36065,1,0,-1
"30537",36066,20,43,23
"30538",36067,0,1,1
"30539",36068,2,3,1
"30540",36069,2,2,0
"30541",36070,2,1,-1
"30542",36071,6,14,8
"30543",36072,2,6,4
"30544",36073,0,4,4
"30545",36074,1,0,-1
"30546",36075,8,9,1
"30547",36076,11,9,-2
"30548",36077,0,1,1
"30549",36078,12,10,-2
"30550",36079,18,44,26
"30551",36080,38,27,-11
"30552",36081,9,8,-1
"30553",36082,7,10,3
"30554",36083,1,0,-1
"30555",36084,0,2,2
"30556",36085,6,16,10
"30557",36086,0,2,2
"30558",36087,17,22,5
"30559",36088,0,1,1
"30560",36089,7,8,1
"30561",36090,7,16,9
"30562",36091,2,3,1
"30563",36092,8,9,1
"30564",36093,1,5,4
"30565",36094,3,3,0
"30566",36095,1,0,-1
"30567",36096,11,6,-5
"30568",36097,2,7,5
"30569",36098,0,5,5
"30570",36099,9,11,2
"30571",36100,3,1,-2
"30572",36101,3,16,13
"30573",36102,2,3,1
"30574",36103,6,14,8
"30575",36105,0,3,3
"30576",36106,1,4,3
"30577",36107,1,1,0
"30578",36108,16,32,16
"30579",36109,10,9,-1
"30580",36110,4,7,3
"30581",36111,1,2,1
"30582",36112,45,49,4
"30583",36113,5,16,11
"30584",36114,26,44,18
"30585",36115,1,2,1
"30586",36117,10,11,1
"30587",36118,1,1,0
"30588",36120,1,3,2
"30589",36121,23,36,13
"30590",36122,11,9,-2
"30591",36123,1,0,-1
"30592",36124,12,30,18
"30593",36125,11,10,-1
"30594",36126,3,4,1
"30595",36127,4,0,-4
"30596",36128,5,4,-1
"30597",36129,3,1,-2
"30598",36130,1,2,1
"30599",36131,23,31,8
"30600",36132,1,2,1
"30601",36133,21,34,13
"30602",36134,42,19,-23
"30603",36135,7,6,-1
"30604",36136,7,11,4
"30605",36137,0,2,2
"30606",36138,3,10,7
"30607",36139,4,1,-3
"30608",36140,0,2,2
"30609",36141,0,2,2
"30610",36142,1,2,1
"30611",36143,40,36,-4
"30612",36144,3,4,1
"30613",36145,12,17,5
"30614",36146,4,1,-3
"30615",36147,0,2,2
"30616",36148,35,48,13
"30617",36149,11,9,-2
"30618",36150,3,5,2
"30619",36151,9,12,3
"30620",36152,7,19,12
"30621",36153,28,49,21
"30622",36154,3,3,0
"30623",36155,0,1,1
"30624",36156,6,13,7
"30625",36157,3,1,-2
"30626",36158,11,12,1
"30627",36159,1,3,2
"30628",36160,37,53,16
"30629",36161,17,10,-7
"30630",36162,1,0,-1
"30631",36163,14,9,-5
"30632",36164,1,0,-1
"30633",36165,21,37,16
"30634",36166,3,4,1
"30635",36167,19,29,10
"30636",36168,0,2,2
"30637",36169,9,18,9
"30638",36170,1,3,2
"30639",36172,3,2,-1
"30640",36173,1,0,-1
"30641",36175,0,1,1
"30642",36176,12,33,21
"30643",36177,1,4,3
"30644",36179,3,1,-2
"30645",36180,2,2,0
"30646",36182,0,1,1
"30647",36183,3,7,4
"30648",36184,1,1,0
"30649",36185,4,9,5
"30650",36187,0,8,8
"30651",36188,2,0,-2
"30652",36189,5,5,0
"30653",36190,1,1,0
"30654",36191,1,0,-1
"30655",36192,0,1,1
"30656",36193,0,5,5
"30657",36194,0,1,1
"30658",36195,4,5,1
"30659",36196,13,25,12
"30660",36197,5,5,0
"30661",36198,1,0,-1
"30662",36199,1,1,0
"30663",36200,1,3,2
"30664",36201,0,1,1
"30665",36202,3,14,11
"30666",36203,2,1,-1
"30667",36204,6,8,2
"30668",36205,2,4,2
"30669",36206,10,8,-2
"30670",36207,1,10,9
"30671",36208,4,2,-2
"30672",36209,5,8,3
"30673",36210,3,2,-1
"30674",36211,1,1,0
"30675",36212,27,25,-2
"30676",36213,1,3,2
"30677",36214,3,0,-3
"30678",36215,3,2,-1
"30679",36216,1,1,0
"30680",36217,0,2,2
"30681",36218,28,29,1
"30682",36219,3,2,-1
"30683",36220,1,1,0
"30684",36221,3,2,-1
"30685",36222,0,6,6
"30686",36223,1,3,2
"30687",36224,0,3,3
"30688",36225,0,1,1
"30689",36226,5,0,-5
"30690",36227,1,1,0
"30691",36228,1,7,6
"30692",36229,1,0,-1
"30693",36230,2,3,1
"30694",36233,16,22,6
"30695",36234,1,1,0
"30696",36235,0,1,1
"30697",36237,0,1,1
"30698",36238,0,1,1
"30699",36239,6,12,6
"30700",36240,0,2,2
"30701",36241,0,2,2
"30702",36242,2,4,2
"30703",36243,1,0,-1
"30704",36244,4,3,-1
"30705",36245,1,2,1
"30706",36246,1,4,3
"30707",36247,1,2,1
"30708",36248,1,2,1
"30709",36249,6,2,-4
"30710",36250,0,1,1
"30711",36251,17,12,-5
"30712",36252,2,2,0
"30713",36254,1,1,0
"30714",36255,0,5,5
"30715",36256,2,5,3
"30716",36257,1,13,12
"30717",36258,19,12,-7
"30718",36259,2,5,3
"30719",36261,5,10,5
"30720",36262,1,0,-1
"30721",36263,0,1,1
"30722",36265,5,4,-1
"30723",36266,15,16,1
"30724",36267,5,3,-2
"30725",36269,1,3,2
"30726",36271,1,3,2
"30727",36272,0,1,1
"30728",36273,7,8,1
"30729",36274,0,3,3
"30730",36275,0,4,4
"30731",36276,1,1,0
"30732",36277,1,4,3
"30733",36278,0,9,9
"30734",36279,0,2,2
"30735",36280,0,2,2
"30736",36281,0,3,3
"30737",36282,2,4,2
"30738",36283,3,2,-1
"30739",36284,10,21,11
"30740",36285,57,49,-8
"30741",36286,1,1,0
"30742",36287,0,3,3
"30743",36288,7,7,0
"30744",36289,4,2,-2
"30745",36290,1,0,-1
"30746",36291,1,2,1
"30747",36292,1,0,-1
"30748",36293,1,1,0
"30749",36294,26,28,2
"30750",36295,1,0,-1
"30751",36296,2,3,1
"30752",36297,2,0,-2
"30753",36298,6,4,-2
"30754",36299,1,1,0
"30755",36300,3,2,-1
"30756",36301,0,4,4
"30757",36302,0,2,2
"30758",36304,1,1,0
"30759",36305,5,5,0
"30760",36306,1,0,-1
"30761",36310,8,8,0
"30762",36311,4,2,-2
"30763",36312,3,0,-3
"30764",36313,1,2,1
"30765",36315,2,4,2
"30766",36316,13,11,-2
"30767",36317,0,3,3
"30768",36318,5,5,0
"30769",36320,1,1,0
"30770",36321,5,1,-4
"30771",36322,1,1,0
"30772",36323,1,1,0
"30773",36324,0,2,2
"30774",36326,1,1,0
"30775",36327,1,0,-1
"30776",36328,1,1,0
"30777",36329,6,6,0
"30778",36330,3,7,4
"30779",36331,0,1,1
"30780",36334,0,1,1
"30781",36335,4,2,-2
"30782",36336,2,2,0
"30783",36337,0,1,1
"30784",36338,0,1,1
"30785",36339,5,6,1
"30786",36340,24,29,5
"30787",36341,3,6,3
"30788",36342,0,1,1
"30789",36343,7,9,2
"30790",36344,2,6,4
"30791",36345,2,2,0
"30792",36346,6,6,0
"30793",36347,0,2,2
"30794",36348,8,10,2
"30795",36349,1,1,0
"30796",36350,2,0,-2
"30797",36351,2,2,0
"30798",36352,3,7,4
"30799",36353,2,2,0
"30800",36354,1,0,-1
"30801",36355,15,18,3
"30802",36356,7,6,-1
"30803",36358,1,1,0
"30804",36359,0,1,1
"30805",36362,0,6,6
"30806",36363,0,4,4
"30807",36364,1,0,-1
"30808",36365,1,0,-1
"30809",36366,0,2,2
"30810",36367,2,3,1
"30811",36368,0,1,1
"30812",36369,11,15,4
"30813",36370,1,1,0
"30814",36371,3,2,-1
"30815",36373,1,1,0
"30816",36374,3,1,-2
"30817",36375,1,1,0
"30818",36376,2,5,3
"30819",36377,0,10,10
"30820",36378,2,5,3
"30821",36380,2,2,0
"30822",36381,2,2,0
"30823",36382,1,3,2
"30824",36383,24,21,-3
"30825",36385,2,5,3
"30826",36386,2,1,-1
"30827",36388,3,32,29
"30828",36390,2,9,7
"30829",36391,2,3,1
"30830",36392,2,3,1
"30831",36393,1,2,1
"30832",36394,0,2,2
"30833",36395,1,2,1
"30834",36396,1,0,-1
"30835",36397,1,3,2
"30836",36398,23,26,3
"30837",36399,5,7,2
"30838",36400,2,0,-2
"30839",36401,1,2,1
"30840",36402,1,1,0
"30841",36403,2,7,5
"30842",36404,2,0,-2
"30843",36405,3,2,-1
"30844",36406,1,1,0
"30845",36407,2,1,-1
"30846",36408,5,1,-4
"30847",36409,19,16,-3
"30848",36410,3,4,1
"30849",36411,0,1,1
"30850",36412,5,2,-3
"30851",36413,1,0,-1
"30852",36414,2,2,0
"30853",36416,1,1,0
"30854",36417,1,8,7
"30855",36418,0,7,7
"30856",36419,1,3,2
"30857",36420,1,1,0
"30858",36421,2,0,-2
"30859",36422,0,3,3
"30860",36423,10,12,2
"30861",36424,1,0,-1
"30862",36426,2,4,2
"30863",36428,4,1,-3
"30864",36429,2,9,7
"30865",36431,1,2,1
"30866",36433,1,0,-1
"30867",36434,0,2,2
"30868",36435,0,1,1
"30869",36436,1,0,-1
"30870",36437,2,1,-1
"30871",36441,1,0,-1
"30872",36442,5,10,5
"30873",36443,1,3,2
"30874",36444,0,5,5
"30875",36445,2,2,0
"30876",36446,0,1,1
"30877",36447,1,1,0
"30878",36448,1,1,0
"30879",36449,1,1,0
"30880",36450,1,0,-1
"30881",36451,1,1,0
"30882",36452,1,1,0
"30883",36453,1,1,0
"30884",36454,1,2,1
"30885",36455,1,5,4
"30886",36456,1,1,0
"30887",36457,1,1,0
"30888",36458,1,1,0
"30889",36459,24,29,5
"30890",36460,0,1,1
"30891",36461,1,1,0
"30892",36462,1,1,0
"30893",36463,1,1,0
"30894",36464,1,1,0
"30895",36465,6,1,-5
"30896",36466,1,1,0
"30897",36467,1,1,0
"30898",36468,2,8,6
"30899",36470,2,0,-2
"30900",36471,1,4,3
"30901",36472,1,1,0
"30902",36473,1,1,0
"30903",36474,1,1,0
"30904",36475,1,4,3
"30905",36476,1,1,0
"30906",36477,1,4,3
"30907",36478,1,1,0
"30908",36479,1,0,-1
"30909",36480,0,1,1
"30910",36481,1,1,0
"30911",36482,1,1,0
"30912",36483,1,1,0
"30913",36484,2,4,2
"30914",36485,1,1,0
"30915",36486,1,1,0
"30916",36487,3,5,2
"30917",36488,1,1,0
"30918",36489,1,0,-1
"30919",36490,0,3,3
"30920",36491,3,2,-1
"30921",36492,1,6,5
"30922",36493,2,1,-1
"30923",36494,1,2,1
"30924",36495,1,1,0
"30925",36496,1,1,0
"30926",36497,1,1,0
"30927",36498,1,1,0
"30928",36499,1,1,0
"30929",36500,1,1,0
"30930",36501,6,3,-3
"30931",36502,1,2,1
"30932",36504,1,1,0
"30933",36505,0,1,1
"30934",36506,1,0,-1
"30935",36507,1,1,0
"30936",36508,5,14,9
"30937",36509,0,8,8
"30938",36510,1,1,0
"30939",36511,1,1,0
"30940",36512,1,1,0
"30941",36513,3,1,-2
"30942",36515,1,1,0
"30943",36516,1,1,0
"30944",36517,6,5,-1
"30945",36518,1,1,0
"30946",36519,1,1,0
"30947",36520,1,1,0
"30948",36521,1,1,0
"30949",36522,1,1,0
"30950",36523,1,1,0
"30951",36524,0,1,1
"30952",36525,1,1,0
"30953",36526,1,1,0
"30954",36527,11,0,-11
"30955",36528,1,1,0
"30956",36529,1,1,0
"30957",36530,1,1,0
"30958",36531,1,0,-1
"30959",36532,1,1,0
"30960",36534,3,1,-2
"30961",36535,1,1,0
"30962",36536,1,1,0
"30963",36538,2,1,-1
"30964",36540,5,8,3
"30965",36541,1,1,0
"30966",36542,1,1,0
"30967",36543,3,2,-1
"30968",36544,1,1,0
"30969",36545,1,1,0
"30970",36546,1,1,0
"30971",36547,1,1,0
"30972",36548,1,1,0
"30973",36550,1,1,0
"30974",36551,1,1,0
"30975",36552,0,1,1
"30976",36553,1,1,0
"30977",36554,1,1,0
"30978",36555,1,1,0
"30979",36556,0,1,1
"30980",36557,1,1,0
"30981",36558,1,0,-1
"30982",36559,1,1,0
"30983",36560,1,1,0
"30984",36561,1,1,0
"30985",36562,1,1,0
"30986",36563,1,3,2
"30987",36564,3,32,29
"30988",36565,1,1,0
"30989",36566,0,5,5
"30990",36567,8,8,0
"30991",36568,3,5,2
"30992",36569,1,1,0
"30993",36572,1,1,0
"30994",36573,1,1,0
"30995",36574,1,1,0
"30996",36575,1,1,0
"30997",36576,1,1,0
"30998",36577,1,1,0
"30999",36578,2,1,-1
"31000",36579,3,4,1
"31001",36580,1,1,0
"31002",36581,1,1,0
"31003",36582,1,1,0
"31004",36583,1,0,-1
"31005",36584,1,10,9
"31006",36585,1,0,-1
"31007",36586,2,1,-1
"31008",36588,1,1,0
"31009",36589,1,1,0
"31010",36590,1,1,0
"31011",36591,0,1,1
"31012",36592,2,8,6
"31013",36593,2,0,-2
"31014",36594,1,1,0
"31015",36595,1,1,0
"31016",36596,1,1,0
"31017",36597,1,1,0
"31018",36598,1,2,1
"31019",36599,2,0,-2
"31020",36600,1,1,0
"31021",36601,1,1,0
"31022",36602,1,1,0
"31023",36603,1,1,0
"31024",36604,1,1,0
"31025",36605,1,4,3
"31026",36606,0,2,2
"31027",36607,3,3,0
"31028",36608,2,1,-1
"31029",36609,2,8,6
"31030",36610,0,1,1
"31031",36611,2,3,1
"31032",36612,3,0,-3
"31033",36613,1,0,-1
"31034",36614,0,1,1
"31035",36615,1,1,0
"31036",36616,1,1,0
"31037",36617,1,0,-1
"31038",36618,1,1,0
"31039",36619,1,1,0
"31040",36620,1,1,0
"31041",36621,1,1,0
"31042",36622,1,1,0
"31043",36623,1,1,0
"31044",36624,1,1,0
"31045",36625,1,1,0
"31046",36626,0,1,1
"31047",36627,1,1,0
"31048",36628,1,1,0
"31049",36629,2,0,-2
"31050",36630,1,1,0
"31051",36633,12,9,-3
"31052",36635,1,0,-1
"31053",36636,1,1,0
"31054",36637,1,1,0
"31055",36638,0,1,1
"31056",36639,1,1,0
"31057",36640,1,1,0
"31058",36641,10,8,-2
"31059",36642,1,1,0
"31060",36643,1,1,0
"31061",36644,4,5,1
"31062",36645,1,0,-1
"31063",36646,1,1,0
"31064",36647,0,2,2
"31065",36648,1,1,0
"31066",36649,1,1,0
"31067",36650,1,1,0
"31068",36651,1,1,0
"31069",36652,1,1,0
"31070",36653,1,1,0
"31071",36654,0,5,5
"31072",36655,1,11,10
"31073",36656,1,1,0
"31074",36657,1,0,-1
"31075",36658,1,0,-1
"31076",36659,0,1,1
"31077",36660,1,0,-1
"31078",36661,1,1,0
"31079",36662,1,1,0
"31080",36663,1,1,0
"31081",36664,1,1,0
"31082",36665,0,1,1
"31083",36666,0,8,8
"31084",36667,1,0,-1
"31085",36668,1,1,0
"31086",36670,2,1,-1
"31087",36671,4,9,5
"31088",36672,1,0,-1
"31089",36673,1,1,0
"31090",36674,1,1,0
"31091",36675,1,0,-1
"31092",36676,1,1,0
"31093",36677,2,0,-2
"31094",36678,1,1,0
"31095",36679,3,1,-2
"31096",36680,1,1,0
"31097",36682,2,1,-1
"31098",36683,2,1,-1
"31099",36684,0,1,1
"31100",36685,2,3,1
"31101",36686,1,2,1
"31102",36687,3,2,-1
"31103",36688,1,1,0
"31104",36689,1,1,0
"31105",36690,1,0,-1
"31106",36691,1,1,0
"31107",36692,1,1,0
"31108",36693,1,1,0
"31109",36694,1,1,0
"31110",36695,1,1,0
"31111",36697,1,1,0
"31112",36698,1,1,0
"31113",36699,3,3,0
"31114",36700,1,6,5
"31115",36701,1,1,0
"31116",36702,3,2,-1
"31117",36703,1,1,0
"31118",36704,1,1,0
"31119",36705,2,1,-1
"31120",36706,1,1,0
"31121",36707,1,0,-1
"31122",36708,1,0,-1
"31123",36709,1,1,0
"31124",36710,1,0,-1
"31125",36711,2,1,-1
"31126",36712,1,1,0
"31127",36713,1,1,0
"31128",36714,26,28,2
"31129",36715,0,2,2
"31130",36716,1,1,0
"31131",36718,1,4,3
"31132",36719,0,1,1
"31133",36720,1,1,0
"31134",36721,1,1,0
"31135",36722,1,1,0
"31136",36723,2,3,1
"31137",36724,1,1,0
"31138",36725,3,1,-2
"31139",36726,1,1,0
"31140",36727,2,1,-1
"31141",36728,1,1,0
"31142",36729,1,1,0
"31143",36730,1,1,0
"31144",36732,1,1,0
"31145",36733,1,0,-1
"31146",36734,1,0,-1
"31147",36735,1,1,0
"31148",36736,1,1,0
"31149",36737,1,1,0
"31150",36739,1,0,-1
"31151",36740,1,1,0
"31152",36741,2,4,2
"31153",36742,1,0,-1
"31154",36743,2,0,-2
"31155",36744,1,1,0
"31156",36745,1,1,0
"31157",36746,1,1,0
"31158",36748,1,1,0
"31159",36749,1,1,0
"31160",36750,1,1,0
"31161",36751,0,3,3
"31162",36752,2,1,-1
"31163",36753,0,1,1
"31164",36754,1,0,-1
"31165",36755,1,1,0
"31166",36756,1,1,0
"31167",36758,0,1,1
"31168",36759,1,0,-1
"31169",36760,1,0,-1
"31170",36761,0,3,3
"31171",36762,1,1,0
"31172",36763,1,1,0
"31173",36764,3,2,-1
"31174",36765,1,1,0
"31175",36766,1,1,0
"31176",36767,1,1,0
"31177",36768,0,1,1
"31178",36769,1,0,-1
"31179",36770,1,1,0
"31180",36771,1,1,0
"31181",36772,1,3,2
"31182",36773,1,0,-1
"31183",36774,0,1,1
"31184",36775,22,6,-16
"31185",36776,2,1,-1
"31186",36777,1,1,0
"31187",36778,1,1,0
"31188",36779,1,1,0
"31189",36780,1,1,0
"31190",36781,1,1,0
"31191",36782,1,1,0
"31192",36783,1,1,0
"31193",36784,1,1,0
"31194",36785,1,1,0
"31195",36786,0,2,2
"31196",36787,1,1,0
"31197",36788,1,1,0
"31198",36789,2,1,-1
"31199",36790,1,1,0
"31200",36791,3,5,2
"31201",36792,1,0,-1
"31202",36793,11,33,22
"31203",36794,1,1,0
"31204",36795,1,1,0
"31205",36796,1,1,0
"31206",36797,1,1,0
"31207",36798,3,4,1
"31208",36799,1,1,0
"31209",36800,1,1,0
"31210",36801,1,1,0
"31211",36802,1,1,0
"31212",36803,1,1,0
"31213",36804,2,1,-1
"31214",36805,1,1,0
"31215",36806,2,1,-1
"31216",36807,0,1,1
"31217",36808,1,0,-1
"31218",36809,1,3,2
"31219",36811,1,1,0
"31220",36812,1,1,0
"31221",36813,0,1,1
"31222",36814,0,1,1
"31223",36815,3,4,1
"31224",36816,1,0,-1
"31225",36817,1,1,0
"31226",36818,2,1,-1
"31227",36819,1,1,0
"31228",36820,1,1,0
"31229",36821,3,8,5
"31230",36822,1,0,-1
"31231",36823,2,2,0
"31232",36824,1,1,0
"31233",36825,1,1,0
"31234",36826,1,1,0
"31235",36827,1,1,0
"31236",36828,2,9,7
"31237",36829,1,1,0
"31238",36830,1,1,0
"31239",36831,1,1,0
"31240",36832,1,1,0
"31241",36833,1,2,1
"31242",36834,1,0,-1
"31243",36835,2,1,-1
"31244",36836,1,1,0
"31245",36837,1,1,0
"31246",36838,1,1,0
"31247",36840,1,1,0
"31248",36841,4,0,-4
"31249",36842,1,1,0
"31250",36843,23,7,-16
"31251",36844,4,1,-3
"31252",36845,1,1,0
"31253",36846,1,1,0
"31254",36847,1,1,0
"31255",36848,1,1,0
"31256",36849,1,1,0
"31257",36850,1,1,0
"31258",36851,1,1,0
"31259",36853,1,1,0
"31260",36854,1,0,-1
"31261",36855,12,33,21
"31262",36856,1,1,0
"31263",36857,0,1,1
"31264",36858,1,1,0
"31265",36859,1,0,-1
"31266",36860,1,1,0
"31267",36861,0,1,1
"31268",36862,0,1,1
"31269",36863,1,3,2
"31270",36864,1,1,0
"31271",36866,1,1,0
"31272",36867,1,1,0
"31273",36868,1,1,0
"31274",36869,1,1,0
"31275",36870,1,1,0
"31276",36871,1,0,-1
"31277",36872,1,1,0
"31278",36873,1,1,0
"31279",36874,1,1,0
"31280",36875,1,4,3
"31281",36876,1,1,0
"31282",36878,1,1,0
"31283",36879,1,1,0
"31284",36880,3,1,-2
"31285",36881,1,1,0
"31286",36882,1,1,0
"31287",36883,0,1,1
"31288",36884,14,17,3
"31289",36885,5,4,-1
"31290",36886,1,1,0
"31291",36887,1,1,0
"31292",36888,1,1,0
"31293",36889,2,2,0
"31294",36890,1,1,0
"31295",36891,1,0,-1
"31296",36892,1,1,0
"31297",36893,3,5,2
"31298",36894,1,0,-1
"31299",36895,3,2,-1
"31300",36896,1,1,0
"31301",36897,1,1,0
"31302",36898,1,1,0
"31303",36899,1,1,0
"31304",36900,1,0,-1
"31305",36901,5,5,0
"31306",36902,1,1,0
"31307",36903,1,1,0
"31308",36904,1,1,0
"31309",36905,1,1,0
"31310",36906,4,1,-3
"31311",36907,2,0,-2
"31312",36908,1,1,0
"31313",36909,1,1,0
"31314",36910,0,2,2
"31315",36911,1,1,0
"31316",36912,1,1,0
"31317",36913,1,1,0
"31318",36914,17,11,-6
"31319",36915,1,1,0
"31320",36916,1,1,0
"31321",36917,1,1,0
"31322",36918,1,1,0
"31323",36919,1,1,0
"31324",36920,1,1,0
"31325",36921,13,25,12
"31326",36922,10,8,-2
"31327",36923,1,0,-1
"31328",36924,2,1,-1
"31329",36925,1,1,0
"31330",36926,1,1,0
"31331",36927,2,3,1
"31332",36928,1,0,-1
"31333",36929,1,1,0
"31334",36930,1,0,-1
"31335",36931,1,1,0
"31336",36933,1,2,1
"31337",36934,1,1,0
"31338",36936,1,1,0
"31339",36937,1,1,0
"31340",36938,1,1,0
"31341",36940,0,8,8
"31342",36941,1,1,0
"31343",36942,1,1,0
"31344",36943,1,1,0
"31345",36944,1,1,0
"31346",36945,2,0,-2
"31347",36946,1,1,0
"31348",36947,1,0,-1
"31349",36948,1,1,0
"31350",36949,10,31,21
"31351",36950,1,1,0
"31352",36952,1,0,-1
"31353",36953,0,1,1
"31354",36954,1,0,-1
"31355",36955,1,1,0
"31356",36956,1,0,-1
"31357",36957,4,6,2
"31358",36958,2,1,-1
"31359",36960,1,1,0
"31360",36961,1,0,-1
"31361",36962,1,1,0
"31362",36963,0,3,3
"31363",36964,0,1,1
"31364",36965,1,0,-1
"31365",36966,1,1,0
"31366",36967,1,1,0
"31367",36968,1,1,0
"31368",36969,1,1,0
"31369",36970,2,0,-2
"31370",36971,1,1,0
"31371",36972,1,1,0
"31372",36973,1,0,-1
"31373",36974,1,0,-1
"31374",36975,1,1,0
"31375",36976,0,1,1
"31376",36977,1,1,0
"31377",36978,1,1,0
"31378",36979,1,3,2
"31379",36980,2,0,-2
"31380",36981,4,0,-4
"31381",36982,1,1,0
"31382",36983,2,0,-2
"31383",36984,1,1,0
"31384",36986,0,1,1
"31385",36987,1,1,0
"31386",36988,1,1,0
"31387",36989,1,1,0
"31388",36990,1,1,0
"31389",36991,1,1,0
"31390",36992,3,6,3
"31391",36993,1,1,0
"31392",36995,1,1,0
"31393",36996,1,1,0
"31394",36997,1,1,0
"31395",36998,1,1,0
"31396",36999,11,14,3
"31397",37000,1,1,0
"31398",37001,1,1,0
"31399",37002,2,0,-2
"31400",37003,3,4,1
"31401",37004,1,1,0
"31402",37005,0,4,4
"31403",37006,1,1,0
"31404",37007,1,3,2
"31405",37008,1,1,0
"31406",37009,1,1,0
"31407",37010,1,1,0
"31408",37011,1,3,2
"31409",37012,1,1,0
"31410",37014,1,1,0
"31411",37015,1,1,0
"31412",37016,1,1,0
"31413",37017,4,4,0
"31414",37019,1,1,0
"31415",37020,1,0,-1
"31416",37021,1,1,0
"31417",37022,1,1,0
"31418",37023,1,1,0
"31419",37024,16,22,6
"31420",37025,1,1,0
"31421",37026,1,1,0
"31422",37027,1,1,0
"31423",37028,3,4,1
"31424",37029,2,1,-1
"31425",37030,8,15,7
"31426",37031,1,1,0
"31427",37032,1,1,0
"31428",37033,1,1,0
"31429",37034,1,0,-1
"31430",37035,1,1,0
"31431",37036,1,1,0
"31432",37037,1,0,-1
"31433",37038,1,1,0
"31434",37039,1,1,0
"31435",37041,1,1,0
"31436",37042,1,1,0
"31437",37043,1,1,0
"31438",37044,1,1,0
"31439",37045,1,1,0
"31440",37046,1,0,-1
"31441",37047,3,2,-1
"31442",37048,0,1,1
"31443",37049,2,1,-1
"31444",37050,1,1,0
"31445",37051,1,1,0
"31446",37052,1,1,0
"31447",37053,1,1,0
"31448",37054,1,1,0
"31449",37055,0,1,1
"31450",37056,1,1,0
"31451",37057,0,1,1
"31452",37058,1,1,0
"31453",37059,1,0,-1
"31454",37060,1,0,-1
"31455",37061,1,1,0
"31456",37062,1,1,0
"31457",37063,1,1,0
"31458",37064,1,1,0
"31459",37065,0,1,1
"31460",37066,0,1,1
"31461",37067,1,1,0
"31462",37068,1,2,1
"31463",37069,1,1,0
"31464",37070,1,1,0
"31465",37071,1,1,0
"31466",37072,2,1,-1
"31467",37073,1,1,0
"31468",37074,1,0,-1
"31469",37075,1,1,0
"31470",37076,1,1,0
"31471",37077,1,1,0
"31472",37078,2,2,0
"31473",37079,1,1,0
"31474",37080,2,1,-1
"31475",37081,0,1,1
"31476",37082,1,1,0
"31477",37083,1,4,3
"31478",37085,1,1,0
"31479",37086,1,1,0
"31480",37087,1,1,0
"31481",37088,1,1,0
"31482",37089,1,1,0
"31483",37090,2,2,0
"31484",37091,1,0,-1
"31485",37092,1,0,-1
"31486",37093,0,1,1
"31487",37094,1,1,0
"31488",37095,1,1,0
"31489",37096,1,1,0
"31490",37097,1,0,-1
"31491",37098,1,1,0
"31492",37099,1,1,0
"31493",37100,1,1,0
"31494",37101,0,1,1
"31495",37102,2,0,-2
"31496",37103,1,0,-1
"31497",37104,1,1,0
"31498",37105,5,5,0
"31499",37106,2,0,-2
"31500",37107,4,9,5
"31501",37108,1,1,0
"31502",37109,0,1,1
"31503",37110,0,9,9
"31504",37111,1,1,0
"31505",37112,1,1,0
"31506",37113,5,10,5
"31507",37114,2,0,-2
"31508",37115,1,1,0
"31509",37116,1,1,0
"31510",37117,1,1,0
"31511",37118,1,1,0
"31512",37119,1,1,0
"31513",37121,0,1,1
"31514",37122,1,1,0
"31515",37123,1,1,0
"31516",37124,1,0,-1
"31517",37125,1,1,0
"31518",37126,1,1,0
"31519",37127,1,1,0
"31520",37128,5,2,-3
"31521",37129,0,3,3
"31522",37130,1,1,0
"31523",37131,1,1,0
"31524",37132,1,0,-1
"31525",37133,1,1,0
"31526",37134,10,16,6
"31527",37135,1,2,1
"31528",37136,0,4,4
"31529",37137,0,2,2
"31530",37138,1,1,0
"31531",37139,1,2,1
"31532",37140,1,1,0
"31533",37141,1,1,0
"31534",37142,0,1,1
"31535",37143,1,1,0
"31536",37144,1,1,0
"31537",37145,1,1,0
"31538",37146,2,0,-2
"31539",37147,3,1,-2
"31540",37148,0,1,1
"31541",37149,1,0,-1
"31542",37150,0,6,6
"31543",37151,1,1,0
"31544",37152,5,3,-2
"31545",37154,0,3,3
"31546",37155,2,1,-1
"31547",37156,0,2,2
"31548",37157,2,11,9
"31549",37158,0,2,2
"31550",37159,1,1,0
"31551",37160,1,1,0
"31552",37161,1,3,2
"31553",37162,1,0,-1
"31554",37163,1,1,0
"31555",37164,1,0,-1
"31556",37165,1,1,0
"31557",37166,1,1,0
"31558",37167,1,1,0
"31559",37168,7,12,5
"31560",37169,1,1,0
"31561",37170,1,1,0
"31562",37171,1,1,0
"31563",37172,1,1,0
"31564",37173,0,2,2
"31565",37174,0,2,2
"31566",37175,1,1,0
"31567",37176,3,9,6
"31568",37177,1,1,0
"31569",37178,0,1,1
"31570",37179,1,1,0
"31571",37180,1,0,-1
"31572",37181,1,1,0
"31573",37182,1,1,0
"31574",37183,1,1,0
"31575",37184,1,1,0
"31576",37185,1,1,0
"31577",37186,1,1,0
"31578",37187,5,6,1
"31579",37188,1,1,0
"31580",37189,1,1,0
"31581",37190,1,0,-1
"31582",37191,1,1,0
"31583",37192,14,12,-2
"31584",37193,1,1,0
"31585",37194,1,1,0
"31586",37195,2,5,3
"31587",37196,2,1,-1
"31588",37197,1,1,0
"31589",37199,1,1,0
"31590",37200,1,1,0
"31591",37201,1,0,-1
"31592",37202,2,1,-1
"31593",37203,2,1,-1
"31594",37204,1,1,0
"31595",37205,0,1,1
"31596",37206,1,1,0
"31597",37207,1,1,0
"31598",37209,1,1,0
"31599",37210,1,1,0
"31600",37211,1,1,0
"31601",37212,1,1,0
"31602",37213,0,10,10
"31603",37214,1,0,-1
"31604",37215,1,1,0
"31605",37216,1,1,0
"31606",37217,2,0,-2
"31607",37218,1,1,0
"31608",37219,1,0,-1
"31609",37220,1,1,0
"31610",37221,1,0,-1
"31611",37222,1,1,0
"31612",37223,1,1,0
"31613",37224,1,1,0
"31614",37226,1,1,0
"31615",37227,1,1,0
"31616",37228,1,1,0
"31617",37229,1,1,0
"31618",37230,1,0,-1
"31619",37231,1,1,0
"31620",37232,2,0,-2
"31621",37233,5,4,-1
"31622",37234,1,1,0
"31623",37235,1,1,0
"31624",37237,1,3,2
"31625",37238,1,1,0
"31626",37239,2,1,-1
"31627",37240,1,1,0
"31628",37241,1,0,-1
"31629",37242,1,1,0
"31630",37243,1,1,0
"31631",37244,1,1,0
"31632",37245,1,0,-1
"31633",37246,1,1,0
"31634",37247,2,0,-2
"31635",37248,1,1,0
"31636",37249,2,0,-2
"31637",37250,1,1,0
"31638",37251,1,1,0
"31639",37252,0,1,1
"31640",37253,0,1,1
"31641",37254,1,1,0
"31642",37255,1,1,0
"31643",37256,3,1,-2
"31644",37257,0,5,5
"31645",37258,1,1,0
"31646",37259,1,0,-1
"31647",37260,1,1,0
"31648",37262,2,0,-2
"31649",37263,1,1,0
"31650",37264,1,1,0
"31651",37265,1,1,0
"31652",37266,1,1,0
"31653",37267,1,1,0
"31654",37268,1,1,0
"31655",37269,1,1,0
"31656",37270,1,1,0
"31657",37271,1,0,-1
"31658",37273,2,2,0
"31659",37274,1,1,0
"31660",37276,1,1,0
"31661",37277,0,1,1
"31662",37278,1,1,0
"31663",37279,1,1,0
"31664",37281,5,10,5
"31665",37282,1,1,0
"31666",37283,1,1,0
"31667",37284,1,1,0
"31668",37285,1,1,0
"31669",37286,1,1,0
"31670",37287,2,7,5
"31671",37288,1,0,-1
"31672",37289,1,1,0
"31673",37290,1,1,0
"31674",37292,0,1,1
"31675",37293,1,0,-1
"31676",37294,24,21,-3
"31677",37295,1,1,0
"31678",37296,3,2,-1
"31679",37297,1,1,0
"31680",37298,1,1,0
"31681",37299,1,1,0
"31682",37300,1,1,0
"31683",37301,1,0,-1
"31684",37302,1,1,0
"31685",37303,1,1,0
"31686",37305,1,0,-1
"31687",37306,1,1,0
"31688",37307,1,1,0
"31689",37308,1,1,0
"31690",37309,4,0,-4
"31691",37310,1,1,0
"31692",37311,1,1,0
"31693",37312,1,4,3
"31694",37313,2,1,-1
"31695",37314,1,3,2
"31696",37315,1,0,-1
"31697",37316,1,1,0
"31698",37317,1,1,0
"31699",37318,1,0,-1
"31700",37319,0,5,5
"31701",37320,1,1,0
"31702",37321,2,0,-2
"31703",37322,1,1,0
"31704",37323,1,1,0
"31705",37324,1,1,0
"31706",37325,2,1,-1
"31707",37326,0,1,1
"31708",37327,1,0,-1
"31709",37329,1,1,0
"31710",37330,1,1,0
"31711",37331,1,0,-1
"31712",37332,1,1,0
"31713",37333,1,2,1
"31714",37334,1,5,4
"31715",37335,2,1,-1
"31716",37336,1,1,0
"31717",37337,1,1,0
"31718",37338,1,1,0
"31719",37339,1,1,0
"31720",37340,4,0,-4
"31721",37342,7,12,5
"31722",37343,1,1,0
"31723",37344,0,1,1
"31724",37345,9,24,15
"31725",37346,21,28,7
"31726",37347,16,36,20
"31727",37348,10,21,11
"31728",37349,7,10,3
"31729",37350,28,23,-5
"31730",37351,15,13,-2
"31731",37352,17,23,6
"31732",37353,8,15,7
"31733",37354,28,23,-5
"31734",37355,12,20,8
"31735",37356,8,17,9
"31736",37357,23,29,6
"31737",37358,28,33,5
"31738",37359,32,28,-4
"31739",37360,19,11,-8
"31740",37361,10,12,2
"31741",37362,13,16,3
"31742",37363,11,15,4
"31743",37364,7,10,3
"31744",37365,27,25,-2
"31745",37366,28,25,-3
"31746",37367,6,8,2
"31747",37368,8,14,6
"31748",37369,8,13,5
"31749",37370,8,9,1
"31750",37371,27,35,8
"31751",37372,10,8,-2
"31752",37373,19,27,8
"31753",37374,26,33,7
"31754",37375,12,12,0
"31755",37376,23,32,9
"31756",37377,9,15,6
"31757",37378,5,7,2
"31758",37379,7,12,5
"31759",37380,19,16,-3
"31760",37382,7,14,7
"31761",37383,11,17,6
"31762",37384,13,20,7
"31763",37385,9,7,-2
"31764",37386,2,13,11
"31765",37387,9,8,-1
"31766",37388,23,26,3
"31767",37389,10,19,9
"31768",37390,8,17,9
"31769",37391,3,12,9
"31770",37392,22,25,3
"31771",37393,14,10,-4
"31772",37394,24,31,7
"31773",37395,8,4,-4
"31774",37396,32,46,14
"31775",37397,5,15,10
"31776",37398,6,12,6
"31777",37399,21,24,3
"31778",37400,2,11,9
"31779",37401,32,28,-4
"31780",37402,22,30,8
"31781",37403,5,8,3
"31782",37404,3,16,13
"31783",37405,23,17,-6
"31784",37406,8,14,6
"31785",37407,12,23,11
"31786",37408,10,12,2
"31787",37409,33,34,1
"31788",37410,12,30,18
"31789",37411,15,17,2
"31790",37412,10,13,3
"31791",37413,6,14,8
"31792",37414,15,8,-7
"31793",37415,5,11,6
"31794",37416,5,8,3
"31795",37417,13,21,8
"31796",37418,4,16,12
"31797",37419,10,6,-4
"31798",37420,18,24,6
"31799",37421,8,11,3
"31800",37422,34,34,0
"31801",37423,7,16,9
"31802",37424,8,9,1
"31803",37425,15,16,1
"31804",37426,18,13,-5
"31805",37427,6,9,3
"31806",37429,2,2,0
"31807",37430,5,14,9
"31808",37431,0,5,5
"31809",37432,10,10,0
"31810",37433,28,29,1
"31811",37434,20,16,-4
"31812",37435,1,0,-1
"31813",37436,20,16,-4
"31814",37437,0,1,1
"31815",37438,28,29,1
"31816",37439,7,7,0
"31817",37440,12,15,3
"31818",37442,1,3,2
"31819",37443,2,2,0
"31820",37444,0,1,1
"31821",37445,1,2,1
"31822",37446,1,4,3
"31823",37447,7,12,5
"31824",37448,5,7,2
"31825",37450,3,2,-1
"31826",37451,5,6,1
"31827",37452,0,3,3
"31828",37453,6,7,1
"31829",37454,1,2,1
"31830",37455,1,14,13
"31831",37456,1,2,1
"31832",37457,1,9,8
"31833",37459,2,1,-1
"31834",37460,5,10,5
"31835",37461,0,1,1
"31836",37462,0,3,3
"31837",37463,13,12,-1
"31838",37464,1,13,12
"31839",37465,1,1,0
"31840",37466,2,3,1
"31841",37467,0,1,1
"31842",37469,4,5,1
"31843",37470,3,4,1
"31844",37472,2,3,1
"31845",37473,1,2,1
"31846",37476,2,4,2
"31847",37477,1,10,9
"31848",37478,2,1,-1
"31849",37479,2,2,0
"31850",37480,0,1,1
"31851",37481,1,6,5
"31852",37482,1,2,1
"31853",37484,1,3,2
"31854",37485,0,3,3
"31855",37486,10,5,-5
"31856",37488,1,2,1
"31857",37489,2,4,2
"31858",37490,4,2,-2
"31859",37491,1,3,2
"31860",37492,1,3,2
"31861",37493,0,1,1
"31862",37494,0,1,1
"31863",37495,5,12,7
"31864",37496,3,1,-2
"31865",37497,1,3,2
"31866",37498,2,23,21
"31867",37500,3,1,-2
"31868",37502,6,10,4
"31869",37503,2,2,0
"31870",37504,1,2,1
"31871",37506,0,1,1
"31872",37507,2,1,-1
"31873",37508,0,2,2
"31874",37509,1,0,-1
"31875",37510,0,2,2
"31876",37511,1,2,1
"31877",37512,0,1,1
"31878",37513,0,1,1
"31879",37514,1,9,8
"31880",37515,1,0,-1
"31881",37516,1,2,1
"31882",37517,0,1,1
"31883",37518,5,13,8
"31884",37519,15,13,-2
"31885",37520,1,1,0
"31886",37521,2,4,2
"31887",37522,2,2,0
"31888",37523,0,1,1
"31889",37524,15,15,0
"31890",37525,1,2,1
"31891",37526,0,4,4
"31892",37527,1,1,0
"31893",37529,0,1,1
"31894",37530,0,1,1
"31895",37531,12,3,-9
"31896",37532,1,1,0
"31897",37533,1,1,0
"31898",37534,0,3,3
"31899",37535,0,2,2
"31900",37536,0,1,1
"31901",37537,1,0,-1
"31902",37538,3,7,4
"31903",37539,6,5,-1
"31904",37540,3,1,-2
"31905",37541,0,1,1
"31906",37542,9,12,3
"31907",37543,0,1,1
"31908",37545,3,0,-3
"31909",37546,0,1,1
"31910",37548,0,2,2
"31911",37549,1,9,8
"31912",37551,1,0,-1
"31913",37552,3,0,-3
"31914",37553,8,7,-1
"31915",37554,0,4,4
"31916",37555,0,1,1
"31917",37556,0,2,2
"31918",37557,0,1,1
"31919",37558,3,18,15
"31920",37559,3,0,-3
"31921",37560,1,1,0
"31922",37561,2,1,-1
"31923",37562,2,23,21
"31924",37563,0,2,2
"31925",37564,0,5,5
"31926",37565,0,3,3
"31927",37566,7,11,4
"31928",37567,2,0,-2
"31929",37568,2,3,1
"31930",37569,1,2,1
"31931",37570,1,3,2
"31932",37571,2,5,3
"31933",37572,1,1,0
"31934",37573,0,1,1
"31935",37574,1,0,-1
"31936",37575,1,1,0
"31937",37576,0,2,2
"31938",37577,0,1,1
"31939",37578,4,7,3
"31940",37579,3,4,1
"31941",37580,1,2,1
"31942",37581,0,1,1
"31943",37582,2,2,0
"31944",37583,0,1,1
"31945",37584,1,3,2
"31946",37585,0,1,1
"31947",37587,1,0,-1
"31948",37588,0,3,3
"31949",37589,1,0,-1
"31950",37590,18,12,-6
"31951",37591,1,3,2
"31952",37592,2,8,6
"31953",37593,10,8,-2
"31954",37594,7,8,1
"31955",37595,4,2,-2
"31956",37596,0,3,3
"31957",37597,2,4,2
"31958",37598,1,1,0
"31959",37599,0,1,1
"31960",37600,0,1,1
"31961",37602,1,14,13
"31962",37603,5,19,14
"31963",37604,2,6,4
"31964",37605,0,1,1
"31965",37606,0,1,1
"31966",37608,0,1,1
"31967",37609,9,5,-4
"31968",37610,1,6,5
"31969",37611,7,12,5
"31970",37613,0,1,1
"31971",37614,6,5,-1
"31972",37616,2,1,-1
"31973",37617,0,1,1
"31974",37618,1,0,-1
"31975",37619,6,10,4
"31976",37620,6,4,-2
"31977",37621,5,4,-1
"31978",37622,3,1,-2
"31979",37623,2,5,3
"31980",37624,3,14,11
"31981",37625,0,2,2
"31982",37626,3,2,-1
"31983",37627,1,2,1
"31984",37628,2,1,-1
"31985",37629,2,1,-1
"31986",37630,4,3,-1
"31987",37631,1,2,1
"31988",37632,5,10,5
"31989",37633,0,1,1
"31990",37634,1,0,-1
"31991",37635,0,2,2
"31992",37636,0,3,3
"31993",37637,2,6,4
"31994",37638,0,2,2
"31995",37639,2,10,8
"31996",37640,6,24,18
"31997",37641,0,2,2
"31998",37642,0,2,2
"31999",37643,3,5,2
"32000",37644,9,14,5
"32001",37645,2,1,-1
"32002",37646,1,4,3
"32003",37647,3,0,-3
"32004",37648,3,6,3
"32005",37649,0,2,2
"32006",37650,7,11,4
"32007",37651,3,1,-2
"32008",37652,0,1,1
"32009",37653,1,2,1
"32010",37654,0,3,3
"32011",37656,1,6,5
"32012",37658,13,19,6
"32013",37659,6,3,-3
"32014",37662,1,1,0
"32015",37663,2,11,9
"32016",37664,1,0,-1
"32017",37665,0,4,4
"32018",37666,3,2,-1
"32019",37667,8,3,-5
"32020",37669,0,1,1
"32021",37670,0,1,1
"32022",37671,1,2,1
"32023",37672,2,2,0
"32024",37673,2,1,-1
"32025",37674,2,4,2
"32026",37675,3,8,5
"32027",37678,0,1,1
"32028",37679,0,2,2
"32029",37680,2,3,1
"32030",37681,35,19,-16
"32031",37682,2,15,13
"32032",37683,0,5,5
"32033",37684,0,2,2
"32034",37685,3,4,1
"32035",37686,2,3,1
"32036",37687,0,3,3
"32037",37688,1,1,0
"32038",37689,0,1,1
"32039",37690,0,2,2
"32040",37691,4,7,3
"32041",37692,0,4,4
"32042",37693,0,3,3
"32043",37694,1,3,2
"32044",37695,7,7,0
"32045",37697,1,4,3
"32046",37698,1,0,-1
"32047",37700,0,1,1
"32048",37701,1,3,2
"32049",37702,2,0,-2
"32050",37704,1,0,-1
"32051",37705,0,1,1
"32052",37706,1,1,0
"32053",37707,1,3,2
"32054",37708,2,3,1
"32055",37709,1,2,1
"32056",37710,1,0,-1
"32057",37711,0,2,2
"32058",37712,2,4,2
"32059",37714,1,4,3
"32060",37716,1,1,0
"32061",37717,1,2,1
"32062",37719,1,0,-1
"32063",37722,1,0,-1
"32064",37723,0,1,1
"32065",37724,3,3,0
"32066",37725,1,1,0
"32067",37726,0,2,2
"32068",37727,0,5,5
"32069",37728,0,1,1
"32070",37729,2,0,-2
"32071",37730,0,5,5
"32072",37731,4,5,1
"32073",37732,1,2,1
"32074",37733,3,4,1
"32075",37735,2,4,2
"32076",37736,2,1,-1
"32077",37737,0,1,1
"32078",37738,0,1,1
"32079",37739,7,7,0
"32080",37740,2,1,-1
"32081",37741,0,2,2
"32082",37742,2,1,-1
"32083",37743,4,8,4
"32084",37744,1,2,1
"32085",37745,1,8,7
"32086",37746,2,0,-2
"32087",37747,3,1,-2
"32088",37748,5,2,-3
"32089",37750,6,14,8
"32090",37751,12,4,-8
"32091",37753,4,9,5
"32092",37754,2,0,-2
"32093",37755,0,1,1
"32094",37756,8,4,-4
"32095",37757,4,4,0
"32096",37758,2,5,3
"32097",37759,2,1,-1
"32098",37760,3,2,-1
"32099",37761,1,4,3
"32100",37762,1,8,7
"32101",37763,1,3,2
"32102",37764,4,6,2
"32103",37766,4,3,-1
"32104",37767,4,4,0
"32105",37768,1,4,3
"32106",37769,2,3,1
"32107",37770,1,1,0
"32108",37772,3,3,0
"32109",37773,1,2,1
"32110",37774,7,6,-1
"32111",37775,0,1,1
"32112",37776,3,4,1
"32113",37777,0,2,2
"32114",37778,1,0,-1
"32115",37779,1,2,1
"32116",37780,0,2,2
"32117",37781,0,2,2
"32118",37782,3,6,3
"32119",37783,2,10,8
"32120",37784,0,2,2
"32121",37785,1,9,8
"32122",37786,2,0,-2
"32123",37788,4,2,-2
"32124",37789,4,2,-2
"32125",37791,2,3,1
"32126",37792,2,3,1
"32127",37793,8,13,5
"32128",37794,2,0,-2
"32129",37795,0,2,2
"32130",37796,4,2,-2
"32131",37798,1,7,6
"32132",37799,1,3,2
"32133",37801,2,1,-1
"32134",37802,0,2,2
"32135",37803,0,1,1
"32136",37805,1,3,2
"32137",37806,0,1,1
"32138",37807,1,2,1
"32139",37808,1,3,2
"32140",37809,5,7,2
"32141",37810,6,12,6
"32142",37812,0,1,1
"32143",37813,1,2,1
"32144",37814,0,1,1
"32145",37815,4,6,2
"32146",37816,0,4,4
"32147",37817,4,10,6
"32148",37818,0,1,1
"32149",37820,0,1,1
"32150",37821,1,6,5
"32151",37822,5,4,-1
"32152",37823,1,1,0
"32153",37824,0,6,6
"32154",37827,9,20,11
"32155",37828,2,6,4
"32156",37830,2,3,1
"32157",37831,4,1,-3
"32158",37832,0,2,2
"32159",37833,1,3,2
"32160",37834,9,10,1
"32161",37835,1,1,0
"32162",37837,0,3,3
"32163",37838,0,2,2
"32164",37839,3,2,-1
"32165",37841,1,3,2
"32166",37842,8,9,1
"32167",37843,3,1,-2
"32168",37844,1,1,0
"32169",37845,0,6,6
"32170",37846,4,3,-1
"32171",37848,5,2,-3
"32172",37849,7,3,-4
"32173",37850,0,4,4
"32174",37851,3,6,3
"32175",37852,0,1,1
"32176",37853,2,8,6
"32177",37854,2,0,-2
"32178",37855,0,2,2
"32179",37856,1,1,0
"32180",37858,1,2,1
"32181",37859,0,12,12
"32182",37861,2,1,-1
"32183",37862,2,3,1
"32184",37863,0,2,2
"32185",37864,4,3,-1
"32186",37865,1,1,0
"32187",37867,8,13,5
"32188",37868,0,1,1
"32189",37869,0,1,1
"32190",37870,18,12,-6
"32191",37871,2,5,3
"32192",37872,1,0,-1
"32193",37874,1,2,1
"32194",37875,1,2,1
"32195",37876,0,1,1
"32196",37877,0,1,1
"32197",37878,0,1,1
"32198",37879,0,2,2
"32199",37880,1,0,-1
"32200",37881,1,2,1
"32201",37882,5,2,-3
"32202",37883,2,8,6
"32203",37884,5,23,18
"32204",37885,0,1,1
"32205",37886,0,2,2
"32206",37887,6,3,-3
"32207",37888,1,1,0
"32208",37889,15,13,-2
"32209",37890,0,1,1
"32210",37891,1,1,0
"32211",37892,0,2,2
"32212",37893,1,0,-1
"32213",37894,2,10,8
"32214",37895,1,1,0
"32215",37896,6,6,0
"32216",37898,0,3,3
"32217",37899,1,5,4
"32218",37900,1,1,0
"32219",37901,0,3,3
"32220",37902,0,8,8
"32221",37904,2,4,2
"32222",37906,6,15,9
"32223",37907,1,3,2
"32224",37908,5,1,-4
"32225",37909,0,1,1
"32226",37910,1,2,1
"32227",37911,5,7,2
"32228",37913,11,5,-6
"32229",37914,3,5,2
"32230",37915,0,1,1
"32231",37916,0,3,3
"32232",37917,0,2,2
"32233",37918,0,2,2
"32234",37919,1,3,2
"32235",37920,0,1,1
"32236",37921,2,0,-2
"32237",37922,13,11,-2
"32238",37923,1,2,1
"32239",37924,2,0,-2
"32240",37925,1,3,2
"32241",37926,0,2,2
"32242",37927,3,0,-3
"32243",37928,1,2,1
"32244",37929,15,15,0
"32245",37930,2,0,-2
"32246",37932,5,5,0
"32247",37933,9,13,4
"32248",37934,1,0,-1
"32249",37935,0,2,2
"32250",37936,2,0,-2
"32251",37937,3,9,6
"32252",37938,0,12,12
"32253",37939,41,37,-4
"32254",37940,0,1,1
"32255",37941,3,10,7
"32256",37943,0,2,2
"32257",37944,0,3,3
"32258",37945,2,1,-1
"32259",37946,0,1,1
"32260",37947,15,4,-11
"32261",37948,4,4,0
"32262",37950,1,3,2
"32263",37951,4,3,-1
"32264",37953,2,3,1
"32265",37954,1,4,3
"32266",37955,7,11,4
"32267",37956,4,1,-3
"32268",37957,0,7,7
"32269",37959,0,1,1
"32270",37960,0,2,2
"32271",37961,1,3,2
"32272",37962,1,4,3
"32273",37963,1,1,0
"32274",37964,4,5,1
"32275",37965,1,1,0
"32276",37966,1,0,-1
"32277",37967,0,1,1
"32278",37968,1,1,0
"32279",37969,3,2,-1
"32280",37970,0,2,2
"32281",37971,0,1,1
"32282",37972,0,1,1
"32283",37973,5,5,0
"32284",37974,2,2,0
"32285",37975,2,6,4
"32286",37976,4,3,-1
"32287",37978,0,2,2
"32288",37979,0,1,1
"32289",37980,5,4,-1
"32290",37982,0,2,2
"32291",37983,3,2,-1
"32292",37984,0,1,1
"32293",37985,0,1,1
"32294",37986,7,7,0
"32295",37987,1,3,2
"32296",37988,0,6,6
"32297",37989,0,4,4
"32298",37990,0,4,4
"32299",37991,4,1,-3
"32300",37992,1,1,0
"32301",37993,6,1,-5
"32302",37994,1,0,-1
"32303",37995,6,5,-1
"32304",37996,4,2,-2
"32305",37997,0,2,2
"32306",37998,0,1,1
"32307",37999,0,1,1
"32308",38000,5,9,4
"32309",38001,2,21,19
"32310",38002,1,0,-1
"32311",38003,2,10,8
"32312",38005,2,0,-2
"32313",38006,2,2,0
"32314",38007,2,4,2
"32315",38008,1,1,0
"32316",38010,1,5,4
"32317",38011,0,3,3
"32318",38012,0,5,5
"32319",38013,0,2,2
"32320",38014,10,10,0
"32321",38015,1,0,-1
"32322",38016,9,13,4
"32323",38019,1,5,4
"32324",38020,1,1,0
"32325",38021,1,0,-1
"32326",38022,1,1,0
"32327",38023,3,8,5
"32328",38025,6,6,0
"32329",38026,8,4,-4
"32330",38027,0,5,5
"32331",38028,0,1,1
"32332",38029,1,5,4
"32333",38030,1,1,0
"32334",38031,0,2,2
"32335",38032,6,24,18
"32336",38033,0,3,3
"32337",38035,0,1,1
"32338",38036,1,1,0
"32339",38037,0,3,3
"32340",38038,1,1,0
"32341",38040,3,1,-2
"32342",38041,2,3,1
"32343",38042,1,4,3
"32344",38044,1,0,-1
"32345",38045,4,2,-2
"32346",38047,1,5,4
"32347",38048,1,3,2
"32348",38049,0,2,2
"32349",38050,4,3,-1
"32350",38052,1,0,-1
"32351",38053,1,2,1
"32352",38054,8,4,-4
"32353",38055,7,1,-6
"32354",38056,9,2,-7
"32355",38057,3,0,-3
"32356",38058,0,3,3
"32357",38059,2,5,3
"32358",38060,1,4,3
"32359",38062,0,13,13
"32360",38064,1,0,-1
"32361",38065,0,5,5
"32362",38066,1,2,1
"32363",38068,0,1,1
"32364",38069,0,2,2
"32365",38070,0,13,13
"32366",38071,4,6,2
"32367",38072,7,28,21
"32368",38073,7,6,-1
"32369",38074,8,30,22
"32370",38075,6,12,6
"32371",38076,2,5,3
"32372",38077,2,7,5
"32373",38078,2,0,-2
"32374",38079,0,3,3
"32375",38080,1,3,2
"32376",38082,1,1,0
"32377",38083,0,1,1
"32378",38086,2,0,-2
"32379",38087,4,14,10
"32380",38088,2,6,4
"32381",38090,0,1,1
"32382",38091,0,1,1
"32383",38092,1,3,2
"32384",38093,0,1,1
"32385",38095,4,2,-2
"32386",38096,2,0,-2
"32387",38097,14,20,6
"32388",38098,0,7,7
"32389",38099,4,7,3
"32390",38101,4,5,1
"32391",38102,2,4,2
"32392",38103,0,1,1
"32393",38104,2,0,-2
"32394",38105,4,4,0
"32395",38106,6,0,-6
"32396",38108,3,5,2
"32397",38109,3,4,1
"32398",38110,2,0,-2
"32399",38111,2,1,-1
"32400",38113,3,1,-2
"32401",38114,1,1,0
"32402",38115,1,6,5
"32403",38116,2,11,9
"32404",38117,1,0,-1
"32405",38119,1,1,0
"32406",38120,3,5,2
"32407",38121,4,5,1
"32408",38122,0,2,2
"32409",38124,2,1,-1
"32410",38125,1,1,0
"32411",38126,1,0,-1
"32412",38128,1,1,0
"32413",38129,1,3,2
"32414",38130,5,4,-1
"32415",38131,1,1,0
"32416",38132,3,3,0
"32417",38134,2,3,1
"32418",38136,0,1,1
"32419",38137,0,1,1
"32420",38138,0,1,1
"32421",38139,0,1,1
"32422",38140,0,4,4
"32423",38141,0,1,1
"32424",38142,2,0,-2
"32425",38143,0,1,1
"32426",38144,0,1,1
"32427",38145,0,2,2
"32428",38146,5,3,-2
"32429",38147,0,1,1
"32430",38148,1,1,0
"32431",38149,1,0,-1
"32432",38150,6,4,-2
"32433",38151,1,3,2
"32434",38152,1,1,0
"32435",38153,4,3,-1
"32436",38154,1,0,-1
"32437",38156,1,0,-1
"32438",38157,6,6,0
"32439",38158,2,2,0
"32440",38159,1,1,0
"32441",38160,7,2,-5
"32442",38161,0,1,1
"32443",38162,0,1,1
"32444",38163,0,2,2
"32445",38164,1,0,-1
"32446",38165,2,1,-1
"32447",38166,1,1,0
"32448",38167,1,2,1
"32449",38168,1,1,0
"32450",38169,4,3,-1
"32451",38170,0,1,1
"32452",38171,6,6,0
"32453",38172,2,1,-1
"32454",38173,1,0,-1
"32455",38174,0,2,2
"32456",38175,0,2,2
"32457",38176,0,1,1
"32458",38177,1,5,4
"32459",38178,3,0,-3
"32460",38179,0,3,3
"32461",38180,0,1,1
"32462",38181,2,4,2
"32463",38182,2,2,0
"32464",38183,1,3,2
"32465",38184,4,8,4
"32466",38185,1,2,1
"32467",38186,2,2,0
"32468",38187,1,1,0
"32469",38188,1,0,-1
"32470",38189,0,7,7
"32471",38190,0,1,1
"32472",38191,1,5,4
"32473",38192,0,4,4
"32474",38193,3,9,6
"32475",38194,0,6,6
"32476",38195,0,1,1
"32477",38196,1,1,0
"32478",38197,1,0,-1
"32479",38198,0,3,3
"32480",38200,9,6,-3
"32481",38201,2,3,1
"32482",38202,0,1,1
"32483",38204,5,1,-4
"32484",38205,0,2,2
"32485",38206,7,8,1
"32486",38207,0,1,1
"32487",38208,0,1,1
"32488",38209,0,3,3
"32489",38210,1,4,3
"32490",38211,0,1,1
"32491",38212,0,3,3
"32492",38213,1,2,1
"32493",38214,10,24,14
"32494",38216,0,3,3
"32495",38217,1,4,3
"32496",38218,3,8,5
"32497",38219,0,4,4
"32498",38220,8,20,12
"32499",38221,12,5,-7
"32500",38222,1,5,4
"32501",38224,2,1,-1
"32502",38225,0,2,2
"32503",38227,0,1,1
"32504",38228,1,3,2
"32505",38229,2,1,-1
"32506",38230,0,2,2
"32507",38231,0,3,3
"32508",38233,14,6,-8
"32509",38234,8,8,0
"32510",38235,1,5,4
"32511",38236,4,20,16
"32512",38237,1,1,0
"32513",38238,13,24,11
"32514",38239,1,4,3
"32515",38240,14,24,10
"32516",38241,4,5,1
"32517",38242,0,5,5
"32518",38244,0,3,3
"32519",38245,1,0,-1
"32520",38246,11,16,5
"32521",38248,1,1,0
"32522",38249,0,1,1
"32523",38250,1,0,-1
"32524",38251,22,9,-13
"32525",38252,1,6,5
"32526",38253,4,5,1
"32527",38254,2,7,5
"32528",38256,0,1,1
"32529",38257,0,5,5
"32530",38259,0,2,2
"32531",38260,2,5,3
"32532",38261,2,3,1
"32533",38262,0,2,2
"32534",38264,5,1,-4
"32535",38265,1,1,0
"32536",38266,7,2,-5
"32537",38267,1,3,2
"32538",38268,1,1,0
"32539",38270,4,1,-3
"32540",38271,1,7,6
"32541",38272,0,4,4
"32542",38273,0,1,1
"32543",38274,0,3,3
"32544",38275,1,0,-1
"32545",38277,4,20,16
"32546",38278,3,1,-2
"32547",38279,9,6,-3
"32548",38280,0,2,2
"32549",38281,14,24,10
"32550",38282,2,5,3
"32551",38283,2,2,0
"32552",38284,3,0,-3
"32553",38285,17,46,29
"32554",38286,2,7,5
"32555",38287,0,1,1
"32556",38288,2,2,0
"32557",38289,2,0,-2
"32558",38290,1,5,4
"32559",38291,2,5,3
"32560",38292,0,1,1
"32561",38293,0,1,1
"32562",38294,0,2,2
"32563",38295,0,3,3
"32564",38296,1,7,6
"32565",38297,4,5,1
"32566",38298,1,1,0
"32567",38299,0,2,2
"32568",38300,0,1,1
"32569",38301,6,5,-1
"32570",38302,1,2,1
"32571",38303,0,1,1
"32572",38304,1,3,2
"32573",38305,1,2,1
"32574",38308,1,1,0
"32575",38310,1,1,0
"32576",38313,0,2,2
"32577",38314,32,24,-8
"32578",38316,29,17,-12
"32579",38317,6,6,0
"32580",38318,22,15,-7
"32581",38319,5,11,6
"32582",38320,1,3,2
"32583",38322,1,4,3
"32584",38323,3,0,-3
"32585",38326,1,0,-1
"32586",38327,1,1,0
"32587",38328,1,0,-1
"32588",38330,0,1,1
"32589",38332,1,1,0
"32590",38333,1,1,0
"32591",38341,2,7,5
"32592",38342,11,2,-9
"32593",38343,3,1,-2
"32594",38344,0,6,6
"32595",38346,0,1,1
"32596",38347,0,5,5
"32597",38348,0,1,1
"32598",38349,10,12,2
"32599",38350,4,3,-1
"32600",38351,3,2,-1
"32601",38352,8,6,-2
"32602",38353,5,4,-1
"32603",38354,4,2,-2
"32604",38355,2,3,1
"32605",38356,3,3,0
"32606",38357,1,1,0
"32607",38358,2,3,1
"32608",38359,1,1,0
"32609",38360,1,7,6
"32610",38361,1,2,1
"32611",38362,4,0,-4
"32612",38364,2,1,-1
"32613",38367,1,1,0
"32614",38369,0,3,3
"32615",38371,2,11,9
"32616",38372,2,2,0
"32617",38374,6,1,-5
"32618",38375,0,2,2
"32619",38377,3,2,-1
"32620",38378,0,3,3
"32621",38379,3,1,-2
"32622",38380,28,18,-10
"32623",38381,1,16,15
"32624",38382,1,0,-1
"32625",38383,2,1,-1
"32626",38384,2,0,-2
"32627",38385,121,69,-52
"32628",38386,2,0,-2
"32629",38387,0,2,2
"32630",38388,1,0,-1
"32631",38390,1,2,1
"32632",38391,0,1,1
"32633",38392,0,1,1
"32634",38393,1,6,5
"32635",38395,2,10,8
"32636",38396,9,27,18
"32637",38397,4,2,-2
"32638",38398,3,11,8
"32639",38399,3,0,-3
"32640",38400,6,3,-3
"32641",38401,28,20,-8
"32642",38402,0,2,2
"32643",38403,0,1,1
"32644",38404,5,7,2
"32645",38405,1,1,0
"32646",38406,3,3,0
"32647",38407,0,1,1
"32648",38408,1,0,-1
"32649",38409,1,3,2
"32650",38410,31,19,-12
"32651",38411,0,1,1
"32652",38412,2,1,-1
"32653",38413,5,12,7
"32654",38414,0,5,5
"32655",38415,1,2,1
"32656",38417,1,0,-1
"32657",38418,1,1,0
"32658",38419,0,2,2
"32659",38421,1,1,0
"32660",38422,3,3,0
"32661",38423,0,1,1
"32662",38424,5,9,4
"32663",38425,1,2,1
"32664",38427,2,0,-2
"32665",38428,2,0,-2
"32666",38429,3,4,1
"32667",38430,0,1,1
"32668",38431,1,0,-1
"32669",38432,4,1,-3
"32670",38433,0,4,4
"32671",38434,15,12,-3
"32672",38435,3,3,0
"32673",38436,1,8,7
"32674",38437,2,4,2
"32675",38438,1,0,-1
"32676",38439,3,7,4
"32677",38441,0,1,1
"32678",38442,1,1,0
"32679",38443,0,4,4
"32680",38444,1,0,-1
"32681",38445,2,0,-2
"32682",38446,4,5,1
"32683",38447,1,3,2
"32684",38448,10,4,-6
"32685",38449,3,5,2
"32686",38450,2,0,-2
"32687",38451,0,5,5
"32688",38452,2,6,4
"32689",38453,2,0,-2
"32690",38454,0,1,1
"32691",38455,4,1,-3
"32692",38457,2,0,-2
"32693",38458,4,8,4
"32694",38459,3,4,1
"32695",38460,1,1,0
"32696",38461,9,4,-5
"32697",38462,2,0,-2
"32698",38463,1,4,3
"32699",38464,0,1,1
"32700",38465,2,0,-2
"32701",38467,0,2,2
"32702",38468,10,9,-1
"32703",38469,0,1,1
"32704",38470,5,12,7
"32705",38472,5,1,-4
"32706",38473,1,1,0
"32707",38474,2,0,-2
"32708",38475,1,3,2
"32709",38476,17,25,8
"32710",38477,0,1,1
"32711",38478,11,14,3
"32712",38479,0,1,1
"32713",38480,1,0,-1
"32714",38481,5,11,6
"32715",38483,1,1,0
"32716",38484,2,7,5
"32717",38485,18,18,0
"32718",38486,0,2,2
"32719",38487,2,3,1
"32720",38488,6,6,0
"32721",38489,1,0,-1
"32722",38490,1,1,0
"32723",38491,5,8,3
"32724",38492,1,0,-1
"32725",38493,1,0,-1
"32726",38494,0,2,2
"32727",38495,8,2,-6
"32728",38496,5,6,1
"32729",38497,0,1,1
"32730",38498,1,1,0
"32731",38499,0,3,3
"32732",38500,3,0,-3
"32733",38501,2,2,0
"32734",38502,0,3,3
"32735",38503,21,18,-3
"32736",38504,2,1,-1
"32737",38505,1,3,2
"32738",38506,1,0,-1
"32739",38510,0,2,2
"32740",38511,5,1,-4
"32741",38512,1,0,-1
"32742",38513,2,0,-2
"32743",38514,2,5,3
"32744",38515,0,3,3
"32745",38516,0,1,1
"32746",38517,5,12,7
"32747",38518,5,3,-2
"32748",38519,2,0,-2
"32749",38520,3,7,4
"32750",38521,1,9,8
"32751",38522,0,6,6
"32752",38523,3,1,-2
"32753",38524,0,2,2
"32754",38526,1,1,0
"32755",38527,12,8,-4
"32756",38528,1,1,0
"32757",38529,20,14,-6
"32758",38530,0,1,1
"32759",38532,3,3,0
"32760",38533,0,2,2
"32761",38534,3,0,-3
"32762",38535,8,4,-4
"32763",38536,1,0,-1
"32764",38537,2,1,-1
"32765",38538,4,2,-2
"32766",38539,0,5,5
"32767",38540,1,3,2
"32768",38542,27,17,-10
"32769",38543,5,1,-4
"32770",38544,2,0,-2
"32771",38545,2,0,-2
"32772",38546,3,2,-1
"32773",38547,2,0,-2
"32774",38548,0,2,2
"32775",38549,0,1,1
"32776",38550,2,2,0
"32777",38551,6,1,-5
"32778",38552,0,3,3
"32779",38553,5,1,-4
"32780",38554,5,11,6
"32781",38555,2,0,-2
"32782",38556,1,0,-1
"32783",38557,0,1,1
"32784",38558,1,9,8
"32785",38559,1,1,0
"32786",38560,0,1,1
"32787",38561,4,2,-2
"32788",38562,2,1,-1
"32789",38563,0,2,2
"32790",38564,0,4,4
"32791",38565,5,3,-2
"32792",38566,0,2,2
"32793",38567,5,11,6
"32794",38568,3,8,5
"32795",38569,7,9,2
"32796",38570,0,1,1
"32797",38571,38,10,-28
"32798",38572,3,14,11
"32799",38574,1,2,1
"32800",38575,1,0,-1
"32801",38576,1,3,2
"32802",38577,14,6,-8
"32803",38578,0,1,1
"32804",38579,1,0,-1
"32805",38580,1,7,6
"32806",38581,0,1,1
"32807",38582,2,3,1
"32808",38583,0,1,1
"32809",38584,1,3,2
"32810",38585,1,5,4
"32811",38586,0,4,4
"32812",38587,1,0,-1
"32813",38588,4,2,-2
"32814",38589,2,0,-2
"32815",38590,0,1,1
"32816",38591,1,3,2
"32817",38592,2,4,2
"32818",38593,5,3,-2
"32819",38594,5,3,-2
"32820",38595,0,1,1
"32821",38597,2,0,-2
"32822",38598,1,0,-1
"32823",38599,3,2,-1
"32824",38600,1,3,2
"32825",38601,1,0,-1
"32826",38602,12,20,8
"32827",38603,0,2,2
"32828",38606,1,0,-1
"32829",38607,1,5,4
"32830",38608,2,3,1
"32831",38609,4,14,10
"32832",38610,0,2,2
"32833",38611,2,5,3
"32834",38612,10,5,-5
"32835",38613,1,0,-1
"32836",38614,4,5,1
"32837",38615,16,7,-9
"32838",38616,1,1,0
"32839",38617,1,2,1
"32840",38618,1,0,-1
"32841",38619,0,4,4
"32842",38620,2,1,-1
"32843",38621,4,6,2
"32844",38622,4,10,6
"32845",38623,3,8,5
"32846",38624,25,17,-8
"32847",38625,2,0,-2
"32848",38626,5,5,0
"32849",38627,3,1,-2
"32850",38628,13,3,-10
"32851",38629,1,4,3
"32852",38631,0,1,1
"32853",38632,1,14,13
"32854",38633,1,0,-1
"32855",38634,1,4,3
"32856",38635,8,6,-2
"32857",38636,2,5,3
"32858",38637,1,0,-1
"32859",38638,2,1,-1
"32860",38639,30,19,-11
"32861",38640,1,4,3
"32862",38641,0,1,1
"32863",38642,2,4,2
"32864",38643,2,5,3
"32865",38645,1,8,7
"32866",38646,1,1,0
"32867",38647,0,4,4
"32868",38648,6,12,6
"32869",38649,11,16,5
"32870",38650,1,3,2
"32871",38651,4,5,1
"32872",38654,2,7,5
"32873",38655,2,0,-2
"32874",38656,0,1,1
"32875",38657,4,1,-3
"32876",38658,1,3,2
"32877",38659,11,3,-8
"32878",38660,0,1,1
"32879",38661,0,7,7
"32880",38662,28,8,-20
"32881",38663,4,2,-2
"32882",38664,16,23,7
"32883",38665,1,0,-1
"32884",38666,1,1,0
"32885",38667,4,15,11
"32886",38668,7,19,12
"32887",38669,8,25,17
"32888",38670,0,1,1
"32889",38671,0,1,1
"32890",38672,4,1,-3
"32891",38673,5,0,-5
"32892",38674,1,2,1
"32893",38676,6,7,1
"32894",38677,3,3,0
"32895",38678,0,2,2
"32896",38680,2,0,-2
"32897",38681,2,2,0
"32898",38682,3,6,3
"32899",38683,0,1,1
"32900",38686,1,2,1
"32901",38687,1,0,-1
"32902",38688,2,4,2
"32903",38689,1,4,3
"32904",38690,23,18,-5
"32905",38691,4,6,2
"32906",38692,4,3,-1
"32907",38693,1,0,-1
"32908",38694,4,5,1
"32909",38695,0,5,5
"32910",38696,2,3,1
"32911",38697,2,3,1
"32912",38699,1,1,0
"32913",38700,2,0,-2
"32914",38701,2,4,2
"32915",38702,5,7,2
"32916",38703,1,0,-1
"32917",38704,0,2,2
"32918",38705,0,1,1
"32919",38706,0,1,1
"32920",38707,7,6,-1
"32921",38708,2,7,5
"32922",38709,2,6,4
"32923",38710,1,4,3
"32924",38711,26,23,-3
"32925",38713,20,24,4
"32926",38714,3,5,2
"32927",38715,14,9,-5
"32928",38717,1,3,2
"32929",38718,2,5,3
"32930",38719,14,15,1
"32931",38720,2,0,-2
"32932",38721,1,1,0
"32933",38722,0,2,2
"32934",38723,1,0,-1
"32935",38724,0,5,5
"32936",38727,2,3,1
"32937",38728,8,17,9
"32938",38729,5,3,-2
"32939",38730,1,2,1
"32940",38731,0,2,2
"32941",38732,0,3,3
"32942",38734,1,3,2
"32943",38735,6,6,0
"32944",38736,0,1,1
"32945",38737,1,0,-1
"32946",38738,0,1,1
"32947",38739,3,14,11
"32948",38741,1,2,1
"32949",38742,6,3,-3
"32950",38743,5,1,-4
"32951",38744,1,0,-1
"32952",38745,4,5,1
"32953",38746,0,1,1
"32954",38747,3,0,-3
"32955",38748,1,4,3
"32956",38749,0,1,1
"32957",38751,0,3,3
"32958",38753,6,11,5
"32959",38754,0,3,3
"32960",38755,4,5,1
"32961",38757,4,7,3
"32962",38758,0,3,3
"32963",38759,3,3,0
"32964",38760,1,0,-1
"32965",38762,0,4,4
"32966",38764,2,1,-1
"32967",38765,3,4,1
"32968",38766,3,2,-1
"32969",38767,0,1,1
"32970",38768,0,2,2
"32971",38770,1,3,2
"32972",38772,3,2,-1
"32973",38773,3,1,-2
"32974",38775,0,1,1
"32975",38776,2,2,0
"32976",38777,1,3,2
"32977",38779,2,1,-1
"32978",38780,3,0,-3
"32979",38781,17,18,1
"32980",38782,2,4,2
"32981",38783,24,23,-1
"32982",38784,1,3,2
"32983",38786,0,1,1
"32984",38788,0,6,6
"32985",38789,2,1,-1
"32986",38790,1,0,-1
"32987",38791,0,3,3
"32988",38794,3,2,-1
"32989",38795,1,2,1
"32990",38796,0,1,1
"32991",38797,0,2,2
"32992",38798,1,0,-1
"32993",38799,8,23,15
"32994",38800,0,2,2
"32995",38801,0,1,1
"32996",38802,2,1,-1
"32997",38803,3,8,5
"32998",38804,2,0,-2
"32999",38806,0,7,7
"33000",38807,2,6,4
"33001",38808,0,2,2
"33002",38809,3,4,1
"33003",38810,15,9,-6
"33004",38811,4,6,2
"33005",38812,0,1,1
"33006",38813,0,1,1
"33007",38814,0,4,4
"33008",38815,0,5,5
"33009",38816,1,1,0
"33010",38817,8,17,9
"33011",38818,1,0,-1
"33012",38819,15,6,-9
"33013",38820,5,8,3
"33014",38821,19,24,5
"33015",38822,0,1,1
"33016",38823,1,0,-1
"33017",38825,5,1,-4
"33018",38826,1,0,-1
"33019",38827,0,2,2
"33020",38828,3,2,-1
"33021",38829,21,14,-7
"33022",38830,2,0,-2
"33023",38831,16,7,-9
"33024",38832,4,5,1
"33025",38833,0,1,1
"33026",38834,0,1,1
"33027",38835,9,8,-1
"33028",38837,1,3,2
"33029",38838,2,1,-1
"33030",38839,3,2,-1
"33031",38840,15,20,5
"33032",38841,1,1,0
"33033",38842,1,1,0
"33034",38843,6,7,1
"33035",38844,0,12,12
"33036",38845,1,0,-1
"33037",38846,0,2,2
"33038",38847,1,0,-1
"33039",38849,13,14,1
"33040",38850,1,5,4
"33041",38852,3,6,3
"33042",38853,0,1,1
"33043",38854,2,2,0
"33044",38855,2,1,-1
"33045",38857,3,5,2
"33046",38859,1,1,0
"33047",38861,2,6,4
"33048",38863,1,1,0
"33049",38864,4,6,2
"33050",38865,1,3,2
"33051",38866,1,1,0
"33052",38867,0,2,2
"33053",38868,7,4,-3
"33054",38869,0,1,1
"33055",38870,17,9,-8
"33056",38871,2,5,3
"33057",38872,0,2,2
"33058",38873,5,21,16
"33059",38874,3,1,-2
"33060",38875,3,6,3
"33061",38876,1,3,2
"33062",38877,2,1,-1
"33063",38878,0,1,1
"33064",38879,2,8,6
"33065",38880,1,3,2
"33066",38881,4,7,3
"33067",38882,0,7,7
"33068",38883,3,8,5
"33069",38884,0,1,1
"33070",38885,1,0,-1
"33071",38887,2,0,-2
"33072",38888,1,2,1
"33073",38889,1,8,7
"33074",38890,0,4,4
"33075",38891,0,1,1
"33076",38892,0,1,1
"33077",38893,0,1,1
"33078",38894,0,5,5
"33079",38895,3,3,0
"33080",38896,0,1,1
"33081",38897,2,1,-1
"33082",38899,1,1,0
"33083",38900,1,5,4
"33084",38901,4,6,2
"33085",38902,1,4,3
"33086",38903,0,1,1
"33087",38904,0,1,1
"33088",38905,2,5,3
"33089",38906,0,1,1
"33090",38908,3,8,5
"33091",38909,4,5,1
"33092",38910,1,0,-1
"33093",38911,7,6,-1
"33094",38912,3,0,-3
"33095",38913,0,1,1
"33096",38914,4,2,-2
"33097",38915,5,1,-4
"33098",38916,14,22,8
"33099",38917,10,5,-5
"33100",38918,4,1,-3
"33101",38919,21,18,-3
"33102",38920,0,2,2
"33103",38921,3,6,3
"33104",38922,1,2,1
"33105",38924,2,0,-2
"33106",38925,0,1,1
"33107",38926,2,3,1
"33108",38927,1,5,4
"33109",38928,1,0,-1
"33110",38929,1,9,8
"33111",38930,0,13,13
"33112",38931,11,22,11
"33113",38932,1,2,1
"33114",38933,1,1,0
"33115",38934,2,8,6
"33116",38935,7,5,-2
"33117",38936,3,5,2
"33118",38937,4,3,-1
"33119",38938,1,0,-1
"33120",38939,0,2,2
"33121",38940,5,11,6
"33122",38942,3,5,2
"33123",38943,1,1,0
"33124",38944,1,2,1
"33125",38945,0,1,1
"33126",38946,4,6,2
"33127",38947,0,1,1
"33128",38948,1,4,3
"33129",38949,0,3,3
"33130",38950,0,1,1
"33131",38951,0,4,4
"33132",38952,0,2,2
"33133",38953,0,4,4
"33134",38954,2,0,-2
"33135",38957,0,3,3
"33136",38958,0,1,1
"33137",38959,0,1,1
"33138",38960,0,1,1
"33139",38961,3,10,7
"33140",38962,0,1,1
"33141",38963,3,3,0
"33142",38964,5,1,-4
"33143",38965,2,3,1
"33144",38966,1,2,1
"33145",38967,0,1,1
"33146",38968,2,1,-1
"33147",38969,0,1,1
"33148",38970,2,1,-1
"33149",38971,1,1,0
"33150",38972,0,2,2
"33151",38973,0,1,1
"33152",38975,14,16,2
"33153",38976,1,2,1
"33154",38977,4,7,3
"33155",38978,0,3,3
"33156",38980,3,6,3
"33157",38981,2,1,-1
"33158",38982,0,2,2
"33159",38983,1,3,2
"33160",38984,6,9,3
"33161",38986,2,0,-2
"33162",38987,1,0,-1
"33163",38988,0,1,1
"33164",38989,0,1,1
"33165",38990,1,1,0
"33166",38991,8,6,-2
"33167",38993,3,1,-2
"33168",38994,1,2,1
"33169",38995,4,5,1
"33170",38996,1,0,-1
"33171",38998,1,0,-1
"33172",38999,0,1,1
"33173",39000,1,0,-1
"33174",39001,14,22,8
"33175",39002,0,1,1
"33176",39003,36,35,-1
"33177",39004,5,3,-2
"33178",39005,2,4,2
"33179",39006,3,6,3
"33180",39007,2,0,-2
"33181",39008,5,2,-3
"33182",39009,0,3,3
"33183",39010,4,2,-2
"33184",39011,0,2,2
"33185",39012,2,0,-2
"33186",39013,1,2,1
"33187",39014,0,4,4
"33188",39017,1,2,1
"33189",39018,1,1,0
"33190",39019,5,30,25
"33191",39020,1,0,-1
"33192",39021,0,2,2
"33193",39022,0,3,3
"33194",39023,3,2,-1
"33195",39024,0,1,1
"33196",39025,2,1,-1
"33197",39026,0,2,2
"33198",39027,0,1,1
"33199",39028,2,6,4
"33200",39029,1,0,-1
"33201",39030,2,0,-2
"33202",39032,0,1,1
"33203",39033,1,4,3
"33204",39036,37,16,-21
"33205",39037,0,4,4
"33206",39038,0,3,3
"33207",39039,2,2,0
"33208",39040,0,6,6
"33209",39042,2,2,0
"33210",39043,0,2,2
"33211",39044,1,3,2
"33212",39045,2,2,0
"33213",39046,1,1,0
"33214",39047,1,3,2
"33215",39048,0,1,1
"33216",39049,0,1,1
"33217",39050,0,2,2
"33218",39051,0,1,1
"33219",39052,5,5,0
"33220",39053,0,2,2
"33221",39054,3,4,1
"33222",39055,5,1,-4
"33223",39056,1,0,-1
"33224",39057,6,3,-3
"33225",39059,0,1,1
"33226",39060,2,2,0
"33227",39061,3,8,5
"33228",39062,1,6,5
"33229",39063,3,10,7
"33230",39064,0,1,1
"33231",39066,2,1,-1
"33232",39067,0,2,2
"33233",39068,2,0,-2
"33234",39069,0,1,1
"33235",39070,0,1,1
"33236",39071,0,1,1
"33237",39072,2,1,-1
"33238",39073,0,1,1
"33239",39074,5,1,-4
"33240",39075,0,4,4
"33241",39076,1,3,2
"33242",39077,4,2,-2
"33243",39078,0,1,1
"33244",39080,3,1,-2
"33245",39081,0,1,1
"33246",39083,4,3,-1
"33247",39084,1,4,3
"33248",39085,2,8,6
"33249",39086,1,2,1
"33250",39088,0,1,1
"33251",39089,0,2,2
"33252",39090,0,2,2
"33253",39092,11,24,13
"33254",39093,1,0,-1
"33255",39094,3,1,-2
"33256",39095,0,2,2
"33257",39096,2,6,4
"33258",39097,1,10,9
"33259",39098,6,5,-1
"33260",39099,5,30,25
"33261",39100,0,1,1
"33262",39101,0,7,7
"33263",39103,0,1,1
"33264",39104,0,1,1
"33265",39106,9,4,-5
"33266",39107,2,35,33
"33267",39108,3,9,6
"33268",39109,0,5,5
"33269",39110,1,5,4
"33270",39111,0,2,2
"33271",39112,5,1,-4
"33272",39113,1,5,4
"33273",39114,1,2,1
"33274",39115,2,2,0
"33275",39116,0,3,3
"33276",39117,6,1,-5
"33277",39119,0,1,1
"33278",39120,0,2,2
"33279",39121,5,1,-4
"33280",39122,0,1,1
"33281",39123,0,2,2
"33282",39124,0,1,1
"33283",39125,0,1,1
"33284",39126,2,1,-1
"33285",39127,2,2,0
"33286",39128,2,0,-2
"33287",39129,0,3,3
"33288",39130,3,5,2
"33289",39131,1,0,-1
"33290",39132,3,7,4
"33291",39133,4,3,-1
"33292",39134,0,1,1
"33293",39135,4,5,1
"33294",39136,2,1,-1
"33295",39137,0,1,1
"33296",39138,4,6,2
"33297",39139,1,0,-1
"33298",39140,1,3,2
"33299",39141,2,4,2
"33300",39142,3,2,-1
"33301",39143,1,0,-1
"33302",39144,3,6,3
"33303",39145,2,0,-2
"33304",39146,1,3,2
"33305",39147,0,2,2
"33306",39148,0,9,9
"33307",39149,5,8,3
"33308",39150,1,1,0
"33309",39151,1,2,1
"33310",39152,0,1,1
"33311",39153,0,1,1
"33312",39154,0,1,1
"33313",39155,0,1,1
"33314",39156,0,2,2
"33315",39157,0,2,2
"33316",39158,2,1,-1
"33317",39160,10,3,-7
"33318",39161,0,1,1
"33319",39162,3,8,5
"33320",39163,3,2,-1
"33321",39164,6,8,2
"33322",39165,4,2,-2
"33323",39166,4,3,-1
"33324",39167,0,2,2
"33325",39168,0,1,1
"33326",39169,1,3,2
"33327",39170,0,1,1
"33328",39171,0,5,5
"33329",39172,4,5,1
"33330",39173,1,0,-1
"33331",39174,4,6,2
"33332",39176,13,5,-8
"33333",39177,3,2,-1
"33334",39178,0,1,1
"33335",39179,0,1,1
"33336",39180,1,2,1
"33337",39181,9,13,4
"33338",39183,0,1,1
"33339",39185,4,5,1
"33340",39186,0,1,1
"33341",39187,1,1,0
"33342",39188,1,0,-1
"33343",39189,0,1,1
"33344",39190,0,1,1
"33345",39191,0,1,1
"33346",39192,0,1,1
"33347",39193,2,0,-2
"33348",39195,2,1,-1
"33349",39196,2,5,3
"33350",39197,1,0,-1
"33351",39198,0,2,2
"33352",39199,25,18,-7
"33353",39200,0,1,1
"33354",39201,2,0,-2
"33355",39202,0,2,2
"33356",39203,2,6,4
"33357",39204,6,1,-5
"33358",39206,1,3,2
"33359",39207,0,1,1
"33360",39208,9,15,6
"33361",39209,1,3,2
"33362",39210,0,1,1
"33363",39212,4,3,-1
"33364",39213,6,1,-5
"33365",39215,5,5,0
"33366",39216,1,8,7
"33367",39217,3,7,4
"33368",39218,0,12,12
"33369",39220,2,2,0
"33370",39221,2,0,-2
"33371",39222,0,1,1
"33372",39223,1,4,3
"33373",39224,3,0,-3
"33374",39225,0,1,1
"33375",39226,0,1,1
"33376",39228,10,10,0
"33377",39229,0,1,1
"33378",39230,4,3,-1
"33379",39231,1,4,3
"33380",39232,0,6,6
"33381",39233,5,3,-2
"33382",39234,0,1,1
"33383",39235,0,1,1
"33384",39236,2,9,7
"33385",39237,3,1,-2
"33386",39238,3,14,11
"33387",39239,1,2,1
"33388",39240,4,6,2
"33389",39241,1,0,-1
"33390",39242,2,0,-2
"33391",39243,0,4,4
"33392",39244,1,9,8
"33393",39245,0,1,1
"33394",39246,0,5,5
"33395",39247,1,0,-1
"33396",39248,2,0,-2
"33397",39249,5,8,3
"33398",39250,1,3,2
"33399",39251,6,7,1
"33400",39252,1,1,0
"33401",39253,1,1,0
"33402",39254,0,1,1
"33403",39255,2,6,4
"33404",39256,0,1,1
"33405",39258,1,1,0
"33406",39259,6,6,0
"33407",39261,1,1,0
"33408",39262,4,15,11
"33409",39263,2,0,-2
"33410",39264,0,2,2
"33411",39265,5,1,-4
"33412",39267,0,2,2
"33413",39268,1,0,-1
"33414",39269,0,1,1
"33415",39271,1,4,3
"33416",39272,0,2,2
"33417",39273,1,0,-1
"33418",39274,6,3,-3
"33419",39275,14,21,7
"33420",39276,0,4,4
"33421",39277,0,1,1
"33422",39279,3,7,4
"33423",39280,0,7,7
"33424",39281,1,3,2
"33425",39283,1,4,3
"33426",39284,8,16,8
"33427",39286,0,1,1
"33428",39287,0,2,2
"33429",39288,1,3,2
"33430",39289,6,1,-5
"33431",39290,2,5,3
"33432",39291,12,13,1
"33433",39293,0,1,1
"33434",39294,3,10,7
"33435",39295,0,1,1
"33436",39297,1,4,3
"33437",39298,0,3,3
"33438",39299,1,0,-1
"33439",39300,3,2,-1
"33440",39301,0,3,3
"33441",39302,0,1,1
"33442",39303,2,1,-1
"33443",39304,0,1,1
"33444",39305,4,0,-4
"33445",39306,0,2,2
"33446",39307,0,6,6
"33447",39308,1,3,2
"33448",39309,5,5,0
"33449",39310,0,2,2
"33450",39311,6,9,3
"33451",39312,5,5,0
"33452",39313,1,0,-1
"33453",39314,14,16,2
"33454",39315,0,6,6
"33455",39316,3,5,2
"33456",39317,3,2,-1
"33457",39318,1,5,4
"33458",39319,1,1,0
"33459",39320,0,1,1
"33460",39321,3,8,5
"33461",39324,0,1,1
"33462",39325,0,2,2
"33463",39326,2,6,4
"33464",39327,1,0,-1
"33465",39328,2,1,-1
"33466",39329,1,3,2
"33467",39330,0,1,1
"33468",39331,2,3,1
"33469",39332,1,3,2
"33470",39333,1,2,1
"33471",39334,0,1,1
"33472",39335,2,1,-1
"33473",39336,0,1,1
"33474",39337,1,2,1
"33475",39338,1,4,3
"33476",39339,0,1,1
"33477",39343,3,4,1
"33478",39344,0,1,1
"33479",39345,1,1,0
"33480",39346,0,1,1
"33481",39347,0,1,1
"33482",39349,2,3,1
"33483",39350,2,1,-1
"33484",39351,0,2,2
"33485",39352,1,3,2
"33486",39353,0,1,1
"33487",39354,0,2,2
"33488",39355,1,0,-1
"33489",39356,0,2,2
"33490",39358,1,2,1
"33491",39359,1,3,2
"33492",39361,1,3,2
"33493",39362,1,0,-1
"33494",39363,4,4,0
"33495",39364,2,3,1
"33496",39365,2,0,-2
"33497",39367,1,2,1
"33498",39368,1,1,0
"33499",39369,1,0,-1
"33500",39370,2,2,0
"33501",39371,3,3,0
"33502",39372,1,3,2
"33503",39373,2,0,-2
"33504",39374,0,2,2
"33505",39375,1,3,2
"33506",39376,2,3,1
"33507",39377,0,1,1
"33508",39380,0,4,4
"33509",39381,1,3,2
"33510",39383,3,1,-2
"33511",39384,0,1,1
"33512",39385,1,2,1
"33513",39386,1,2,1
"33514",39387,3,3,0
"33515",39388,0,3,3
"33516",39389,0,2,2
"33517",39391,2,2,0
"33518",39393,1,1,0
"33519",39394,0,3,3
"33520",39396,0,2,2
"33521",39398,2,1,-1
"33522",39399,0,1,1
"33523",39401,0,2,2
"33524",39402,2,0,-2
"33525",39403,0,1,1
"33526",39404,1,1,0
"33527",39405,0,3,3
"33528",39407,1,2,1
"33529",39408,1,2,1
"33530",39409,0,3,3
"33531",39411,0,1,1
"33532",39412,0,1,1
"33533",39413,1,10,9
"33534",39414,0,2,2
"33535",39415,2,1,-1
"33536",39416,0,3,3
"33537",39417,0,1,1
"33538",39419,2,3,1
"33539",39420,0,10,10
"33540",39421,3,5,2
"33541",39422,0,2,2
"33542",39424,8,4,-4
"33543",39426,3,4,1
"33544",39427,0,2,2
"33545",39428,0,2,2
"33546",39433,1,3,2
"33547",39435,0,1,1
"33548",39436,0,1,1
"33549",39437,1,0,-1
"33550",39438,5,7,2
"33551",39439,1,2,1
"33552",39440,1,1,0
"33553",39442,0,1,1
"33554",39443,0,3,3
"33555",39444,0,1,1
"33556",39445,1,0,-1
"33557",39446,5,2,-3
"33558",39447,3,3,0
"33559",39449,2,6,4
"33560",39450,1,3,2
"33561",39454,0,1,1
"33562",39455,2,0,-2
"33563",39456,1,2,1
"33564",39457,0,2,2
"33565",39458,0,2,2
"33566",39459,4,1,-3
"33567",39461,1,0,-1
"33568",39462,2,0,-2
"33569",39464,1,2,1
"33570",39465,2,7,5
"33571",39466,2,2,0
"33572",39468,4,9,5
"33573",39469,9,6,-3
"33574",39470,5,17,12
"33575",39471,0,2,2
"33576",39472,2,6,4
"33577",39473,4,4,0
"33578",39474,1,2,1
"33579",39475,1,2,1
"33580",39476,0,5,5
"33581",39478,1,0,-1
"33582",39480,5,16,11
"33583",39481,2,3,1
"33584",39482,1,0,-1
"33585",39483,2,4,2
"33586",39484,0,4,4
"33587",39485,0,3,3
"33588",39486,1,0,-1
"33589",39489,1,1,0
"33590",39491,1,2,1
"33591",39492,0,1,1
"33592",39493,2,1,-1
"33593",39494,1,1,0
"33594",39495,3,1,-2
"33595",39496,0,5,5
"33596",39497,0,2,2
"33597",39498,2,0,-2
"33598",39499,1,0,-1
"33599",39500,0,1,1
"33600",39501,0,1,1
"33601",39502,2,1,-1
"33602",39503,3,1,-2
"33603",39504,0,2,2
"33604",39505,2,3,1
"33605",39506,0,1,1
"33606",39507,0,2,2
"33607",39508,10,4,-6
"33608",39509,5,13,8
"33609",39510,0,1,1
"33610",39511,1,0,-1
"33611",39512,0,1,1
"33612",39513,0,3,3
"33613",39514,1,0,-1
"33614",39515,0,1,1
"33615",39517,4,4,0
"33616",39518,2,2,0
"33617",39519,1,1,0
"33618",39520,4,15,11
"33619",39522,1,3,2
"33620",39523,2,8,6
"33621",39524,2,1,-1
"33622",39525,3,2,-1
"33623",39526,0,2,2
"33624",39527,2,2,0
"33625",39530,1,0,-1
"33626",39532,0,1,1
"33627",39533,0,1,1
"33628",39536,1,1,0
"33629",39538,0,1,1
"33630",39540,3,2,-1
"33631",39542,2,2,0
"33632",39543,1,0,-1
"33633",39544,0,1,1
"33634",39546,0,3,3
"33635",39547,2,3,1
"33636",39548,0,1,1
"33637",39549,2,0,-2
"33638",39550,1,1,0
"33639",39551,4,5,1
"33640",39552,0,2,2
"33641",39553,0,1,1
"33642",39555,0,2,2
"33643",39557,1,1,0
"33644",39560,4,5,1
"33645",39561,2,2,0
"33646",39562,3,0,-3
"33647",39564,0,1,1
"33648",39566,1,0,-1
"33649",39567,1,0,-1
"33650",39568,1,1,0
"33651",39570,1,1,0
"33652",39571,1,2,1
"33653",39572,1,1,0
"33654",39574,2,2,0
"33655",39575,2,0,-2
"33656",39576,2,2,0
"33657",39578,1,0,-1
"33658",39579,0,2,2
"33659",39581,1,2,1
"33660",39583,4,1,-3
"33661",39584,0,2,2
"33662",39585,0,2,2
"33663",39586,0,1,1
"33664",39587,1,0,-1
"33665",39588,0,1,1
"33666",39589,0,7,7
"33667",39591,1,0,-1
"33668",39593,3,2,-1
"33669",39595,1,2,1
"33670",39596,1,1,0
"33671",39597,1,1,0
"33672",39598,2,2,0
"33673",39602,9,16,7
"33674",39605,7,5,-2
"33675",39606,0,5,5
"33676",39607,4,3,-1
"33677",39609,1,0,-1
"33678",39610,1,2,1
"33679",39613,3,2,-1
"33680",39614,1,4,3
"33681",39616,2,0,-2
"33682",39618,0,2,2
"33683",39621,1,6,5
"33684",39622,1,0,-1
"33685",39623,4,5,1
"33686",39624,0,2,2
"33687",39625,0,1,1
"33688",39626,2,4,2
"33689",39628,1,0,-1
"33690",39631,2,2,0
"33691",39634,2,4,2
"33692",39635,1,0,-1
"33693",39636,1,2,1
"33694",39638,1,1,0
"33695",39639,7,6,-1
"33696",39641,2,1,-1
"33697",39642,0,6,6
"33698",39644,1,1,0
"33699",39646,0,2,2
"33700",39647,4,6,2
"33701",39650,1,0,-1
"33702",39651,0,1,1
"33703",39652,1,0,-1
"33704",39653,1,0,-1
"33705",39654,1,1,0
"33706",39657,1,0,-1
"33707",39658,0,1,1
"33708",39659,8,5,-3
"33709",39663,1,3,2
"33710",39666,41,26,-15
"33711",39667,0,2,2
"33712",39668,0,1,1
"33713",39669,0,2,2
"33714",39670,1,2,1
"33715",39671,0,2,2
"33716",39672,4,3,-1
"33717",39673,0,2,2
"33718",39674,9,9,0
"33719",39675,1,0,-1
"33720",39676,1,2,1
"33721",39677,1,0,-1
"33722",39680,1,1,0
"33723",39683,1,4,3
"33724",39684,1,0,-1
"33725",39685,2,0,-2
"33726",39686,0,2,2
"33727",39688,5,0,-5
"33728",39690,3,2,-1
"33729",39691,1,0,-1
"33730",39693,1,1,0
"33731",39696,38,16,-22
"33732",39697,2,0,-2
"33733",39700,0,2,2
"33734",39706,0,1,1
"33735",39707,2,1,-1
"33736",39708,6,11,5
"33737",39709,3,6,3
"33738",39712,1,0,-1
"33739",39713,1,1,0
"33740",39714,1,0,-1
"33741",39715,5,6,1
"33742",39716,1,0,-1
"33743",39718,0,1,1
"33744",39719,0,5,5
"33745",39720,1,0,-1
"33746",39721,0,2,2
"33747",39722,0,1,1
"33748",39724,1,0,-1
"33749",39725,4,6,2
"33750",39726,5,3,-2
"33751",39728,2,2,0
"33752",39729,0,1,1
"33753",39730,2,2,0
"33754",39731,8,5,-3
"33755",39734,1,1,0
"33756",39735,1,0,-1
"33757",39736,3,0,-3
"33758",39738,3,5,2
"33759",39741,0,2,2
"33760",39742,0,1,1
"33761",39744,4,5,1
"33762",39745,1,1,0
"33763",39746,5,6,1
"33764",39748,2,1,-1
"33765",39749,1,4,3
"33766",39751,2,0,-2
"33767",39754,1,0,-1
"33768",39755,2,0,-2
"33769",39758,1,1,0
"33770",39759,2,2,0
"33771",39760,1,0,-1
"33772",39761,1,2,1
"33773",39764,0,1,1
"33774",39765,0,1,1
"33775",39766,0,1,1
"33776",39768,1,0,-1
"33777",39769,0,1,1
"33778",39770,0,1,1
"33779",39771,2,2,0
"33780",39772,2,1,-1
"33781",39773,2,0,-2
"33782",39774,0,4,4
"33783",39775,2,3,1
"33784",39778,0,12,12
"33785",39780,1,0,-1
"33786",39781,0,1,1
"33787",39782,0,3,3
"33788",39783,2,0,-2
"33789",39784,0,1,1
"33790",39785,4,1,-3
"33791",39786,6,2,-4
"33792",39787,3,2,-1
"33793",39789,1,0,-1
"33794",39790,2,0,-2
"33795",39791,0,3,3
"33796",39792,0,1,1
"33797",39794,4,1,-3
"33798",39796,0,1,1
"33799",39797,3,11,8
"33800",39801,1,2,1
"33801",39802,1,0,-1
"33802",39803,1,0,-1
"33803",39804,2,4,2
"33804",39806,2,2,0
"33805",39808,0,1,1
"33806",39809,2,1,-1
"33807",39810,5,5,0
"33808",39811,1,1,0
"33809",39812,0,1,1
"33810",39814,2,3,1
"33811",39816,1,1,0
"33812",39818,1,0,-1
"33813",39819,1,0,-1
"33814",39820,0,1,1
"33815",39821,0,1,1
"33816",39822,0,1,1
"33817",39823,0,2,2
"33818",39824,0,1,1
"33819",39825,0,1,1
"33820",39826,1,1,0
"33821",39827,0,1,1
"33822",39828,1,0,-1
"33823",39830,6,13,7
"33824",39831,1,1,0
"33825",39832,2,10,8
"33826",39835,0,2,2
"33827",39836,2,0,-2
"33828",39837,1,2,1
"33829",39839,0,1,1
"33830",39840,1,0,-1
"33831",39841,1,0,-1
"33832",39844,2,2,0
"33833",39845,5,2,-3
"33834",39846,1,1,0
"33835",39848,2,8,6
"33836",39849,2,4,2
"33837",39850,0,2,2
"33838",39851,2,2,0
"33839",39852,1,0,-1
"33840",39853,0,4,4
"33841",39855,0,1,1
"33842",39856,1,4,3
"33843",39858,1,2,1
"33844",39859,0,1,1
"33845",39860,0,1,1
"33846",39861,1,0,-1
